00110000100011010111001111100001
00001100110001100111100011011101
00110001101011010111001111100001
01000000110001100111000010011101
00110000100011010011001111100001
01000000110001100111000010011101
00110000100011010011001111100001
01000000110001100111100010011101
00110000100011010111001111100001
01000000110001100111000011011101
00110001100011010111001111100001
01000000110001100111000010011101
00110001100011010011001111100001
01000000110001100111000010011101
00110001100011010111001111100001
01000000110001100111000010011101
00110001100011010011001111100001
01000000110001100111000010011101
00110001101011010111001111100001
01000000110001100111000010011101
00110001100011010011001111100001
01000000110001100111000010011101
00110000100011010011001111100001
01000000110001100111000010011101
00110000100011010011001111100001
01000000110001100111100010011101
00110001100011010011001111100001
01000000110001100111100010011101
00110000100011010011001111100001
01000000110001100111000010011101
00110000100011010111001111100001
01000000110001100111000010011101
00110000100011010111001111100001
01000000110001100111000010011101
00110001101011010111001111100001
01000000110001100111000010011101
00110001100011010111001111100001
01000000110001100111000010011101
00110001100011010011001111100001
01000000110001100111000010011101
00110001101011010011001111100001
01001000110001100111000011011101
00110001101011010011001111100001
01001000110001100111000011011101
00110001101011010011001111100001
01001000110001100111000011011101
00110001101011010011001111100001
01001000110001100111000011011101
01110001100011010011001111100001
01000000110001100111000011011101
01110001111011010111001111100001
01000000110001100111000011011101
01110001111011010011001111100001
01000000110001100111000011011101
01110001101011010111001111100001
01001000110001100111000011011101
01110001101011010011001111100001
01001000110001100111000011011101
01110001111011010111001111100001
01001000110001100111000011011101
01110001111011010111001111100001
01001000110001100111000011011101
10111001111001110110011001111101
01001001111110000100000000111001
00110100100111000011001111100111
00111100010100110111100111010101
10110001101011011110011101100100
01001100111100100111110011110101
00110001100011011110011101111100
01001100111100111111110000111101
00110000100011011010011001110000
01001100101001111111110011011101
00111000100011011110001001100110
01001100111100100111110011111101
00110001100010011010011001100100
01001100101101101111110011110101
01110001100011011010011001100100
01001100111101111111110010010101
10110001100010011010011001111100
01001100101100100111110011110101
00110000100011001010001001100110
01001100011001101111110011010101
11110001100010111110011101100100
01001100111101101111110011110101
10110001110000111010011000111100
01001101111100111111110011111101
10110000100000111010011001111100
01001100111100111111110111111101
00110000100011011010001001100100
01001100101100111111110111011101
00110000100011011010011101100100
01001100101101111111110011010101
00110001100011001011011101100100
01001100111101101111110011010101
00110001100011011010011101100100
01001100111101100111110011110101
10110001100001011010011001100100
01001100111101101111110011110101
10110001110000111010011000111100
01001101101100001111110111110101
11110001111000111010011000111100
01001110101110011111110111110100
11110001111001101010011000111110
01101110001110111111110101110100
10110000101001001010011000111110
01111100001110111111010101110100
10110000101001001010011000111110
00111100001110111111010101110100
10110000101001001010011000101110
00101100001110111111010101100100
10110000101001011010011000111110
00101100001110111111110101100101
10110000100001011010011000101110
00101100011110111111110101110101
10110000100011011010011000101100
01111100001100101111110111110101
10110000100011001010011001100100
01011100001101111111110011010101
10110000100010011110001001100100
01001100110100100111110011110101
01110000100011011010001001100100
01001100111101110111110011010101
11110001100001011010001001101100
01001100111101100111110011110101
11110001110001111010001001111000
01001100101101010111100011110101
10111001111000111110011000111100
01001011111110000100100000101001
00110100100111000011001111100111
00111100010100100111100011010101
00110001100011010111001101100100
01001100110101100111110011110101
00110001100011010111011101110100
01001100111101101111110000111101
00110000100011001011011101100000
01001100111001111111110010011101
00111001100010111110001001110100
01001000111100100111110011111101
00110001100010111010011001100100
01001100111101101111110010011101
00110001100010011010011001100100
01001100111101111111110010110101
00110001100010011010011101100100
01001100101101101111110011010101
10110001100010011110001001111100
01001100111100110111110111110101
10110001100000111010011001100100
01001100111101101111110010110101
00111001110000111110001001100110
01001101011101101111110000100101
10010001100010101011001110110000
01011101010001101111110010110101
11110001100010100010001111110100
01111100110000110111110111011101
11110001110000101110001001100111
01101100010100110111110111111101
10110001100000101010011100101100
01101100011100101111110111110101
10110001100000111010011000111100
01101100001100111111110111100101
10110001110000101010011000111110
01101101001110111111110111100101
11110000111000101010011000111000
11011110101010011111110111010100
11110010111001101110011000101110
01101111011110011111011101110100
11110011111001101010011000101100
01111101011101001111010101100100
11110011111000101010011000001100
01111101011101101111110111100100
11110101111000101010011100011100
00111101011100111111111111100100
11110101111000101010011000011100
00111111011100110111110111100000
11110000101001101010011000001110
00101110011100111111010101100000
11110000101001101010011000111100
00111100001110111111010101100000
10110000101001011010011001101110
00101100011110110111010101100001
00110000100011011010011001101110
00101100001100101111110101100101
10110000100011011010011101101100
00111100001101101111110111110101
10110001100010011010011001101100
01001100001100111111110111110101
10110001100000111010001001101100
01001100101101111111100111110101
10110001110010011010001001101100
01001100101001101111100011010101
10111001110000111110011000111100
01001011111110000100100000101001
00110100100110000111001111100111
00111100010100100111100111010101
00110001100010111010011101100100
01001100011101101111110011110101
10110001100010111010011101111100
01001100111100101111110111110101
00110000100001001010011001100010
01001100111000111111110110011101
10110001100010011110011001100100
01001100101100100111110011111101
00110001100001011110011001100100
01001100111110110111110000111101
00110001100011011010011001101000
01001100101101111111110011010101
00110000100011001010011001100110
01001100101101111111110011010101
10110001100011011110011001101100
01001100111100100111110011110101
10111001100000111110011001101100
01001100111100100111110100111101
00011001110000111110001001100110
01001001111100000101110100101001
10010010000010111011101110100000
11010100001001111011100010000101
11110000110010101110101011110110
11111110000010110111111111010101
11110001111000101110001001111110
01101111110110100111111111111101
10110001110000101010011000111110
01101100001110111111110101100101
10110000101000101010011000111100
11111110001110111111110111010100
11110000111001101010011000111110
11111110101110011111011101011100
11110010111001001010011000100110
01111100011111101111011101110100
10111011111001111110011000001100
01101101011101000111010101100000
10111011110000111010011000011000
01110101011100011111100110100100
10010011110000111010001000011100
01110101011100011111100110100100
11010010110000101010101000000110
01110101001001111111101111100101
11010110110000101110101110000110
00111111010101101111101111100101
11110101110010101110001100011100
10111111010100111111101111100111
11110111111000101110011100000110
00111111010100111111110111100001
11110101101010101110011100011100
00111111011100111111100111100011
11110101101001111010011001111111
00101100011100110111110101100001
10110000100001011010011001101110
00101100001100111111110101100001
10110000100011011010011001101110
00101100001100111111110111100101
10110000100011011010011000111100
01001100101100111111100111010101
10110000100001011010001001101110
01001100101111110111100011010101
10111011111000111110011000111100
01001011101110000100100000101100
10110000100010000011001101111111
00111100000100110111100111110101
10110001100000111010011000111110
01101100001110111111110101100101
10110000100000101010011000101110
00101100001110101111110101100101
10110000100011001010011000101110
00101100001100111111110111110101
10110000100011001010011001100100
01001100001101101111110111110101
10110001100010111110011001101100
01001100111100100111110011111101
01110001100011011010011001100000
01001100111001111111110011010101
00110001100011001010011101110100
01001100111101100111110011110101
00110001100011011110011001100100
01001100111101100111110011110101
10110001100011110110011001111100
01001100101110100111110010111101
10111001101000110110011000111100
11001010101110010001100100101001
00110010000101001010111001101010
11001100001011111011110000010101
10110010101111001111101000101110
01011100001111100111111001010100
10110000101010001110011000111110
01111110101110000111111101110100
11110000101001001010011000111110
11111110101110011111011101110100
11110010101001001010011000101110
01111110001110111111011101110100
11110010101001001010011100000110
01111100011101101111011001110110
11111101111001101110001000011100
01101101011100000111010101101010
10111001110000111010011000011100
01100101111100001001100100101000
10010011110000111010011000001000
11000100101010011001100100101101
10011010110000111010100000001110
11000110101110011011100100101101
10001010100100111010100010001110
11010100001010111111101110010101
10001010100110111010101010011110
01110100101010111111101111010101
10000010100100101110101011000110
01110100000001101111101111010101
11010110100010101110101100011100
00110100010100100111101111100101
11110010100010101010011100010100
10111110000000111111101111010101
11110100111000101110011000111110
10101110010110110111101101110101
11110101101001111110011001101111
00101100011100110101000101100001
00110001100001011010011101100110
00101100011100111101100100100001
00110000100011001010011100100000
01111100001001111111100011010101
11110001110010101010001001111100
01001100111100110111100111110101
10111001110000111110011000111100
01001011111110000100100000101100
10110000101010001010011101111110
00111100000100100111111111110101
11110000101011101010011000111000
11111110101010011011011111010100
11110000111001101110011001111111
00101110011110110111011101111000
00110010101001011010011001101110
00101100011100101101010101100001
00110000100011011011011100100000
00111100001101101111110110100101
10110001100010011010011101100100
01001100101101101111110011110101
01110001100001011110011001100100
01001100111101110111110011111101
00110001100011001010001101100100
01001100111101101111110011110101
10110001100010111110001101110100
01001100111101100111110011110101
01110001100010111110011001100100
01001100111101101111110011010101
11110001111010110111011100100100
11001010100001101101010001011101
11110001111001001110011000111011
11001001011001011101010101011100
10111001101001001010001000111011
01011101011100000111011111110100
10110011101011001010001100100000
01111100001101001111011011110110
11110011111000101110001100000100
01111111011101001110011011110110
11110101111000101110001100011101
01101101011100000110011111101010
10110101110001101010001000011000
01110101011100011111100111100000
10111001110000111110011000011100
11101110101110010101100101101001
10010011110000111110011001000100
11001110111110101001100100101001
00010011100000111010111100000000
11000100011001111001100100001101
11010010100110111010101110010000
11010100101001011011100010011101
11100010110111011110101011011011
11010010101010110011101011011101
00100010100111011110101011000111
01010000001011100111101001011101
10001010100110011110101011011111
01010100111100100111100111111101
10010010100110011010101010010000
11010100101000111011100011010101
11100010110101001110101011000110
11010100000001111111101011010101
11100110101010101110001100011100
00111110010100100111101011110111
11110101111010110110011101011111
10101110010100110101100101101001
00110101101001111010011101101111
00101100011100111101100100100001
00110000100111011011111101100000
00111100001001111111100110000101
10110000100010001010001101101100
01011100001100101111100011010101
10111001111000111110011000111100
01001011101110000100100000101100
10110000100010101010001100111100
01111100001100101111101111110101
11110010111001001010101000000010
11011101001001111110111011010110
11100101111010100110001100011100
00111111010100100111001101101010
11110101101001111010011101111101
00101101011100110101000100100001
00110001100111011010011101100001
00101100001000111101110110000001
00110000100011001011011101100100
01101100001100111111110011010101
10110001100010011110011001101100
01001100111100100111110011110101
00110001100001011010011001101110
01001100111100101111110110110101
10110001100010011010011000100100
01001100101101101111110011010101
11110001110000111010011000111100
01001100101110111111110111110101
11110011111001111010011000100100
11011110001011101111010001010100
11110011111001101110011000101110
01001101011101000111010101111100
10111001110001111010001000111100
01101101011100000111110110101000
10011011110000101010101000111000
01110101001001011111100110000100
10011010110000101010101010011110
01110101001100010110101111110100
10001011110000111110001000011100
01110110100110000111101111100101
11010010110100111010101000001010
11010100001001111111100110000101
11000010100010111110011100011100
11010110100010101111100011110101
10100111110000110110011001011100
10001110111110100001100100101001
00010011100101111010011001000011
11000100111000111001100100001101
01010010100111011011101110000000
11010100001001111011100010010101
11110010111111001111101111110101
11010010110001100111101011011101
11101010111001010110001011111111
01000000111110100111101101111101
10111010100011010010011001111000
11000100101010110011100011011101
01110010100101001010101001000011
11010100001011111111101011010101
11101010101011001110101000011010
01010100101110010111101111010101
10100010101111001010101001000110
01010100001001100111101011010111
11100100101010110111011100010100
10111110010100100111100011110011
11110101101000110110011101111101
10101110011100110101100101101001
00110000100001011010011101100011
00101100011000111101100100000001
00110000100011001011001101100000
00111100001001111111100011010101
10111001111000111110011000111100
01001011111110000100100000101100
10010010100010101010101110010000
01110100001001111011100011010101
11110010110001101010101010011111
11110101011011010110101111010100
10001111110010111110001111000110
00110111010100100111101101100011
11010101100110110011011110100000
10101110010100111101100110100001
01010101100110101010011111110001
10101111010000111101110110000101
01110000100010001010001101100111
00101100010100110111110111010101
10110001100010111110011101100100
01001100111101100111110111110101
10110001110000111010011000111100
01001100111100111111110110110101
10110001110000111010011000100110
01101101011101101111110110100101
11110001100010101010011000111000
11111100001000011111111111010100
11110011111000101110001000101110
01101111011110010111111101110100
10111001110000111110001000011100
01101101011100000101110100100000
10011011110000111010011000011000
01100101101100011001100110100101
11010010110000101010101010011010
11010100001010011011101110010101
10111010110000001010101010011110
01010100101010010111101111010100
10101010111010110110001000011110
11010010101110000111101001111101
11100010100101011010101001001110
11000100101010111111100100010101
00100010100110011011101101000110
11010100001001101111100011010101
11100001101010110111011100011100
10001110100110100001100001111111
01110011111001111110011001001111
10001110111110110001000100111101
00110010100101011011111001000010
01000100001001111011100010010101
00110010100111001011101110100000
01010100001001101111101011010101
11100000111010110110001110111100
01010110100110000110101011111101
11110010111001011110011001000111
11001110111010110111000001011101
01110010111001001110101001001111
01000100011101110111100101111101
00100010100011001010101000000000
01010100001001001111101011010100
11101010110011001010101110011000
01010100110100010111101111110111
11100110101110010010001101010100
10010110000000111111101011010111
11110101101010110110011101111101
10101110110110100101100101101011
01110101100001111110011101100111
00101100011100111101100100101001
00110000100011011011011101100000
00111100001001111111100110000101
10111001110000111110011000111100
01001011101110000101100000101100
00010010000101001010101010000010
11010100001001111011100010010101
11001010110100001110101010011110
01110101010101000110101111010100
10001101110010110110001011011100
00100110110110000111100101101001
00010110100110111011111111000000
10110100000000111001100010000101
01010110100110001011101111100111
10111110000001111111101111010101
11110000100010101110001101111111
00101110010100110111111111110101
10110001100000111010011000111100
01101100101110111111110111110101
10111011110000111110011001100110
01101101011101101101110100100101
10011001110000111010001100001100
01101101011101001101110110100101
11010011110000101010101110000000
01110101010001111111111110000101
11010001110010101110101110011100
01111111110100010110101111101101
10011001110000110110001011011100
11101111110110010101100100101101
11010010110000111010011000011000
11001110101010111001100010001101
11110010110001001010101000001110
11010100001011111111101111011101
11110010100011001010101010010110
01010100001001000111101011010100
11101010111010111110001010010100
01010010110101000110101011111111
11100010111001111010001000011000
11000100111000111011100011011101
11100010101111011010101001011011
11010100101010111011101011011101
01100010101111011111011101000110
11011110010001101111000001010111
11110101111000110111011101000101
00001011111100100101000000101001
01110011110101111010011101011001
11000101011000111001100110001101
00111010100101001010101011000011
01010100001001111111101111010101
10110010100010001011101110000100
01010100000001101111101011010101
11110010110010101110001110010100
01010111110101100110101011111111
11110001110001111110001001011101
01000101111100110111100111111101
10111010110001011010101001011011
01010100001000111111100111010101
10001010100110011010101011000010
01010100000001101111101011010101
11000010100110001010101110000000
11010100000001111110101011010111
11100101101010110111011100110100
10111110110100100110101011111011
11110101111001110110011001111111
10101110111110110101000101101001
00110010100101011010011001100011
00101100001000111101100100000101
10111011110000111010011000101100
01001100101111001101100000101100
11010010000101001010110000011000
11010100001011011011100110010100
10001010110100001110100011001111
01110100011110000111101101110100
10001011100010110111011110011100
00110110100100001101100010101101
01010110100110111010101111000011
10100110000000111001100110011101
01010110100110001011101111100011
00111100000001111111101111010101
10110000101010000111001111100111
00111100010100100111111111110101
11110001101010111010011000111000
11011110101010111111110011010101
10111001110000111110011001111110
01101011111110000101110100101001
10011011100000111010011000001000
11100100101110011001100100101101
10011010100100101010101010001010
11110100001010011011100110010101
10011010100010001011101010000110
01110110000011101111101011010101
10111010110000110110001011001110
01101010110110000110101101111101
01010010110001001010101010000000
11011100001001111011110010011101
11110010110001001110101010011111
01010100011101010111101111011101
10111010110001001110101011000111
01010100011101000111101111111101
10110010100010110010101110011000
11010100100000001110101011011101
11100010111000111110001001000111
11000110010111110110101001011101
11100010101111001010101100010000
11010100001001111111101011010111
11101111111000111110001001000111
00100101010100100111100101111011
00011101100000110111011101000100
00100100110100101101100100101001
01010011000101111010111110000000
11000101001001111001100010001101
11011010110000101110101011011111
01000101011100110111101110111101
10010010100010001010101010011000
01010100001000011011101111010101
11100010110010101110101011011110
01010110100110100110101011011101
10101010110000111110001001000110
01000110110101100111100101111101
11010010100011111010101100011000
11010100101000111011100110010101
10101010110000111010101001011111
11010100101010110111101111010101
10000010100111001010101011001010
01010100001001111111101111010101
11100010100010001011101110000100
11110110000001101110101011010111
11110101111010110110011100011100
10101110110100100101100101101011
11110101111001111110011001111111
10101101011110111001000100101001
10111011100001111010011000101100
01001100101110101001000100101100
01010010010101001010110110000000
11010100001001111011110010010100
10101111111000110100000001011111
01100011111110000111101101111100
00001010100110110000010001000100
10000100101000101001100000101101
01010110100111001011101111000011
10110100011001111111100110010101
01010110100111001011101111100011
00111100000001111111101111010101
10111000101010000111001111110111
00111100010100100111101111110101
01110010110011001010001100100000
11011100001001111111110011010101
10111001111000110110011000111100
11001010101110000000000101101001
01110011111001111100010001001111
11001011111110111001010100101101
00110010000101001001111000001010
11011100001001111011010000011100
00110010100111001011101010000011
01011100001001101111111111010100
10111010101010110111001010011100
01111010100110000111101101111101
01010010110001001010101011000011
01000100011001111011110110011101
11010010100011001011101110010000
01010100000001011011101011011101
11111000110000100110101011011111
01010010110110010111101111111101
00110010100001001010101011000110
01010100001001101111101011010101
11101010110010111110101110011100
01010000110101000110101011111111
11100010110111001010101010010010
11010100001001111111101011010101
10101101111000110110001001011111
00100011110110100101100101101011
00011101100000110110011101000100
00100100111100101001100100101001
01010010000111111010111110000000
11010100001001111001100010010101
11110010110000101110101011011111
11011110100110110111101101111101
11110010100111001010101010000010
11010100001011111011101011010101
10101010111010001110101011011110
01010100110110000111101101111101
10101010101000111110001000011100
01000110101110000111100101111101
00010010100101011010101001000010
11000100001001111111100010010101
11010010100110011010101110001000
01010100001001101111101011010101
11100010110100101010101011011111
01010100011000110111101111010101
10000010100010001010101110011010
01110100000001110111101111010111
11100110100010110111001100000100
10111110010100100110101011100011
11110101101010110110011101111100
10101110010100111101100101101011
11110001111001111110011001001111
01001111111110110001000100101001
01010010000101001000100010000010
11010100001001111011110010010100
10101111111010110100000011011110
01101010110110000110101101111111
00100111100101111100010101000101
10000100111100101001100100101101
01010110100111001001101111000001
10110100001000111011100111011101
01110110100111001011101111100011
00111100000000110111101111010101
10111000101010000111001111110111
00111100000100100111101111110101
01110000110001001010101001100010
01011100001001111111111011010101
11110011111010110111011100100100
11011010100001001100010011011110
11110001111001110110011001011101
11001011111110000000010100111000
01110010001101011000111100000001
11001100011001111001010010011100
10110010101011001010101001111011
01011100001100110011011111011100
10111010101000010110011001000110
01001000111110100111000101111101
00011010100001011110101001001000
01000100011101101001100100111101
00010010100111001010101110100000
01010100001001111011101011010101
11110010110010100110101110110100
01010010100101000110101011111101
11111010110000101110101011011111
01000101111110010111101111111101
10011010100010111010101011000100
01010100000001001111101011010101
11010010110111001010101110000000
11010100000001111110101011010101
10101101110000110110001001011101
00100011110110100101100100101011
00010011100010110010010100001000
10000110101010111001100100101001
01010010000101001010110001000010
11010100001011111001110010011101
11110010101010001111101110011110
01011110100110000111101011111101
11110010111101001010101011000011
01010100011001110111111011010100
10101010101011001110101110011110
01010100010100000111101111110110
10100011101010110110011100010100
11010110101100100111100011111101
11100010110001111110001001011111
11000100111110110011100100111101
00110010100111011010101001000010
01010100001001111111100011010101
10101010110000011110101000001110
01010100101101000111101111110101
10001010100110001010101010001010
01010100001001111111101111010101
10000110100010111110101111000110
00110100000100100111101111100101
01110110100110110011011111100100
10111110000001111111100011010111
11110101111000110110011001111101
01101011110110100101100100101001
01010010010101001000100010000010
11010100001001111011110010010100
10101111111010110110001111010110
00100010110110000110101101111111
00010111100100110000010101000000
11000110111100101001100000101101
01110010000111001001110110010000
10011100001000111011100011011101
11110110101111001110101011111111
00111100010110110111111111011101
00110100101011000011001101100110
00111100000100100111101111110101
00110000100011001010101001101010
01011100001101111111110111010101
11110010110011001010001000100000
11011000101001001110111011010100
10111001111000110110011000111100
11001011111110000100000000101011
01110010010101011010111101000001
11001101011001111001010000011101
01110010101001001111101111000111
01011100011101100111011011111101
10111001100010110111001110011100
01101000111100000101100111101001
10011011110000111110011001011001
11001101111110111001100100101101
01010010000101001010101010000010
01010100001001111011110110010101
10011010100010001110101010110110
01110100000101000111101011010101
10111010110010101110101010011110
01010110110110000111101111111101
10011010110000111010101001011110
01000100101110010011100110111101
01010010100101001010101010000010
01010100001001111111101011010101
10101101101010110111011101011100
00101010110110000100100101101011
01010011100100111010010101000000
11001110101001111001100000001101
01110010010101001000101010000011
11010101011001111011110110011101
11110010101111001010101110010110
01010100001101000111101011011100
11100010111001001110101010011111
01010100011100010111101111011100
10101010101011011110001000011110
01010100101100000111101111111101
11100010101011011010011000010100
11010110101010101111100011011101
11100010111001111110011001001100
11000110111110100111100001111101
01100010110101011010001001000111
01000100011101111111100100111101
10001011100011111010001100011000
01010100101101001111100110110101
10000010100100111010101011011011
11010100001000111111101111010101
10001010100110111110101111010110
01010100100100100111101111110101
01010110100110001011101111100011
10010100000001111111101011010101
10111001110010110110011101111100
01001010110110100101100000101001
01010010010101001000100010000011
11010101001001111011110010010100
10101101111010110110001011011100
00100010110110000110101101101111
00010011100100110000010101000000
11000110101000111001100000001101
01110010000111001001101110000010
11010100001001111011111011010101
11100100101010000111101111111111
00111100010100100111111111111111
10110101101010100110001101111111
00101100010100100111110111100001
00110000100011001010011101100010
00111100001100111111110111000101
10110000110001001010101000111010
01011100001001011111111011010100
10111001111000110110011000111100
11001010101110000100000001101010
01110010110001011010011001000011
11001101011001111001010000011101
10111101100001111110001001001111
00100100011100100101100100101101
10010011100010110011011110000000
11010100101000101001100010101101
11110011110000110110010000011100
11001110101110111001110100111101
11110010110101001000110001001011
11001100001010111011111101011100
10111010101111001010101011001110
01110100001101100111101111110100
10011010100010001011101110000100
01110100000101101111101011110101
11110010110010101010101110011000
11010110101010011011101011011101
11100010110101001010101011011011
01010100001010010111101111010100
10101111101010110111011101010100
00101010110110000101100001101011
01010011100101111010010101000000
11001110011001111001100000001101
01110010100101001000101110000011
11010100001001111011110011011101
10101010111101001110101011000111
01010100011101100111101111111100
10111010100111001010101110010000
01010100011101000111101111110100
11100010110010101010101110011100
01010100100100000111101011111111
11100010110000111110001011000111
01010111010101100111101011111101
11100111110010111110001110000100
01010101010101101111100011111101
11110111110000111110001101011101
01000101111100110101100110101101
10010011110100111010001001000000
11000100101000111001100110001101
11010010100111011010101111000010
11010100101001111111101011010101
10100010100110010110101111111111
11010100100110110111101011011101
00010010100111001111101111100111
00010100010001110111101111010101
10011001100010110111011101110100
01001010100110100101100000101001
01010010010101001000100010000011
11010101001001111011110010010100
10101111101010110111001111011100
00110010110110000110101101101111
01010010110101111000010101000000
11000110101010111001100000011101
01110010010101001000101011000011
01010100011001111011111111010100
10100110101110000011101110010100
00111100000100100111101011110111
11110101101010100110001101011111
00101110010100100111100101101001
10110100100011101010011101101000
00101100001100111101110110000101
11110010110001001010101000101010
01111100001001111111111111010100
10111001111000110110011000110100
01001011110101000100100001101010
11110011110001111110011100001001
11001101111001011001100100111101
10011101110000110110011001011101
00101111111100100001100100101001
00010011100100111010111110000000
11000100001001111001100010000101
11010010110010100011111110010000
11011110000001011011111011011101
11110110111001101100101011011111
01001111011110110111011101111100
10101110101011001010101100011001
00110100111100010111001111111100
10111010101011011010101001011011
01010100101110110011101111011101
01110010101111001010101001000110
01010100001001101111101011010101
11101010110111001110101110001011
01010100011101000111101011010100
10101101101010110111011101011100
00001010110110000101100001101011
01110011110101111000010001000001
11001110111010111001100000011101
01110010100101001000101011000011
01010100011001111011110010011101
10101010101011000010101110011000
01010100101100000111101111111100
10101010101101001010101001011111
01010100101110010011101111011101
10100010101111001010101001001110
01010100001011100111101001010101
10101010101000011110001001011110
01000100111110100111100101111101
00001010100100011010011001000110
01000100101100101111100100100101
10010010100110111010011101000100
11000110101100101001100000111101
01110010100100111110001001001010
11000110101010111011100000011101
01110010100111001011101111100011
11010100001001111111101011010101
01110010101111000111101111100111
01010000010101100111101011010101
00011000100111010111001111110001
00000100110100100111100011110101
10011011110010110110011001110100
11000010101110001001100000101101
01010010010101001000100010001011
11010101001001111011110110010100
10101011101010110111001110010100
00111010100110000110101001111101
01110010110000111100110101000101
11001110011001111001100000011101
01011010110101001000101011001011
01010101011001111011101110011101
10000010100110001011101110010000
01110100000001011111101011010100
10100101111010110110001111011111
00101110110110100111101101101111
11010110100100111010111100001000
00101100001000111001110110000101
11010010110001001010101000101110
00111101001100111111111111010100
10111001101010110010011000111100
11011110100110000111101011110101
11111011111000111110011001100111
11001011111110100101100100111101
10110001100010110111011100011000
11001010101110001001100100101101
11110010100101011000110001011011
11001110101010111001110100011101
01110010101101001001111001000110
11010100001011111111011001010100
10100010101011001111101110011100
01011000111101000111001001111110
01100010101111000110001001000111
01011000011100100111001001111101
11110010101011001110011101000001
01011100011101101111000001111101
11110010111001001110101001011011
01010100011100010111001111111100
00111010100111001010101011111011
01010100101000110111101011010101
00111011101010110111011111100100
00000010110101100101100000101101
01110011110111110011011101100000
11001010111001111001000000011101
01110010110101011110101001111011
11000001111010110011100100011101
00110010100111001011101111000010
01010000001001101111101011010101
11110010110111001111101110000000
01010000010001000111101011010111
11100010111011101010101110010001
01010101010101010110101011011111
11100101111000110110001001011101
01000010110110000111100011111111
10100011110001111010011001011101
11000110111110111001100100111101
00110010100111011010011101000000
11000100101010111001100000011101
01110010101111010011011101100001
11000100101010111011100001011101
01110010101111001011101111100011
01010000011001110111000011011101
00111000100111010111001111100101
00000000110101100111100011111101
00010001100110010011001111110001
01000000100001101111100010011101
10111011110000110110011001110100
11001011101111001101100000111101
01010010010101001000100000000010
11010101001001111001110110010100
10101010101010110110000110010100
01111010100100000110101011111101
11110110110000111100110001000101
10001110011110111001100100111101
10011010100101001000100011001011
01010100001000111011100110011101
11010010100111001010100010000010
01010100001001011111101011010100
10101100101010110110001110011100
00111110100110000110101101111111
01110110110100111110011001000111
00101101011100111101100100101101
10010110100111001010101110001000
00110100001101111111100111000101
11110010100110001011101110100100
11111110000001101111101011010101
11111001111000110110011100111100
01001011110110000101100101101001
01110011101011110010010100100000
11001110101010111001000000011101
01110010111101001101011101000111
11001011011011111001010001011100
01110110111101001100101001011011
01001001011100110111011101111100
00111010101111000011001101110000
01010000001101100111001011110100
11110010111011011110001101100111
01001000011101100111000001111101
11110011101011011010011100010000
01010100001001011011000011011101
11100011111001111110001001011111
01000100011100100111100101111101
00010110100101011011101111000111
00100100011101101111100111110101
10010001100010110011011110111000
10011110100100101001100011101101
01110010111001010010011001111011
11001110101010111001010001011101
01111010111001011110011001101111
01001000111110100101010101111100
00111010100101011010111000001000
01010100001001001011000110110100
10110010100111001010101010111000
11010100101010011011101011010101
10100010101001001110101001111111
01010110101110100111101001011101
10100010101011011111011000001110
11010010101110100111001001111111
11100010101001011110011001001100
11001110111110101001000001111101
01100110101101011010011101000111
11000100011001101101000000011101
01110110100111011011101111100001
00010100010001101111100011010101
00110101100011011111101111110101
00100100010100100111100111111001
00011001100010110011001111110001
00000100100100100111100010101001
01110000100010011010011001100000
11001100000000111111100010010101
10111001110000111110011000111100
01001011101111000100100000111101
01010010010101001000110000000011
11000101001001111001110110011101
10101010100010110101000110010100
01010010100100000111101011111101
11100110110000111100010110000100
10001110111110100001100101111101
11110010100101111100100011001011
01000100011100111011100110111101
01010010100101001000100010000011
01010100001001111111101111010100
10100010101010100111001110010100
01110010100100000110101011110111
11100101111000110110011001011111
00101111111110110101100100101001
00010110100101011010111001000010
00100100001000111001100110000101
10010010100110001010101010000010
00110100001001111111101111010101
10110011101010110111011110110100
11111110100100000110101011111111
11110010111001101110011000000111
11001111011011111000010001011101
01110111111001001110001101000111
01001001011101100101010001111110
01110101101011011011001100010000
01010100011101101011000011111100
01110111110001101010001111010001
01010101011101110111100111111101
10111111110000111110001111010100
01100101110100000111100110101101
11010010110011101010101110010000
11010101001001011011100011010101
11100111111000111110000001011111
01100111110110010111101101111101
10011111100100111110001001011111
00100100111100110101100100101101
00010010100110001011111111100000
10111100000001101111100011010101
11110010111000001111101110000100
01011101010001101110111011010110
11110101111010110110001100011100
01101011110100000100000111101010
11110001111001110010010000111001
11001111101010111001000111011100
01110010111101001010101001000111
01011100001011111111011001010100
11100010101011001111101100011100
01010000011101000110001011110110
10100111111001011110001001000111
01000000011101100111000001111011
01100111101011010011011101000000
11000000111001101101000011111011
01110101110111110111001101100101
00000000110100100101100000111001
00010110100111010011101111100001
00000100010001111101100010011101
00011000100110110111001111110001
00000100100000100111100010111101
00010000100110010011011111100000
11001110100000111111100010011101
01110010100011001110001001100110
11001100111001110111110011010101
10111011110000111110011000111100
01001011101111000100100000111100
01110010010101011000110001000011
11000101011001111001110100011101
10101010100111011000100010010000
01010000101101000011101011111101
11100010100110111100000111000100
11010010111100100011100001111101
11100010100101111100100111000001
01000100011100111011100111111101
01011010100101001000100011001011
01010100001001111111101111010100
10000010100110001011101110010010
01010100000001000110101011010111
10100111111010110110011101011100
10101010110110100100100101111111
11110110100101111000110001001011
10001100011010111001100100011101
10111110100101001010101001001111
00110100001110111111101111110101
00010010100110001011101110000110
01110100000001101111101011010101
11110010110010001011101110010000
11011111010001111110101011010110
10101101111000110110001001011111
00101011110110000101100101101001
00010010100111011010111000000000
11010100001000111001100010000101
10111010110000111110001001001111
01100100111110100111100100111101
10011011100000111010001001000100
01000100101100101001100100101101
01010010010111001010101010000000
11010100001001011011101010010101
11100010111010100110001110011100
11010010100110000110101011111111
11100111111000110110011001011111
10101110110110100101100101101101
00010010100101011010111001100011
00000100001001111011100110010101
10011010100000011010101000011110
01110100101110000111101111110101
10010010100010110011011110100100
11011110100001001110101011010101
11110010111001001110011100000110
11011111010011111110011001011111
11100100111001001110101000011111
01001101011100010111001101111110
10101010101011011010001000010010
01010100001101101111001011110110
10101101110000111110001001001100
01100101111100100101100100101011
00010111100110111011101111000000
10010100010001111001100010000101
00010101100010110111001111100101
00000100110100100101100010101001
00010001100111010011001111100001
11000100110000111001100010011101
00010000100110010011001111100001
11001000100001111111100010011101
01110000100011010111001111100101
01001000110001101111100011011101
01110001100011011010001101110000
01001000111101100111100011011101
10111011111000111110011000111100
01001011101111000100100000111100
01110010110101011000110001000011
11000101011011111001010100011101
00111010100111011001100110000000
01010000101001001011100011011101
11100010111111110100000111010101
01010010111100000011100011111101
01110010110101011100000111000101
01000000111101100011100001111101
01110010100101001000100011011011
01010100001001111011101111011101
10100010100111001000100010010010
01010100001001010111101011010100
10101111111010110111001111010100
00111010110100000110101001111111
01010111110100111110001111000101
01000101011001101001100100101101
11010101100011100010100110011000
11110100101000111011100111011101
10101110111001100100100001011111
10101110101110110011101101111101
00110010100101001010101001000110
01010100001001111111101011010100
10101001101010110111011100011100
00111010100110000110100001101011
01110010110101011010111001000111
11001101011001111001110100011101
10011111100000111110001100001100
00100101111100100101100100101001
10011011100000110010011110011000
11100110101100111001100110101101
01010010010101001010100011000011
11010100001001111011101110010101
11000010100110001011101110000100
01010100000001000110101011010111
11100101111010110111001110011100
10111010110110100110101011111111
11110100111001011010011001111011
10001110111010110001000101011101
10100010101011011010011000111010
11001100101110011011000101011100
01100010101101001000111000001110
11011100001011111111001001010100
11100010101101001110101000001110
01010100011101100111001001110110
10100000101011011010001100011100
01110100001100000110001111110010
10101110111001111110011000001111
01100101011110110111100101100000
10101101100010110010010000011100
10100110101110001001100100101001
00010110100101011010111001000111
10100100001010111001100100000101
00010100100010010111011101100100
00101100000100101101100100100101
00010000100010011011011101100010
10101100001000111101100110000101
11110000100011001010011000101110
00111100001010111111110111010101
10110000101000101110011000101110
01101100001110110111110101110101
10110001100001101010011000101110
01111100001100111111110111100100
10111011111000111110011000111100
01001111101110000101110100101100
11110111111001111100010001001111
01001011111110110001010100101101
00010010100111011010110110000000
01010100001001111001100010011101
10110010111110011100000111010101
01010010111100100111101011111101
10110010110101111100001111010101
01000000111100100011100001111101
11110010100101001000100010011011
11010100001001011011101011011101
11100010101111001000100010011011
01010100001010010111101111010100
10101111101000110110001001010110
00100010110110000111101101101101
00011111100100111110000001000101
00100101111101101001100100101101
01010010100110001011101110000000
01010100000001101011100010010101
11010111110010101111101110010000
01110111010001000110101011011111
11011101110000101110101011011111
01100101010100110111101111111101
10011111110010110010001110000100
01110111010101101111100011100111
11010101110000111110001110011101
01100101010100110101100110101101
10011101110000110010010110011000
10100111100100111001100110101101
11010010110000111010010010000100
11101110001010111001100110001101
11010010110101001010100010001011
01110101011001111011111110011101
10011010100110001010100010011010
01110100001001010111101111010100
11000010100010101111101110000100
00111110000001100110101011010111
11110100111010101110001110010100
11111111010001111110101011011111
11100111111001101110011100010111
11011111011101110110011001011110
11100111111001101110001000011111
01101101011100010110011101111010
10101111111001111010000000011111
01110101011100000111101111100010
10000111110000111010000100000100
01110101011101101111100111100010
11000101110000111110000100011100
01110111010100000110100110100011
11000111110000111010010100000100
11110111000000111001100110100101
11100101110000111110010100011101
10101111011100111101100101101001
10110101100010111010010100011100
00101110001100111001100111100101
11110110100000101010010000001110
00111110001110111111110101100100
11110010101000101010010000001110
00111100001100111111111101100100
10110111111000101010010000011110
00111111001110111111111101100100
10110011111000101010010000001110
00111111001110111111111101100100
10110111111000111110010000001110
00101111011110101101110101100100
11101111111000111100010000011100
00101011111110000001000100101001
01010010000101011000110100000000
10000100001001111001110110000101
10110110100110101100100110010110
00111100011100100111101111111101
10110010110000111100000110010100
01011110111100100011100111111101
11110010110101001000100010000010
11010100001001111011111011011100
11100010110111001000101110000011
01010100011001010111101011010100
10101111110000110110001111010101
00100011110100000101100100101001
10011101100000110010010110011000
10000110101100111001100100101101
00011010000101111000100011001011
11000100101010111011100110011101
00011010100110001011100011000010
01110100000001101111101011010101
10001010100010100110100110011100
01110110100110000110101111110101
10001010110000110100000011011110
10100110101110010011101101111101
10001010100000111100010000011110
10100110101110111001100100101101
10100010101110011000010000001110
10001110101010111001100000011101
11100010101101011100110000001110
10001110001010111011110101011101
10100010101101001000110000001110
00011100001110111011011101011100
10101010101101001000100000011010
01110100001110011011101101010100
10101010101111001000100000001110
00110100001110100111101101110100
10100010100111001010100000000110
00110100001001101111101111010100
11100110110000101110101000001110
01110101011101000110101111100110
11000111110000111010000000011100
01110101011100000110101111100110
10000111110000111010000000011100
11100111111100010111100110100101
10001111110000111010100000011110
10100110101110111011100110100101
10000010100000111000110000001110
10110110001010111011100100100101
11000110110100111100110000001110
10110110001010111011100100000101
11000110100100111100010000001110
10110110001110111111100101100101
11100110110100101100010000001110
10111111011100111111100101100101
11100111111100101100010100001110
00111111011100111111100101100100
11100111110100101000110000011110
00111111001100111111111111100100
11100111111100101000010000011110
00111111001100111111101101100100
11100111111100101000010000011110
00111111011100111111101101100100
10100111100110111110010100011110
00101110011100110101100101100101
10100111111000110100010000011100
11001010111110000000000101101001
01100110100101011000110001001011
10101100011010111001010100001101
10100110100111001001110100000110
00110100001100101111100111110101
10110110100110111100100110000100
00111100001100101011100111111101
11110010110101001000100010000011
01010100011001111011111111011101
10001110110100001010101011000111
01110100010101000111101111110101
10001101100010110110000111011100
00100010110100000101100100101001
01010011100110110011010111000000
11000110101001111001100000001101
11110010110101111100110011011011
11000110111010111001110100011101
10101010101101001000100010011010
11010100101010010011101111011100
10100010101111001000110001001110
11010110001010000111101001010100
11100010101111001101110000001110
00011110001111000111001001111110
11100110101111011100010100001110
10011110001110101001000001111110
11100110101101001100010100000110
10011110011011111001010001011110
11100110101101001100010100011101
10011100011100101011010001111110
11100110111001001000010000011111
00011100011100111011010101111110
11100110111101001000110000001011
01110100011101001111011101110110
10100110101111001000100100011100
00110100011100100111001111110110
10100110111101101000100000011111
00110100011100110111101111100100
10001110100000111000100000011110
00110100001110010111101111100100
10001110100100111000110000001110
10110110001110011111100101100101
10000110100100111000110000001110
10110110001110101111100101100101
11000110110100111100010000001110
10110110001110111011100101100101
11100110110100111000110000001110
11110110001110111011100101100101
11100110110100111000110000001110
11110110001110111011100101100101
11100110110100111000010000001110
10110110001100101011100101100101
11100111110100111100000000001110
10110110011100111111100101110101
11100110110100111000000000011110
10110110001100111011100101110101
11100110110101111000100000001110
10110100001100111111100101010101
11100110110100111000100000011110
11110110001100001111101101110101
11100110110100111000100000011110
11110110001100111111100111010101
00000110100110110101000111000111
10100110010100100101100101100101
11100011111000110100010000011100
11001010101110000000000001111110
11100111111101111100010000011111
10101111011110111001000101111101
10100110101101011000010001001111
00101100011100111001000101101101
10100110100111011001110100000010
00110100001100101001100100101101
10100010100111001000100010011000
10010100001010111011100111011101
10101110100100011100100011001111
00100100111110100111101101111101
10011011100010110111010111000100
00000010101100101001100000101101
01010010100100111001010111000000
11001110001011111001110000011101
11110010111111001000110110011000
11011110101010011011111011011100
11100010111101001000100000000111
11011110001011011110011011011100
11100110111101001100100100011111
01110001011101000110011101111110
10100111111111001000000100010100
00110101011101000111001011110110
11100111111101101000000100000100
01110101011101101111000011111110
11100111111101101100000100010101
01110101011101111111000011111110
11100111111101101000000100010101
01110101011101111111000011111110
11100111111001101100000100010001
01110101011101110111000111111110
11100111111101111000000100011001
01100101011100010011000111111110
11100111111101111000000100011001
10110100011100110011101111100110
11100110111101111000100000011110
10110110001100111111100111110101
11100111111100111100010000011110
11110110001110011111100101100100
11100110110101111000000000001110
11010110001110111011100101100101
11100110110101111000100000001110
11010110001010111011100101110101
11100110110100111000000000001110
11010110001100101111100001110101
11100110110101111100000100001110
11010110011101101011100001110101
11100111110101111100000110001111
11000110011100101011100101111101
11000110110100111000100110000000
11010100011001111011100011011101
11000110110110111000100111000100
11010110011001101011100011011101
11100110110100111000000111000101
11010110011001111011100011011101
11100110110101111000100110011011
11010100011000111011100011011101
11100110110101111000000010011100
11010110101100111011100011011101
11100110110101111000100011000111
11010100011101101111100001011101
00000110100110110101000111000101
00110110010100100111100011101111
11100011111100111100000010000100
11010011101001001110101001110110
11100111111111111100010110000101
10110111010101101101000001111111
11100111111101110100010100011101
10101111111100110001000101101011
10100111101101111000010101011111
10101100011110111001000100101101
01100110101111001001110101000010
00010100001001111011000011010101
10101111101000110101001111011101
00100000111100100101100101101101
00010011100110110011010111000000
10000110101100101001100000101101
11110010010101111000110110011000
11001110101010111001110010011101
11100010111111001000110010000010
11011110001011011011011011011100
11101110111101001100100000011111
01010001011111000110011101111110
10101111101111001000100100011100
01110100011100000111001111110110
10101111100100111000000000011100
01110100001100000111101111100100
10000110110100111000100000011110
11110100001100111011100111110101
11000110110100111000100000011110
11010110001000111011100111010101
11100110110100111100100000011110
10010110001110110011101101111101
11100110100100111000100000001110
11010110001010111011100001011101
11100110110101111100100000001110
11010110101011111011100001011101
11100110110101011100100000001110
11010110001000101111100001010101
11100110110101111100000111000110
11010100011001101111100001010101
11100111110101111100000110001100
11010110111101101111100001110111
11100111110101111000000110000100
11000110011000111011100001011101
11100110110101111000000110000111
11010110011001111111100011010101
11000111110100111000000110011100
11010110011100101011100111111101
11000111110100111000000111000111
11000100011100101011100101111101
10000111110100111000000110011000
11010110101100101011100010111101
11000110110100111000100111000011
11010110101000111011100010011101
11000110110110111000100111000110
11010110001000111011100011011101
11000110110100111100100010001110
11010110001010101011100001111101
11000110110100111000100010001110
11010110001000111011100111011101
11000110110100111100100011000110
01110100011101101111100101110101
10001111110100111100100110000100
01110101011101101111100110101101
01000110100110110001100111000001
10110110000000111111100011000101
11101011110101111000000000001000
11010010101011001010101001010110
11000110100110111100000111000110
10110110000001101111101011010111
11100111111110110101010100000100
10110110010100101101100001111111
11100111111101110100010100011101
10101110011110111001000101111101
01100110111101011000110001000111
00100101011100111001000100111101
10001111100010110101010101011100
00100100111100100001100100101101
00010011100110111000010100000000
10001110001000111001100000001101
11110010011111001000110110000000
11011110001011111011011011011100
11100010111101001100100010000111
01011101011001010110011011010110
10101111111001001100000110011101
01110001111100000110001111111110
10101111111101111000000000011010
01010100101100000011101111100100
10000110100110111000100110011000
11010100001100101011100011111101
11100110110111111000100010011010
11010110101010111011100011011101
11100110110101011100100001000111
11010110001010111011101001011101
11100110100111011100100110000110
11010100011101101111100001011101
11100110110101111000100110000100
11010100011001101111100011011101
11100110110101111000100110000100
11010100011001111111100011011101
11100110110101111000000110000110
11010100011101101111100011010101
11000111110100111000000110011100
11010100111100101111100011110101
11000111110100111000000010011100
11010110101000111011100011010101
11000111110100111000000010001110
11000110111000101011100001011101
11000111110100111000100010001110
11000110011100101011100100111101
10000111110100111000100110000100
11010110001000101011100010110101
11000111110100111000000110011000
11010110101110111011100111111101
11000110110100111000010010011110
11010110101010111011100001011101
11100110111101011100100000001111
11010110001010111011100001011101
11100110101101011000110000011110
11010110001010111011100101011101
10100110111101111100000000001110
11000110001110101011100101111101
10000110110101111000100010000110
01010100011101101111100100110101
10001111110110111000100110011000
00100100101100101011100110101101
10000110100110111000100010011000
11000110101010111011100110011101
01000110100110000001100111000111
10110100000000111111100011010101
11101011110101111000000000011000
11000011101011011010101000011100
11000110100111011000100111001111
00010100001100100111101011010111
11100110101110111001000110000110
10110110010101101111101011110111
11100111111110111101010100000100
10110110010101101101100001111111
11100111111101110100010100011101
10101111111110110001000101101101
10101111101000110100010001000101
00101110111110100001100100101001
01010010000111011001010100000000
10001100001001111001110000001101
11110010011101001000100010000010
11010100001001111011011011010100
11101110111101001100100010011111
01110001011101000110011111111110
10101111101110110000000010011100
01010000101100000110101011110110
11100111110100111100000010011000
11010110101110010011100111111101
11100110110101111000100011000111
11000110011010111011100001011101
11100110100111011000100110000000
11010100001001101011100011010101
11100110110101111100100110011101
11010110111100110111101011111111
11100110110101111000100011011111
11010110011100110011100001111101
11100110110101111000100001001110
11010100001000111011100011011101
11000110110101111000100010000110
11010100001000101011100011011101
11000110110100111000100010011110
11010110101100111011100011011101
11000110110100111000100010011110
11010110101010111011100011011101
11000110110100111000100010001110
11010110011100101011100001011101
11000110110100111000100010011000
11010110101010011011100011011101
11100110110100111100000000011110
11000110101110111011100101011101
10000110110101111000110001001110
11000110101110111011100101011101
11000110100111011000110110000110
11010110001011101011100001010101
11100110111111011000100110000110
11010110001001101111100001010101
11100110111111011100000110011111
11010110011100111111101001011111
11100111111101111100000100000111
01010111011101100111100001111111
10101111110100111100000110001100
01100101011100001101100100101101
10000111110100111000000110011000
11000110101100011001100110101101
11000110100110110000010010011000
10010110101010111011100011011101
11100110111101011100110001000111
11010110001010111011101001011101
01100110101111001101100111000111
00110100010100100111100001110101
11101011111101111100000000011000
11000011111011011010101001011110
11100110110111011000100111011111
01010100011100100111101011010111
10000110100110111000100110011111
10110110001100101111101011110111
11000110100110111000100110000110
10110110011100101111100011110111
11100110101110110101010100000100
10110110010100101001100001101111
11100101101010110100010100011100
10101110111110100001000100101001
01100110101101011000010001000011
10001100011010111001010100011101
01100010001111001000100100001010
01010100001001111011011011010100
10101110111101001100100010011111
01110000111110000110101111110110
10101010101111011000000000011110
01010100101110000111101011110100
11100110110100111000000110000110
11010110001001101111100001110101
11100111110100111100000110011101
11000110111100100011100101111101
11000110110101111000100111000011
11010100001001111011100011010101
11000110110110111000100110000110
11010100000001101111101011010101
11000110110110111100100110011100
11010110110000111011101011011111
11100110110101111100100011011111
11010110111010110011100001011101
11100110110101111000100000011111
11010110101110111011100001011101
10100110110101111000100000001110
11000110101110101011100001011101
11100110110101111000100000000110
11010100001001101011100001011101
11000110110100111000100010011100
11010110101110111011100001011101
11100110110101111000100010000110
11010110001011111011100001011101
11100110110111111100000110000100
11010110011001101111100001011111
11100111111101111100000110011101
11000110111100111011100001111111
11100110111101011000000111011011
11000110011010111011100001011101
11100110111101011000100111000111
11010100011001101111100001010101
11100110110101011000100110000110
01010100011101101111100011110111
10001111110100111100000110011100
01000101111100000101100100101101
10000111110110110000010110011000
11000110101010011001100110101101
11100110111101111000010011001110
11010110101010111011100001011101
11100110101111001001110111000111
10010110001011111011001001010111
11100110111101011100000101000111
00000000011101100111001001111111
00100110101111010001100111000001
00110100010100101101100111110101
11101011110101111000000010011000
11010011101011011010101010011110
11100110110110111100100111011111
11010110111110110111101011011111
11000110110101111100100111010111
11010110011100100111101001111101
11000110100111111000100110011011
10010110001000111011100011010101
11100110100110111000100111000110
10110110000001101011100011010111
11100111101110110101010100000100
10011110000000101001000001111111
11100111111101110100010101011101
10001111111110110001010101111101
01100110001101001000100001000011
01010100011001111011011111010100
10101110101111001100000100011100
01110000101100000111001011110110
10100110111101011000010000011110
11010110101110010111101001110100
10100110111101011000010000011111
11000100101110100011100101111101
10100110101111011000010000001110
11000100101110101011100001111101
10100110100101011000100001001011
11000100001010111011100101011101
10000110100111011000100010001010
01010100001000101011100111110101
10000110100110011000100110000110
11010100001001101111101011010101
11000110110100111100100111000111
11010110010101100111101011111111
11000110110100111100100110000100
11010100011001101111100011111101
11000111110100111100000110010000
11010110111000111011100011111101
11000110110100111000100110010001
11010110111000111011100011011101
11100110110100111000100110000100
11010110001001111011100011011101
11100110110101111100100010011001
11010110111010111011100011011101
11100110110111111000100011010000
11010110101010111011100011011101
11100110111111011000000111000100
11010110101001101011100001011111
11100110111101011100000111000111
11000110011101101111100001011111
11100111110101111100000111000111
01000100011101100111100001111101
10001111110100111000100111000001
01000100111101101001100110101101
10001111110110110000000110011000
11000110101000011001100010101101
11000110110110111000100111000010
11010110001001111011100010011101
11100110111111001100100110000111
11010110010001101111101011011111
11100110111111001000100110010011
01010101010001110111101011010111
10100111111110110100000111011101
00100110110100100111100101111111
00000110100111010001010111000101
10100100010100111001100111101101
11101010110101111000100000001010
11010011101011011010101000011100
11100110110111011100100111010110
11010110000001100111101011010111
11100110110100111100000111011111
11010110111110100111101001111111
11000110110111011000100111000011
11010100001001111011100011011101
11000110110111111100100111000111
10010100011100110011100111111101
01100110101110011001010111000100
10010110000001101111100011010111
11100111111111110101010100000100
10011111010101101101000001111111
11100111111101001100100001011011
01000101011100110111010101011100
10101111101111011000000110010000
01110100001100000111001011110110
11100111111101111100000100010100
11010110011101100111101001110110
11100111111101111100000100011101
11000110111100100111100001111111
11100111111111111000010100011001
11000110101010111001100001011111
11100110111101011000010001011011
11000110101110111011100001011101
10100110101101011000010001011111
11000100101110111011100001011101
10100110101101011000100001001011
11010100001010101011100001010101
10001110100111011000100001001110
01010100101110100011100001110101
10001110100100111000100011001010
11010100101010101011100100111101
10000110100100111000100011000110
11010110101011101011100000011101
11000110110100111100100111000110
11010100011001101011100000011101
11000110110110111000100110000000
11010100011001101011100010011101
11000110110110111000100110010000
11010110101000111011101011011101
11100110110101111100100011010111
11010110111010110111101011011101
11100110110111011100100111000111
11010100011001101111100011011111
11000111110100111100000111000101
01000000111101100111100001111101
10001111110100111100000111011001
01000100111100101001100100101101
10001111110100111000000011000000
11000100101100101001100100101101
11000110110110111000100110000000
11010110101001111001100010011101
11000110110101111100100110011011
11010110101011011011101011011101
11100110110111001000100011011011
11010110101010110111101011011101
11100110110101001100100011000111
01010100011101100111101011010111
10100110101110110101000110011100
10010110100100100111101011110111
01100110100110110101000101000111
10100110010100110101100101101101
11101011111101111100100000001010
11000011111011011010101000011100
10000110100111011000100111010011
01010100001001101111101011010111
10100110111110110100000111011101
11010010111110100011101011111111
11100110110101011000100011000011
11010110111010111011100001011101
11100110100111011000100111000111
11010100001000101011100011011101
11000110100111011000100111001011
10010100001000111011100111010101
11100110101110011000000111000110
10010110000001101111100011010111
11100110111101111100100100011111
11000101011100110111100101111111
11100110111101011000100010011011
11010100001000111111101011010101
11100110111111011000000110011110
11010110011100100111101011010111
11100111111110111100000101000100
11010110111100101111100001110111
11100110111111011000000100000000
11010110011001111011100011010111
11100111111101111100000101000101
11010110011101101111100001011111
11100111111111111000000100010001
11010110011000111011000011011111
11100110111101011000010101011011
11000110111110110011000001011111
10100110101101011000010001011111
10000110101110110011000001111101
00100110101101011000010001001111
11000100101110101001100001111101
10100110100101011000010001001010
11000100101110101001100000111101
10001110100101111000000001001010
11000100101110101001100100111101
10000110100111011000100010001010
11010100101010111011100010011101
11000110100111011000100011000010
11010100001011111111101011010101
11100110110111011100100111000111
11010000011101100111101011011111
11000110110111011000100111011001
11010100101000100011100011011101
10001111110100111100000011011111
11000010111110100001100000111101
10000111100100111100010111001100
11000110101110101001100000101101
10000111100100111000010011001000
11000110101010111001100000011101
01000010100101011000100011000010
11010100101011111011100000011101
11100010110111001000100010000010
11010000001011011011101011011101
11100110111111001100100011000111
11010000001011100110101011010111
10101110111111011100100111011111
01010100111100100111101111111111
00000110100111011001100111000000
11010100000001101111101011010111
01100111101110110101000111000101
00100110010100100101100101101011
01101011110101011100100011010001
11000000111001000010100010011111
01001110100111010101100111000001
11010000110001100011100010011101
01001110110110010101100111010001
11010000110001100110100010011111
01001110110111010101100111010001
11000000110001100010100010011111
01001111110111010101100111010001
11000000110001100010100010011111
01001110110111010101100111000001
11000000110001100111100010011111
01001111110110010101100111010001
11010000110001100111100010011111
01001111110110110101100111010001
11010000110001100110100010011111
01001111110110110101100111000001
11000001110001100110100010011111
01001111110110110101100111010001
11010001110001100110100010011111
01001111110110110101100111010001
11000001110001100110100010011111
01001111110110110101100111000001
11000001110001100110100010011111
01001111110110110101100111010001
11000001110001100110100010011111
01001111110110110101100111000001
11010001110001101110100010011111
01000111110110110101101111000001
11010001110001100110100010011111
01000111110110110101001111010001
11000001110001100100100010011111
01000111110110110101000111010001
11000011110001110000100010011111
01001111110110110101000111010001
11000011110001110001100010011111
01001111110111110101000111010001
11000010110001110001100010011101
01101110110111010101100111000001
11000000110001110011100010011101
01001110110111010101100111000001
11010000110001100111100010011101
01001110110111010101100111010001
11010000110001000111100010011111
01001110110111010101100111000001
11010000110001100111100010011111
01001111110110110101000111010001
11000010110001000000100010011111
01000111110111110101000111010001
11000010110011110001100000011101
01100010111111010101000111010001
11000010111011111001000000011101
01100010111111010101100111000011
11000000111011111011000000011101
01101010111111011101100111000011
11010000111001000111001011011111
01001110110111010101100111000001
01010000110001000110101011011111
00001111110110010101100111010001
11010000110001000110100010011111
01001110110111010101100111000001
11010000110001100111100010011111
00000111100110110101001111010101
10000010110100100101100011111111
