01010110001100000000000101110010
00011001101101010011010111110001
10010000000100111111000111100011
11100110001100100101111001010101
11001101100011100001110110111001
11011010011001101100011011000001
10010000100000101010110100011110
01101011011111011100111100111000
01100110001100000000001001111010
10111001101100000010110111010001
10010001000000111101000011100011
10000110001110100100111101010100
11101101100011010111110110111000
10001010111001101110011011001001
10010000110100001000110100011101
01101011011111111100111000111001
01100110001100000000001001111010
10111000101100000010110111010001
10010001000000111101000011100011
10000110001110000100111101000100
10101101100111110111110110111000
10001010111001101110011011001001
10010001110100001000110100011101
01101011011111111100111000111000
01100110001100000000001001111010
10111000101100000010110111010001
10010001000000111101000011100001
11000110001110000100111101000101
11111111100011110110110110111000
10001010111001101110011011001001
10010001110100001000110100011101
01101011011111111100111000111000
01100110001100000100001001101010
10111000101100000010110111010001
10010001000000111101000011101011
11000110001110000100111101010101
11111101000011110110110110111000
10001010110001101100011011001001
10010010110000001000110100011111
01101011011111111100111001111000
01100110001100000000001101101010
10111000101100000010110111010001
10010000000000111101000011100001
10000110001110000100111101000101
11001101100011100111110110111000
10001010110001101110011011001001
10010100110000001000110100011111
01101011011111111100111001111000
01100110001000000000001001111010
00111001101100000010110111010001
10010001000000111101000011100001
10000110001110100100111101000101
10101101100011110111110110111000
10001010110001101100001011001001
10010000111000001000110100011111
01101011001111111100111000111000
01110110001000000000001100101110
00111101101101000011010111010001
00010001000000111101001111101001
11000110001110100110111000000100
01101101110011100001110100011000
11000010100001101101000011010001
10011000110101001000110110011111
01101011001011010100111100101101
01010111001110100011000101110011
00011001110101010010011111100001
10000100000101101011100111100011
11100110000001111101011001010101
10001001110010010000100100010001
11011010010101111110111010000011
11101001000000000111110000011010
00000000011001011110011110101110
11100111101111101011011011101001
10011000010110010010111010000100
11000011001011110100100111110110
00010100110011011110010100110111
10100001001110011010110001000100
10001010110101111110111111001110
01101111001010000101110001011101
10001000101100111110001010110100
11100111101111101010011011101001
10011010110100010000111000000111
11000011001010100100100001110110
01010100110011011110010100110111
10111001001110011010110001000100
10001010110101110110111111101110
01100011001010000101110001111101
10100000101100111111001011110100
11100111101111101110011011101001
10111010110100010000111000000111
11000010001010111000100001110110
01011100110011011110010100110111
10111001001110011010110001000110
10001010110101110110111111001110
01100011001011000101110001111111
10100000100100111111001011110100
11100111101111111110011011101001
10011010110110110000111010000101
11000010011010111000100000111110
01011100110011011110010100110111
00111001001110011010110001000110
00001010110101110110101111101110
01000011001011000101110001101111
00100000100100111111001011110000
11100111100111110010011011101001
10011010110010110000111010000101
11000010011010111100110011110110
00111100110011011110011100110111
00101001001100011010110001000110
00001011110101110110101111001110
01000111001011000101110011101111
10100100100100111111001011100000
11100111100011110010011011101001
10011010110110000000111010000101
11000010001010110100100001110100
00011100100011011110011100110111
10101001001110011010110001000100
00001011110101111110001110101110
01000001001010000101110001111111
00100110101100111110001011110000
11110101001001110110011000101100
10111101110101000011000011000101
01010001001010111000101101001001
01001100100110100110101000000111
01100101111010101010110000010100
11000010100001101111000011010011
10101000110101001000010010011010
11101011101010000110001100000101
01010111001010100011000101110011
01011001110101010010011111100001
10100100000101101011100111100011
10101110000001111101011001010101
10001000110010010000100100010001
11011110011101111110111010100011
11101001000000100111110000011010
00000000011001011110011110101110
11101111100111101111011001101101
01110100010110010000111010000110
11100101001001100010100100110110
00011100110001011110000100110011
11100001111010011110100001000100
10000010110011010110111100001110
01101111001010000111110001011000
00001000101000101111011010110101
11101111101110101111011000101001
10110100010110010000111000000110
11100100001010100000100100111110
00011100110001011110000100110110
10100001101010011110100001000110
10000011110101010110111100101110
01101011001010000111110001011000
00001000101000101111001011110101
11100101100110101111011001001001
10110100010110010000001000000110
01101110001010100000100010111110
00011100110001011110000100110111
10101001101010011110100001000110
10001010110101010100101101101110
01101011000010000111110011010010
10000000101000101111001011110101
11100101100011101111011001001001
10110100010010110001001000000110
11101010011010110000110010111110
00111100110001011110010100110111
10101001001010011110110001000110
00001010110101010110101101101110
01101011001011000101110011001010
10000000100100101111001011100101
11100101100010101011011001001001
10110100010010000001101000001110
01101010011010111000110001111110
00111101110001011110000100110111
10101001001000011110110001000110
00101110100101010100101101101110
01001111001011000101110011101011
10010100100000101111001011110101
11100101100011110010111011001001
10110100010010000000101000001110
11101110001010110000110000110100
00011100110001011110011100110010
10101011001010010110110001000100
00101110110101011110001111101110
01101111001010000111010011101010
00001110100100111110001011110101
11110100001001110110011100101100
10110101110101000011000011000110
01010001001010101000101101001001
01001100100100100110101000000110
01100101111011111010111000010100
11000000100001001101000011110011
10101000110101101000000010011010
11001011101010000110001100100101
01010110001010100011000101010011
00011001110101010010011111100001
10100100000100101011100111100011
10100110000001111101011001010001
10001001110010010000100100010001
11011010011101111100111010100011
11101001000001000111110000011010
00000000011001011110011110101110
11101111100011101111010001101101
01110100010110010000101010000110
01100101001001100000101100110110
00011101110001011110000100110010
10100001111010011110100001000100
10100010110101011110111100100110
01101001001011000111110011010000
10001000101000101111011010111111
11101101100010101111011001001101
11110100010110010000001000000110
01101100001011100000110110111110
00011101110001011110000100110010
10100001101010011110100001001110
10001001110101010100111100101110
01101001001000000111110011010000
10001000101000101111011011111101
11100101100010101111011001001001
10110100011010010010001000001110
01101101101011100000110110111110
00011101110001011110000100110010
10101001101010011110110001001110
10101001110101010100101101101110
01101011001010000111010011010000
10000000101000101111001011110101
11100101100010101111011001001001
10110100011010000000001000001110
01101101111010100000111000111110
00011101110101111110000100110010
10101001101010011110111000001110
10101000111101011100101101101110
01101011001010000111010001010000
10001000100100101101001011110101
11100101100010101111010001001001
10110100011010000000001000001110
01101101101010110000111000111110
00011101110001111110000100110010
10101001101010011110111000001110
10101000101101010100100101101110
01101011001010010111000011010000
10010000100000101101001011110101
11101101100011110111110001001001
10110100010010000000101000001110
11101101101011110000111000110100
00011101100001011110001100110010
10101001101010011110111000001100
10101010100101011100000101101110
01101011001010000011000011110010
10001100100100101110001011110101
11110100001001110110011100001100
00110101010101000001000011000110
01010001001010101000101101001001
01001100100100100110101000000110
01100101111011111010101000010100
11100000100011001101000011110011
10101010110100101000000010010010
11001011101010000110001100000101
01010111001010100011000101010011
01011001111101010010011111100001
10100100000101101011100111100011
10100110000001111101011001010001
10001001110010010000100100010001
11010010011101111100111010100011
11101001000001000111110000011010
00000000011001011110111110101110
11101101100001101111010001001101
01110100011110010000101010000110
01101101001001110000111100110110
00011101110001011110000100111010
10100001111010011100100000001100
10100000111101011100111110100110
01101011001001000111110011010000
10001000101000101110011010111111
11101101100000100111010001001101
11100100011110000010001000000110
01101101001011100000111100110110
00011101110001011110000100110010
10100001101010011110100000001110
11101000110101011100111100101110
01101011001000000111010011010000
10001000101000101111011011111101
11101101100010100111010001001101
10100100001010000010001000000110
01101101101011100000111110111110
00011101110001011110000100111010
10100001101010011110101000001110
11101000110101011110100101101110
01101011001010000011110011010000
10001000101000101101001111110101
11101101100010100111010001001101
10100100001010000000011100001110
01101101101011100000111100111110
00011100110101011110000100110010
10100001101010011110111000001110
11101000110101011100100101101110
01101011001011000011000011010000
10001000100000101101001111110101
11101101100010100111010001001001
10100100011010001000011100001110
01101101101011100000111100111110
00011100110001011110000100100010
10100001101010011110011000011110
10101000111101011100100101100110
01101001001010000011000011010010
00000000100000101101001111110101
11101101100011110111010001001001
10100100011010001000111100001110
01101101001011100000110000110100
00011100100001011110001100100010
10101001101010111110101000001100
10101010111101011100000100101110
01101011001010000011000011010010
00000110101100101110001111110101
11110100001001110110011100001100
00100101010101000011000011000110
01010001001010101000101101001001
01001100100100100110101000000110
11100101111011111000101000010100
11100000100001001101000011110011
10101010110101101000000010010010
11001011101010000110001100000101
01010111101010100011000101010011
01011001011101010010011111100001
10100100000100101011110111100011
10100110010001111101011001010001
10001001110010010000100100010001
11010010011101011100111010100011
11101001000001000111110000011010
00000000010001011110111110101110
11101101100001101111010001001101
01100100011110000000101010000110
01100101001001100000111100110110
00010101110001011110000100111010
10100001111010011110101000001100
10100100111101011110110100100110
01101011001001000111110010010000
10001000101000101110011010111111
11101101100100100111010001001101
01100100011000001010000000000110
01101101101010100000111100011100
00011101110001011110000100111010
10110001101010011100101000001110
11101000110101011100110100100110
01101011001001000011110010010010
10001000101000101111010111111101
11101101100010100111010001001101
01100100001010001010000100010110
01101101101010100000111100011100
00010100110001011110000100111010
10100001101010111100101000001110
11101000111100011110100100100110
01101011001010000011110011010010
10001000101000101111011111111101
11101101100010100111010101001101
00100110001010101010011100000110
01101101101010100000110100111100
00011100110001011000000100111010
10000001101010011110001000001110
11101000111100011110100100100110
01101001001010000011110011010010
10001010101000101110011111111101
11101101100010100111011001000001
00100110011010101010111100000110
01101101101010100000110100111100
00011100110001011010000100101010
10100001101010011110001000001110
11101000111100011100100110100110
01101001001010000011110011010010
10001000101000101110011111110101
11101101100111110111010001001001
00110100010000001000111100000110
01100101001010100000110100110100
00011100110001011010001100101010
10101001101010011110101000000110
10101010111100011100100110101110
01101011001010000011010011010010
10000110101000101110001111110101
11110101001001110110011100001100
00110101010001000011000011000110
01010001001010111000101101001001
01001100100100100110101100000110
01100101111010111000101000010100
11100000100001001101000011110111
10101000110101101000000010010010
11001011101010000110101100000101
01010011001010100011000101010011
01011001010101010010011111100001
10100100000101101011110111100011
10100110000001111101011001010001
10001000110010000000100100010001
11010010011101011100111010100011
11101000000001000111110000011010
00000000010001011110011110101110
11111001100011100111010101001101
01110110011010001010101110000110
01100101101001100000111100000100
00011101110001011010000100111010
10100001111010011100101000000110
10111001110100011110110100100110
01101010001101000111110010010000
10001010101000101110011110111111
11111001100111100111010101000101
01100110011010001010001100100110
01100101101010100000111100001100
00011101110001111010000100111010
10100001101010011100101000001110
11111101100101011100100100100110
01101010001101000011000011010010
10001100101000101110010111111111
11111001100111100111110101000101
00110100010000001011100110110110
01101101101010100000111100011100
00011101110001111010000100111010
10100000101010011100101000000110
11111001100101011110100100100110
01101010001010000011000011010010
10001100101000101110110111110111
11111001100011100111110101000101
00110100000000101010001110000110
01111101101010100000110110101100
00011100110001111000000100111010
10100000101010011100001000000110
11101001101100011100100100100110
01101000001010000011011011010010
10001000101000101110101111110111
11111001100111100111010101000101
00110110010000100010101110000110
01101101101011100000111111101100
00011100110001111000000100111010
10100001101010011100001000000110
11111000101101011100110100100110
01101010001110000011010011010010
10001100101000101110101111110111
11111001100111110111010101000101
00110100010000000000101110000110
01100101101010110000110110100100
00011100100001111010001100111010
10101001111010011100101000000110
10111000101101011100100110100110
01101010001010000011000011010010
10001110101000101110101111110101
11110001001001110110011100001100
00110101010001000011000011000110
01010001001010111000101101001001
01001100100100100110101000000110
01100101111010111000101000010100
11100000100001001101000011010011
10101000110101101010000010010010
11001011101010000110101100100101
01010010001010010111000100010011
00001011110101100010001111100000
10100100000101001011111111100011
11101110001001101011011001010001
11000100110011000001100100010001
11010000010000111101010010110011
11101000100001100011011000111110
10001000110001010010111100001010
01110000100011110111100100010101
00101111110111100110001111100000
01100101100111000000111111100011
01101000011001001011000101101000
11100101111011001001000000010111
11110001000000011101010011110111
00101000100111100011001010111110
10001000110001001010101100010011
01110000100011110111100100010101
00101110110101100111001111100000
01100101100111000000111111100011
01101000001001111011001101101000
11100101111010001001000000010111
11111001000000011101010011110111
01101000100111100011001010110110
10001000101001001010101100010011
01110001100011110111100100010101
00101111110101100111001111100000
01100101100111000000111111100011
01101000000001101011001101101000
11100101111011001001000000010111
11111001000000011101010011110111
01101000100011100011001010111110
10001000100001001010101100010011
01110001100011110111100100010101
00101111110101100110001111100000
11100101100111000000111111100011
01111000001001101011001101101000
11100101111011001001000000010111
11111001000000011101010001110111
01101000100011100011001010111110
10001000100001001010101100010011
01110001100011110111100100010101
00101111010101100110001111100000
11100101100111000000111111100011
01111000001001101011001101111000
11100101111010001001000000010111
11111001000000011101010011110111
01101000100111100011001010111110
10001000101001001010101100010011
01110000100011010111100100010101
00101111110101100110001111100100
11100101100111000000111111100011
01101000001001001011001101101000
11100101111011001001000000010111
11111001000000011101010011110111
01101000100111100011001010111110
10001000101001001010101100010011
01110000011001010110100100010100
00101111110101100111000011100010
01010001100111001000111111101011
01001000001000100011101001000100
11100101111011101001000000010101
11110000000000001001010011010011
10101000110111100010000010111010
11001011101011000010101100000011
