01100111111011001001111110000110
11110100101001110010101100010011
10010001100000001110110110010010
11001111111001100100000111110001
00100010101011001001110110000110
11000000101001011010000100011010
10110001110100001110110010000000
11001111111001110000010111110001
00100010101010011001000101000110
11000000100101011011000100001010
11110010110011001010110010000000
11001111011000111000000111110001
00101010110110101010001100000010
11011010010101111111000100001111
01110000100011111011000110110011
11001111011000111000000111011001
10111000001000001000101100001010
01101001000101111011010100001011
01010000101011111010110111110111
11001111111001111100000111011001
10111000001000001000100110001010
01110001000001011011010100011011
00010101000011111110110110110111
11001111101001110100000111011101
10110100001000011001100110001010
00010001000101011111000110011011
00010101000011111010100111010111
11001111111001110001000111110101
00100010001000011001100110001010
01010001000101111111000110011010
00110101100011111010100111010111
11001111111001110000000111111001
01100001100110011100101111010010
11010001010001111111000010011010
01110001100001111010000111110010
11001111110001110000000110101001
01100001101110011101101011000010
11010001010001111111000010011010
01110001100101101010000110100000
11001110110001110100000111101001
01101001101011001101101011000010
11010100000001111010000010110010
01110011100101000010100110000000
11001110110011110100000111101001
01100101101111001001111010000010
11010100001001110010000100010010
00010011100100001110110110000011
11001010111001100100010111110001
01100011101111001001111010000010
11110100101001110010000000010010
00010000100100001110110010000011
01001011111001100101010111110101
00000011101111011001010010011110
11010100101000010110100101010010
00010001010000001110110010010011
11001111111001100101110111100101
00000110001111011001010110001110
10000100101101011110100101010010
10000101010010001110110010010010
11001111111001100001010011110101
10100110101111001000010110011110
11010100110111111110100100011010
10010001110011001010100110010010
11001111011001101000010110110000
01100110101010001001111111001110
11001100111000000010101011100011
11000010110100000100010010000011
11001111111111000100000111111001
00100010101010000001110101001100
11001000101001011010000011100101
00000010010100001110111010010011
11001111111001110000010011010101
10000010001100000000000101011100
10001001001111011010100000001101
01000110001011001110111100110011
11111011001010111000001001011101
10011011011100000000010000111000
00101101000100101011110100001101
01000101001011111110111100110011
11010011000010111000001000011101
10011001011100000000111010001001
00101001000001001011100100011101
01000101011011111110110100110111
10000011000000111110001101001101
01010101001000011001110110001001
10101001100000000010100100011101
00100101010011111110110110110100
11001111101000110110111101000101
01010101101000011001110110011101
10110101100000000010100000011111
00100101010001111110110110010100
11001111101001110110111111000011
11000110101000010001100000110100
10110101100100111110000001001010
10110101010001111110110010010110
11011110100001111011011110100011
11000000101100010100100100110000
10010001010100111110000110101010
11111101110011101110001100010110
11110010000001111010010110101001
01110001100100011100101011010000
11010011010100101111000010101010
11111001100111101010001110010110
11111010000001110000000100101000
01101001111100101101101011110000
11001110011000100011001010101010
01011011100100100000001110000100
00101010110011010100000101111001
01101001101100001101101011000010
11000100001000100010000011100010
00001010000100000100010110000111
00001010110011010100010111111001
01100010101101001001101111000110
11010100001000100010000011110010
00000010010100001010110010000111
01001011111001110101010111110101
01100010101111011001101011010100
11010100101000100010000011110010
00000010000100001100110010000011
11001011111001100101010011100101
00100010101111010001110101110110
11000100101010011010000001100110
00000010000110001100110010000011
11001111111001100001010111010101
00100010101111010001000101010110
11010100101111111010100000101010
10000010010110001110010110001010
11001111011000101001010110110001
00100101101011001001111011001110
11000100111000100010001011010111
10000010110100001000110010000011
10001111111111000100000111111000
00100010001100000001110100011100
11001100101011001010100011110110
00000000011100001100111110000011
11101010111001110101110101010101
10001111001100010000010000111100
10000100101110101010100101010100
00000101001111001110111100100010
11100011010000101001101101010101
10001111100101010010010010111000
10100100101111100110100101011100
00100101011111100110110100110010
01000011010000101010101100100011
01011101100111010011011010001000
10100100101101100110100001011101
00100101110111100100110100100110
00000011010000101010111100101111
01010101101011010011011010000000
10100100101100000010100001011101
00000010110100100100010010100000
10000011111000100111110011100011
01000101101011010001001110010110
10110100101000000110000001111111
10000000010100001100000010000010
11000110111001100111110111100011
01001011101011010001000100110110
10110100101100001110000001111010
10010100010000001110000010000000
11110110111001101011110110100011
11001100100010010001000100110100
10010110111110111110000101111010
10111100000011001110001100000010
11110010000100101010010100110010
11001100000100010110101010111000
10010111110111111110000101101010
11011101100011101010001100000010
10110010000101101010000100111010
01101101100100101100101010111000
11001111010000100110001011101110
11011001110110100000001110110110
00011010010111100100000100111000
01101101101100001101111011000000
11001110001001100010001011001010
01011010110100100000011110100101
00001000110111010100010111111101
00100000101101001001111111000110
11000100001001100010000011110110
00000010100100000000110110000111
00001011111011110100010111110101
00100010101101001001110111010110
11000100101000100010000011100110
10000010010100000000110110000011
11001011111001110101010011110101
00100010101101010001110101110100
11000100101010001010100011100110
10001000000100001000111010101011
11111011011001110001010011010101
00100010101111000000000101110110
11010000101111111010100000100010
10001010000110001110010110001010
11001111011101111001010111110001
01100101101011101101111111011110
11001100011001100010001111000111
10000010110100001000010010000011
10001111110101000100010111111100
01100010101101001001111111000100
11000100001001101010001011100111
00000010100100000100111010100011
11001111111001110101010101010101
01100011101101010001000001100100
10000100001001100010100010010100
00001010000100000100110110100000
01101111111001101101100101110101
01000011101111010011010010001010
10110100001000100010100000010100
00000110000110000100010110100000
01000111111001101001100101110101
01100001101111010011011010000010
10110100011100000010100000011100
00000110110100101100010110100010
11000011111001101001000010110101
00100000100111011011111111010110
11010100111000100010000001001111
00000010110100000100010010000010
11001111111001100101010110110101
00100000100111011001101111110110
11000100011000001010001011101111
10000010110100001100000010000011
11001111111001100101010111010111
01100000100010010001000101010100
11010110011101001110001011101110
10000000000100001101001010000000
11100010111000100001010111010101
11001000100110010011000101110100
10000110111111111110010010101010
00001000000010001001001100100000
11110010011100101000010101110001
11001001000101010110000100111000
10100110110110111110100100101011
00001111101110101101001100100010
10110010000100101000000100111010
11001101000101001100111110101010
10001110111111100110001000001011
01010111110110100100001100100000
00001010000111101000001100111110
00101001101101001000111011101010
11001110101001100010001001001110
01011011110100100000101010000101
00001000110111110100010111111110
00100000101101101001111011001110
11000100101001100010000011000110
00010010110100000000110010000101
00001011111011110101010111110101
00100010101101100001111111010110
11000100101000100010000011100110
00000010110100000000110010000111
11001011111011110101010011010101
00100010101101000001110101110110
11000100101000111010100001000110
00001010000100001000111010001011
11011011011101110101010011010101
00100010101111000001000101110110
11010000101011111010100000100010
10000010000100001010110110001010
11001111011101111001010111010001
00100100101000101101111111001110
11001010010001101011001011000111
11010010100100101000010010000101
10001101111101110100000111111100
01100010101100101101101111000110
11001010001001101011000010100111
01100010100100000000011010000111
11001101111001110100010111111101
01100011101101001001101011100110
11000000001001101011000010100100
00001010100100000000011110100011
01001111111001110100000111111101
01100011101101000001101011000110
11000000001001100011010010010010
00001010000100001000110110100001
11001011111001110101010111110101
00100001101101010001101111000110
11000000101000110010000000011110
00001010110100001100110110000011
11001011111001110101000111110101
00100000101111000001101111010110
11000000101001000010000001101110
11000010110100001010110010000011
11001001111001110001010111110101
00100000100010111001100101011100
11000010010001111011000000101101
11000010110100001001001110000111
11001001111001110101010111010101
01100010100000011000100101010100
11000010010101101011001010101101
01000010001101011001001111100011
11101011011011111100001111011101
11101001000100010010000101111100
11000110010111111011101110101011
00001010001111001001101101100001
11100011011000111000001101010101
11101101000101010010010100101000
10100110010110110010101010001011
00001111101110001101100100100000
10100011010000101000001100111101
01101101100101011010111110101010
11001110111101100110101000001111
01001111110110100100100110100000
00000100010001100000001110111111
00101000101101001011111111001010
11001110111001100010001001001111
00011011110100100000010010000011
00001100111001110100010111111101
00100000101101101001111111001110
11000100101001100010000001000111
00000010110100000000110010000111
00001111111001110100010111110101
00100010101101100001111111010110
11000100101000100010000001100110
00000010110100000000110010001111
11001011111011110101010011110101
00100010101101000001110101010110
11000100101010111010100001100110
00001010000100001000111010001011
11011011011111110101010011010101
00100010101111000000000101111110
11010000100111111000100000100010
10000010000000001010111110001010
11001111011111111001010111010100
00100000101100101101001110011110
11001011010101101011000001001111
11010010100001111010010010000011
10011101011110111000000110011000
00100000101100101101101111011110
11001001000001111011000010101111
11000010100101110010011110001111
10011100011010111100010100111000
01101001101100101101101011101000
11001000000000101011000010100110
00010010100101100000011110100111
00101110110111010100000101011001
01100001101100001001101111000110
11000100001000100010000011100010
00001010100100000000110110100101
00001010111001110100010111011101
00100000101101001001101111000110
11000100001001001010000011100110
10000010110100000000110010000111
11001011111011110101010111010101
00100010101100100000000101011100
11000000101001011010000001001111
11000010110100000010111010000011
11011001011011111001010011010101
00100000011100100000000001011100
11001001000101011011000000001101
01000010101111111011101110110011
11111001001011111000010011011100
10111001010100000000010100111000
01111100000101111011000100001101
01000100101111111110101100110111
11110010001001111100001001010100
10111101000100010000010000101000
00100110000101111011001110001001
00000101001011111000110101110100
11100011010000011100001101010111
01011101100101011010110110101000
00001110000001110010101010011111
00100101100111111000110111100000
00100111010000010001001111101111
00101101101101011010111110000010
11001110110001100111101010001111
01111111110110110000010110100001
00000111111001010101000111111101
00101001101101001011111011000010
11001000000001110011001010001111
01000010110100110000010110000011
10001101111001110100010111111001
00100000101001101001101111010110
11000000000001110010000010000110
01000010110100100000000110000111
00001101111001110100010111111101
00100010101001001001100111011110
11000000001000101010000010100010
00001010010100000000110010000111
11001011111011110101010111110101
00100010101101010001100101010100
11000100101010111010100011000110
10001010010100001000111010001011
11111011011001110101010011010101
00100010101111000000000101010110
11010000101111111010100010100010
10000000000100001010110110001010
11001111011101111001010111110100
10000000011110000000010100011110
10001101110111011111100001001111
11011011000001011110111010110010
10011001010111101000011110011000
00001000010100000100001010111010
10001101010101111110000011101101
10011001101111111110111100111010
10011010000110111010011100111010
01111001100100101101101010111000
11001111010000100010001011101100
00011001110111100010101110111100
00111010010111010110001100111000
01101001101000101101101011000000
11001110001000100010001011100010
00011000110100100000110110000101
00101010110111010100010101111001
00100000101101001001101111011110
11000100001000001010001011100110
01000010110100000000111010000111
00001011111111110101010111110101
00101010001101000000010001011110
11000100101011111010100000000110
01001010001100000110111010110011
01111011001011110001010011010100
10001010011100000000010000111100
10110101001111111010100101011100
01001101001111011110111100110010
01110010000011111000111101010111
10011101000100000001010010111000
00100100000101010010100101011101
00100101011111111110110100110110
01110010100000111010101100100111
11011101100100010011000010101000
10100110000101010010000000011101
00110101110011111110110100110100
10110011010000011010111100100011
00011101101000010011000110101001
10110000100101000110010000011110
01010101110011111110110101110100
10100110110001011011010110101001
00111000001000011110000110011010
11110000100001111111010010001110
01011101110011111110010110010011
10000110010001010001000010111001
00110000001000101100101111011010
11011001000001111011000010001010
01010011110101111010000111010111
11001110110011010100000010111001
00110001101000101101101011010100
11001001000001111011000010001010
01011011110101111010010111010101
01001111110011010100010110111001
01100001101000101101101011010100
11001000000000101011000010100010
00011010010101001010010111001111
00111111111011010101010101111101
00100010101001000001100101010100
11000100001010101000000011000010
00000010010100001000111010000111
11111111111111010101010111010101
00100010101101000000100101010110
11010100001111111011100010100010
10000000000000001010111110000010
11101111111101111001010111110000
00001011111110010101010100111110
10100110111110111110100101001111
11011001000001011110111110100000
11111000010111101000001111011010
10001000100100010101000000111010
10100110011111110110000001101100
00011101000111101110101100101010
11110010000110101010001100111010
01001001100000001101101010111010
10000110010100110110001011001110
00011101110111100010101110101010
00011010010111011100001100111000
01111001101001101101101011010010
11001110000001100000001011101110
01011001110100100000011110001101
00001010110111010100010100111001
01100001101001001001101111010100
11000100001001100000001010100110
01001010110100000000111110000101
00001000111111010100010111111101
01100011101101001001110001110100
11000100001001101010001110010110
01101010001100000100111010100011
01001010111011100101010111010100
01001011101101010001000001110100
10110100001001110010100111010100
00101100001100000100100100100000
01001010111001101000110101111111
01001011100101010001000010100000
10110100001001000110100000011100
00101100000110101100100100100000
01000010110001101001100100101011
01001111100011010011001010101010
10110100101101000110010001011100
00100100010110001110110100100000
01000010111001101001110100100011
10001101001011010011010000111010
10110100101100011110010001011110
00110101010010011110100100010000
11000010100001101011110100110011
10001100001000010000000010111010
10110101100100111110000001011010
01110101010011111110101100010010
01110010000001101010110110101011
10011100001000010100000010111000
10110101100101101110000100011010
01110101110011111110101100010110
01110010000001011010010110101011
10011101001000111101101010010000
11011101000100101111000010001010
11111101110011111010001111110110
00111010000011011010010100101001
01111001101000101101101011010100
11001111000000101011001010101010
01011000110001111010011111010101
00111110110011010100010101111001
00101011101000001101101101010100
11001100000000101001000011100010
01000000000100000010011111000101
10111110010111010101010111011001
01100010101101000100100101010110
11010000000011101001000010100010
10000000000001001010011110000010
11101110111111010001000111011000
01001101110011010101010001111100
10100110011010111110101011101111
10001000000100000100101010110010
11110110011111100000010111011010
01001010101001010101000000111110
10110100111110110110000011001100
00011100000010001110100100101000
11110010110101001000010100110011
11001000100001010110001010110010
10010110110101110110000010011000
00111100110111101010001100101010
00110010010001001000010100111011
00101000100000101100101011110010
11001110010001100110001010001110
01111110110111110000001110001111
00001010110001010100010100111000
00111001101000101101101111010100
11001110000001100001001010101010
01011010110100100000011110000101
00101100110011010100010111111001
01100001101101001101101111000100
11000100001000100010001010100110
01001010000100000000011110000101
00101010111011010100010111111101
01100011101101000001101011100100
11010100001001100010001010110010
00001010000100000100000110000001
01001010111011100100010111111101
01100011101101010001001011010110
10010100011000100010010011111100
00001010000100001100010110000001
01001011111001101101010101110101
01100011101111010001001011110110
10010100011000000010010011111100
00001010010100001100010010000001
11000010111001100001110101110011
01000101100011010001001011010110
10010100111100000110000011111110
10000000010100001100000110000000
11000010111001100001110101000011
01001001101011010001000001110100
10110100101100010110000001111010
00001100010000001110000110100000
01110010110001001001110100100011
11001001101011010001000000110100
10110100101110011110000001111000
00110100010010001110001100100000
01110010100001001011110100100011
11001100100000010110001010110000
10010111110110101110000001101010
00010100110011101110001100010110
00110010000001001010010100110011
11011000100000001101101011110000
11001111010100101110000011101010
00011000110011111010001110010110
00111010000011010010010100111010
01111001101000101101101011110100
11001111000000101000001011101010
01011000100100000000011110100101
00111010010111010100010101111001
01100010011000001100101101010010
11001111000001101001000010100010
11010000000101000010011110000101
00101110110111010100010111111001
01101101100011011001111001111100
11100110011010110110001011100111
10001000100100001100100010010010
11001110111111000100010111010111
01001011101001010101000001110100
10100100101000110110001011110100
00001100000100001110100010100000
01110110110101101000110101010011
10001000100001010101000000110010
10110110100100110010010000011000
00011100010111101110100100100000
00110010110101001001010100111011
10001000000000010100001010110010
10010110110101100110000000001010
00011100110011111010001100111111
00110010000001011001010100111011
00111000000000001100101011010000
11000111000001110011001010001010
01011001100111110010001110111111
00101010000011010000010100111000
00110001001000001101101011010000
11000000000001101011000010000010
01011011100100100000011110100101
00101010110011010101010111111101
01100001101101001101101111010100
11000000000001100011000010110010
01001010000100000000010110100101
01101111111011010101010111111101
00100000101101001001101111110100
11010100001001100010000010010010
01001010000100001000010010000011
01001111111001110101010011111101
01100010101101001001101011110100
11010100011000100010000010110110
00001010000100000000010010000011
11001011111001110101010011110101
01100011101101011001101111110100
11010100011000100010000011110010
00001000000100001100000110000011
11001011111001100101010011110101
01100111101101010001100001110100
10010100011000100010001011111010
00001000000100001100000110000010
01000010111001100001010111000111
01001001100111010001000001110100
10110100011100111110010011111000
00001100000010001110000110100000
01110010111001101001110111000111
11001100100001010101000001110110
10110100111110111110000001101000
00011100000010001110001100000000
01110010000101101000110100110011
11001000100000010101001010111010
10010110110100111110000001101010
00011100100011101010001100000010
00110010000100001010010100111011
00111000100000101100101111111010
11001110110000100100001001101010
01011001100111100010011110001110
00111010000111010000010100111000
01110010111000001100101111000010
11001111000001101000001011101010
01011001100101100010011110000000
00101110110111010100011111111000
01100101101001001001111111101110
11000100011000110110001010110111
10001000110100001100110010010010
10001111111111100100000111110100
01101011101001010001110001110100
11000100101000110010001011110110
00001000010100001100100010010010
01011110111001100001010111010111
11001011101101010101000001110100
10100100101010110010010010111000
00011100000010001110100100110000
01110010110001001001110101010001
11001000001001010100000000110010
10110100100110110010010000111000
00111100010011101110100100010010
00110010100001001001110100111011
11001000000000010100101010110000
10010101100101100110000000011010
01111101110011111110001100011110
00110010000001011011010100111011
00111000100000001101101011110000
11010101000001101011000010011010
01111101110111110010001110111111
00101010100001011100010100111001
00111001101000001101101011010000
11011000000001101011000010011010
01111001100101100000000111100101
00101010110011010101010111101001
00111001101100001101101111010100
11010000000001101011000010001010
01111011000101100000000111100101
01101111110011010100010111101101
00100010101101001001101111010100
11010000000000101010000010000010
01001010000100000000010110000111
01101101111011110101010111111101
00100010101101001001101111110100
11010000001000111010000010110010
00001010000100001000100110000011
11001111111011110101010011111101
00100110101101011001100111110100
11010000011000101010001011110010
00001000000100001000000110000011
11001111111011110101010011110101
01100111100101011001100101111100
11010100011000111110001011101010
00001000000100001101001010000011
11111111111111100001010111010101
01001111100101010001000001110100
10000110111110111110010011101010
10001000000010001111001100100000
11110010111110101000010111010001
11001000100101010111000101111100
10000110110110111110010001101010
00001100000010001011001100100010
11110010010100001000000100111011
11001100000101011100111111111010
11000110110110110110001001101010
00011100100111100000011100001010
00010010010111001001000100111010
01100001100001001000111110101010
11001111100001101100001010101010
00011001100111100010010110001110
00001010110111010000011111111000
01100110101001001001111111001110
11000100111000100010001010110111
10000000110100001100110010000011
10001111111111100100000111111100
01100011101001011001111111100100
11000100101000110010001011110110
00001000110100001100110110000011
11001110111001110101010111110111
01100011100101010001000001110100
10010100011000110010001010110110
00001100000000001100100110000010
01000010111001000001110101010111
01001011101001010001000001110100
10110100101000010110010010111000
00111100010010001110000100100000
01110010110001001001110100111011
11001000101001010101001010110010
10110100100100111010010000111000
00111100010011101110000100010010
01110010100001001011110100111011
11001000000000010101001010110000
10010101100100101010000000011000
00111101110011111110101100010110
01010010100001011010010100111011
10011000001000001101101010110000
10010101000101101010000010011010
01111101100011111010101100110111
00111010000001011011010000111001
00111000001000001101101011010000
11010001000000101010000010001010
01111101100011111010100111110111
00111010000011010001010010101001
00111011001000001101101011010100
11010001000000101011000010001010
01011001000101111010110111110111
00101111110011010101010111111001
00111011101000101101101011010100
11010000000001101011000010001010
01111010000101111010000111100101
01101111110011010101000111111001
00100010101000101101101111010100
11010000000001101011000010001010
01101010000101011010000111000111
11101111111011010101000011111001
01100110101000011001100101011100
11010000011000111010001111001010
11001000000101011001001111000011
11111111011111110101000111011101
10101111100001010010000101111100
11000000011111111111011110101010
10001000001010001001101111100010
11111111011110101001000111011100
10001111001101010110000101111100
10000110110111111111010110001011
00001110001010001001100101100000
10110111011100101001001100111101
10001101000101010100010110111010
10000110110110110110101001001011
00001111100110100100100100101010
00011010010101101001001100111011
00100001100001001000110110100010
11001110110001101010001000001010
01010001110110100010110110001010
00001010111001010101011111111010
00100110101001101001111010001110
11000100111000100010001000110111
10000010110100001000110010000111
10001111110101000100000111111000
00100010101101001001111111100110
11000100101000110010000011110111
10000010110100001100110110000011
11001110111001110101010111110101
01100011101101010001101111110100
11010100011000100010001010110110
00001000000100001100000110000010
01001010111001100101010111010101
01100011101111010001001001110100
10010100011000110010001010111110
00001000000100001100000110000010
01001010111001100001010101010101
01001001101101010001000011110100
10110100011010110010000010111000
00001100000110001110000110100000
01100010110001001001110100101011
11001101101001010001000010110010
10110100101100000010010000111000
00111100000010001110100100000010
01110010100001001001110100111011
11001100001001010001001010110010
10110100100100101110000000011010
00111101010011101110100100010110
00110010100001011011110100101011
10011100001000010101001010110000
10010101100101101110000100011110
01111101110011111110101100010110
00111010100001011011010110101011
10011000001000011101101010111000
10010101000101101110000100011110
01111101110011111010101100110111
00011010000001011010010110101001
10011000001000001101101011010000
10010001000001101010000110011110
01011101000011111010110111010111
00011111000001011001010010101001
10010010001000101100100011011101
10010001000000101010010110001010
01010101000011111010110111010111
11111111000111011101010011001000
10110010001000111100100111011101
11011001000000101010010111011011
11010001001001111010111111110111
11111111001111010101001011011100
10100111001100011000010100111100
01010100000110111010111110001011
10001001001011011010101101111011
11111011001001010101001101010100
10000111001101010000010100101100
00000110010111111010111110011011
00001101000011001000100101111000
10110011011000000001001101010101
00000111101101010010010100101100
10001110111111000010101000001111
01000111110110000100100110110000
10000111011001100001001111110101
00100001110111000010010100010110
11001110110001100010101000001011
11000010110100100110010110000010
00001100111001110100010111111011
01100100101001101101111011001110
11001100111000100010001000010011
10000010110100001000010010000111
10001111110101000100010111111001
00100010101101101001101111000110
11000100101001100010000010110111
00000010110100000010110110000111
11001111111001110101010111110101
00100010101101001001101111010110
11000100001001110010000010110110
00001010110100001000100110000011
01001111111001110101010011110101
01100010101101011001110111110100
11010100011001110010000010110110
00001000000100001100000110000011
01001011111001110101010111110101
01100011101101010001101011110100
10010100011001100010000010111010
00001000000100001100000110000010
01001010111001100001010101110101
01100011101111010001001011110100
10010100011000100010000010111000
00001100000110001100000110000011
01000010110001001001110101100011
01000001101101010001001011010000
10110100001100000010000010111100
00001100000000001100000110000000
01000010110001001001110101110011
11001001101001010001000010110010
10110100101100100110000000111010
00111100010010001110000100000010
01000010100001001001110100100011
11001101101001010001001010110010
10110100101100101110000100011010
00111101010011001110100100000010
01000110100001001011110100100011
11011100001001011001001010110000
10010101100101101110000100011010
01110101010011101110100000010110
01000010100001011011110100100011
11011110001000011000000010010000
10010101100101001110000100011010
01110101010011101110110000011110
01000010100001011011110100100010
11010111001100011000010010011100
10010101100110101110000100011110
01110101011011001010110101111111
01100011000000011111110000100100
11010111001101011010010110111100
10010100000110101110100100011111
11100101110011001000110101111100
11100011000000000111110101100110
01000111100101010010010110101100
10000110101110100110100000011111
11000111110110000100010110110000
10100011011000000001100111100111
00000111101111010010010101001100
11000110111000100110101000011111
10000110110110000100010110100000
10000111011001100001000011110101
00100010110111000000010100011110
11101100101101111010101000001011
11000010110100100110010110010010
10000111011001110000010111110010
00100110101001101101111111001110
11001000011001101010001000000011
10010010110100001000010010000111
10001111110101010100010111111001
00100010101000101101101111000110
11001000001001101010000011000111
00100010110100000010110010001111
10001111111001110101010111110101
00100010101100101101101111000110
11000000000001101010000010100111
00000010110100001010100110001111
11001111111001110101010111110101
01100010101001001001101111000110
11000000000001101010000010100010
10000010110100001010100110000111
11001111111001110101010111010101
01100010101001001101101111000100
11000000010001101010000010111010
00101010100100001000000110000111
11001111111001110100010111110101
01100011101101011001101111000100
11000000010001100010000010111010
00101010100100001000000110000011
01001111111001110100010111011101
01100011100001011001101011000100
11010000011001101011000010101010
00101010110100001000000110000001
01001111111001110100010111010101
01100011100111011001101011000100
11010000011001100010000010111000
00101000110100001000000110000001
01001110111001110001010101010001
01100001100011010001101011000010
11010000011101000010000010111000
00100010110100001100000110000001
01001110110001110001110101110001
01100011101011011001001011000010
11010000001101001010000100111010
00100010010100001000000011000001
01001110100001010001110101110001
01100011101011011001001010000010
11010000001100000010000100111010
00100010010000001100000111000100
11001110100000110001110101110001
01100011100011011001001110000100
10010100001100100010000100111010
00100010110100001100000111100100
11001010100001100001110101110001
01000101100011011011001110000000
11010100001100100010000100011010
00000110110100001100010110100000
11000011111000111101000111110001
01000001100011011010110111001110
11010010101100101010000000011010
00000110110100000100010110100001
11000111011001000001000111110101
00100011100111011010110101001110
11000000101100101011000000001111
01000010110100010100010110000011
11001111011001110000001111110101
00100010100111010000110101011110
11000000100101111011000000001010
10001010110000001110010110000010
11001111111001110000000111011010
00100101101010101101111111001110
11001001010101101011000000001011
10010010110001101010100010010111
10001101010111010100010111111000
00100010101000101101101111000110
11001001000001111001000010101011
10000010110001110010100010001111
10001101110101010100010111111001
00100010101000101001101111000110
11001001000001101001000010101011
10000010010001101010100110010111
11001111110101110100010111111001
00100000101000101001101111000100
11011001000101111011000010101011
10000010010001001010100110010111
11001101111111110100010111111101
00100010101000101000101111000100
11011001000001111011000010101011
10000010010001001010100110010111
11001101111111110100010111011000
00100000101000101001101111000100
11000001000001101011000010101011
10000010010101001010100110001111
11001101111111110100010111011101
01100000101000101001101111000100
11000001010001101011000010101011
10000010010101001010100110000111
01001101111101110100010111011101
01100100101000101000101111000100
11010000010001101011000010101001
10000010010101001010000110000111
01001001111001110100010111011101
01100100100000101001101111000100
11010000010001101011000010101010
10000010010100001010000110000111
01001011111001110100010111011101
01100000100000001001101111000100
11010000010101101011000010101010
10000010010110001010000110000111
01001001111001110100010111011101
01100101100100001001101111000100
11010000011101101011000010101010
10000010010100001010000110000111
11001011111001110100010111011101
01100101100110001000101111000100
11010000001100101011000010101010
10000010010100001010100110000110
11001011111001110100010111011101
00100101100110001000101111001110
11010010001100101011000010101011
10000010010100001010100110100110
11001001111000111100000111111101
00100001100010001000101111001110
11010000001100101011000000001011
10000010110101001110100110000110
11001001011001110100000111111101
00100000101000001000100101011100
11000010001100101011000000101011
10000010010100011010100110000111
11001001011001110100011111011101
00100010101111001000100100011110
11010000000111111011100010101011
10000010010001001010100110000110
11101111011001110000001111011100
