543 561 626 514 557 630 579 608 625 581 509 544 601 650 616 592 601 501 576 520 577 528 620 564 614 554 578 561 560 569 613 560
583 535 609 596 526 613 574 554 607 610 627 587 591 662 582 562 598 537 532 563 553 596 578 622 614 590 591 579 549 580 524 530
597 560 557 625 576 574 574 555 562 544 578 615 661 614 616 665 547 531 543 544 613 592 575 635 617 573 569 607 612 625 609 590
533 569 615 549 587 559 593 542 561 549 543 599 574 512 537 633 564 562 615 543 644 556 643 573 542 475 562 520 607 629 651 624
622 548 561 560 549 540 534 563 544 569 533 577 572 567 563 568 531 572 593 605 606 615 538 570 639 618 585 563 519 605 604 566
551 560 573 635 546 586 598 536 610 550 625 565 628 587 567 599 570 542 606 566 571 637 581 547 600 576 636 586 578 582 604 539
603 634 543 557 595 551 539 636 638 640 581 530 555 574 523 530 591 555 536 528 590 563 544 585 487 574 596 603 533 547 569 578
556 523 546 622 550 538 520 558 600 600 618 518 556 616 531 634 519 511 593 577 548 664 575 511 614 637 614 593 553 587 634 588
623 551 570 556 579 588 613 568 565 571 581 580 587 592 606 524 597 563 558 556 587 550 538 580 528 538 574 581 556 603 583 556
603 585 625 634 574 631 544 520 515 630 573 597 559 578 604 546 556 589 560 567 551 562 564 588 622 598 585 561 555 560 568 558
557 574 531 619 614 572 580 597 622 576 544 563 611 584 624 615 487 589 545 554 605 600 557 581 561 509 599 599 556 579 587 568
559 587 635 509 633 543 629 530 581 543 591 563 584 566 561 581 582 572 641 523 612 548 633 579 532 553 566 490 609 607 637 604
640 560 551 548 567 550 516 521 596 591 527 595 530 559 575 568 517 542 547 591 554 635 598 576 595 600 573 579 521 611 562 554
537 542 611 637 566 594 580 542 622 574 579 617 624 619 567 565 618 596 574 576 511 581 559 547 628 564 620 588 622 578 616 563
551 620 559 539 595 605 557 642 592 632 587 550 547 546 569 528 591 569 564 584 586 557 568 609 541 546 634 591 557 569 547 580
550 563 550 578 568 532 566 566 548 540 594 496 624 592 585 612 583 537 595 619 562 662 551 569 572 601 610 573 545 589 614 614
555 519 582 566 533 570 605 514 543 591 595 552 575 614 592 514 591 607 534 568 589 532 560 580 528 542 590 557 592 627 573 592
583 607 641 634 532 565 600 526 505 612 551 607 587 562 562 538 538 587 592 535 563 594 602 590 638 630 563 591 565 554 560 564
635 546 517 569 552 600 556 571 582 642 522 577 593 568 558 605 497 627 581 576 567 566 561 525 595 583 563 593 530 579 591 594
585 599 613 553 601 611 629 550 533 571 579 539 574 552 633 599 604 566 609 581 616 536 585 569 588 565 574 540 603 565 583 604
654 574 541 568 569 572 518 635 600 595 591 593 518 553 517 540 485 546 601 625 558 617 618 554 575 652 641 561 579 615 548 558
547 554 603 615 576 582 592 544 584 558 563 553 604 629 589 577 620 594 572 568 531 565 555 591 620 572 582 530 626 550 594 591
575 628 523 579 583 633 571 596 550 606 589 546 561 570 575 570 547 571 580 574 588 499 584 607 555 496 584 551 569 593 515 636
530 521 532 560 588 594 632 596 548 508 568 542 560 592 629 558 623 595 589 577 574 624 589 561 604 593 598 553 553 577 602 562
538 486 573 581 534 611 596 555 580 586 550 531 576 605 603 529 608 582 545 547 556 509 545 589 609 541 597 586 583 598 602 573
598 574 630 599 529 642 631 523 506 687 614 572 624 617 575 561 553 604 539 512 538 565 633 571 671 611 562 556 560 545 559 553
572 517 506 594 581 559 543 606 567 657 553 578 596 575 597 626 480 566 560 549 552 553 600 528 638 596 554 610 557 562 602 639
598 626 646 536 566 550 598 563 556 564 548 578 527 495 554 538 591 561 624 566 645 547 570 550 603 540 561 521 608 618 630 649
641 569 540 583 492 583 523 606 579 600 542 608 535 596 534 595 476 545 530 628 571 634 571 549 628 589 600 598 552 632 591 549
524 557 594 590 565 567 581 507 625 593 606 566 563 626 608 604 627 589 615 601 542 548 594 552 621 577 625 559 639 525 643 590
552 601 564 554 514 572 572 621 543 599 618 541 564 615 568 581 510 578 565 543 571 534 567 608 550 471 631 560 564 544 528 637
539 546 543 615 601 559 627 603 577 503 555 519 541 595 630 589 578 548 614 606 531 659 578 524 651 612 583 538 528 562 613 537
554 530 565 605 542 597 610 565 570 566 560 563 566 585 575 515 606 556 545 541 516 455 579 597 613 613 565 654 643 594 582 529
606 578 620 591 517 600 601 567 498 647 660 624 630 593 575 557 543 596 501 508 472 529 557 563 647 593 580 554 550 577 619 539
598 601 538 582 569 581 585 604 597 623 597 560 616 605 649 618 480 562 554 547 568 559 578 522 622 568 526 562 561 548 624 635
554 578 594 558 592 630 574 547 622 570 558 582 563 563 482 518 601 591 602 604 601 545 574 562 597 554 559 565 550 602 646 607
613 539 584 597 486 563 499 596 627 602 544 580 535 544 574 627 542 557 548 590 579 588 591 527 598 577 622 552 538 618 555 557
582 549 590 634 597 579 567 491 617 535 554 606 541 624 590 628 599 587 613 529 576 558 598 512 619 599 607 627 643 529 669 574
574 579 518 558 564 548 528 559 579 595 634 635 590 609 572 597 598 572 559 545 547 602 591 600 556 557 651 580 560 596 536 591
557 608 529 621 583 561 625 567 571 533 553 505 531 573 630 651 578 536 598 580 519 651 558 584 613 596 553 572 528 574 579 549
537 569 584 578 575 592 585 570 605 581 527 550 585 614 614 574 615 533 568 556 533 466 624 582 640 610 550 617 616 587 613 542
583 541 593 588 554 591 590 574 581 630 649 577 625 668 526 572 540 559 470 559 495 600 570 618 626 546 575 579 553 606 594 500
599 618 547 651 564 568 580 579 592 540 634 563 669 592 630 659 521 561 535 562 595 566 547 617 617 633 517 583 618 613 639 620
487 571 603 573 583 589 567 542 551 599 531 597 584 552 481 589 568 568 627 617 648 544 637 585 602 503 546 564 595 609 685 598
554 526 613 596 509 540 502 601 596 575 581 571 552 547 577 616 565 568 605 607 602 565 548 486 591 580 627 527 501 623 568 548
619 526 561 649 604 586 594 494 588 544 591 549 580 595 581 645 554 520 586 520 633 605 571 525 614 590 566 644 580 530 646 555
617 614 523 529 575 523 477 560 620 606 605 576 595 588 549 552 593 563 538 528 550 629 566 573 537 596 612 615 585 595 593 580
564 571 522 628 560 544 572 560 580 586 604 464 504 586 561 640 569 505 593 547 548 640 569 545 632 629 550 587 519 595 594 574
569 561 594 542 553 612 569 586 645 605 499 532 617 620 618 638 629 491 578 518 587 500 606 582 630 544 582 573 566 589 625 518
577 537 587 586 586 627 590 548 611 642 649 523 623 664 536 552 560 553 494 601 569 606 588 612 644 548 589 605 567 564 546 504
547 568 543 673 586 552 558 559 566 534 628 595 643 584 628 647 545 537 515 600 599 604 541 655 639 629 515 615 622 601 621 642
489 611 621 535 577 523 569 564 539 593 503 603 564 514 491 631 572 556 675 531 678 524 635 585 568 477 536 516 623 605 685 624
616 540 593 562 503 532 504 587 528 507 557 555 596 571 531 616 507 588 543 633 610 585 502 542 629 616 579 581 487 659 610 546
583 520 553 635 546 594 622 508 572 558 627 565 602 605 591 589 586 538 578 572 625 625 571 543 594 572 600 618 592 552 642 541
571 632 589 521 553 541 511 612 612 622 575 520 565 598 539 506 575 507 518 538 522 599 536 553 513 586 628 595 541 523 563 576
560 523 576 638 544 524 548 550 592 614 640 500 546 628 531 646 527 509 597 559 510 672 599 489 634 601 556 609 517 637 608 586
593 547 606 530 543 616 573 622 635 581 519 578 621 644 618 612 617 493 576 532 589 530 600 562 608 558 592 581 546 585 633 572
595 557 599 606 588 625 584 502 585 626 653 559 575 618 572 562 596 563 540 587 571 544 568 602 636 564 575 561 581 554 558 560
521 568 559 661 610 556 540 589 550 556 582 617 643 600 652 645 525 523 519 578 601 594 583 643 617 561 565 609 610 603 583 592
511 603 637 519 577 531 571 578 583 553 497 621 548 514 515 601 570 568 647 535 646 536 653 595 546 503 572 462 631 633 659 622
612 554 567 564 529 540 514 569 528 531 505 557 620 579 581 600 503 608 543 585 616 633 510 576 645 576 527 583 485 603 612 536
531 544 567 633 524 598 624 530 602 584 631 603 604 591 585 589 606 566 590 586 577 627 575 559 602 582 652 608 586 578 654 513
559 624 613 525 543 535 551 652 616 626 611 526 557 602 515 516 571 529 536 546 542 593 556 597 493 572 646 599 529 507 589 564
560 551 592 640 566 528 508 542 594 616 618 508 578 632 515 640 507 505 595 615 524 642 573 497 632 587 572 597 523 611 632 592
569 617 602 490 535 604 575 608 597 589 507 578 603 618 596 622 595 499 592 540 591 556 638 576 602 562 536 549 538 555 629 544
559 495 573 588 520 593 600 530 603 606 633 551 577 684 556 568 594 541 550 581 563 606 606 606 590 576 591 597 571 588 536 530
605 572 575 671 600 558 600 545 570 480 558 625 675 614 608 681 567 513 545 568 607 604 595 663 575 569 587 565 648 627 607 610
527 559 615 531 569 589 591 548 541 523 499 591 596 510 545 665 546 556 607 533 662 580 613 593 524 457 554 528 629 611 597 610
600 532 595 580 563 526 544 569 570 557 561 567 584 569 581 566 565 560 585 575 604 623 504 572 633 600 563 535 523 607 602 554
589 560 557 611 578 586 624 568 572 552 669 549 642 525 557 557 534 564 582 548 583 653 543 555 614 580 616 586 594 570 596 543
597 658 549 515 621 565 561 652 656 626 555 512 549 550 479 522 603 551 490 512 562 597 534 593 495 580 572 607 585 581 579 590
574 539 570 626 590 550 512 560 600 586 640 528 570 604 561 644 547 511 605 569 544 640 585 537 638 627 608 603 555 573 630 582
635 597 588 580 563 524 619 602 635 555 573 582 595 598 622 662 591 527 556 586 633 532 502 568 548 542 626 501 556 583 599 590
587 573 581 644 618 613 512 520 627 542 519 497 593 570 576 526 570 541 616 631 593 608 608 582 624 600 603 571 623 560 624 540
475 584 571 699 550 612 564 637 522 550 546 593 609 546 642 577 581 609 533 634 635 586 555 537 531 591 515 581 598 589 577 534
547 651 631 543 555 521 617 654 587 551 497 599 550 576 591 617 596 550 635 501 620 564 591 605 544 561 566 516 551 559 625 588
580 578 615 526 583 562 522 627 566 507 629 555 590 527 595 568 529 578 525 587 612 555 516 564 585 590 561 609 521 589 576 616
597 594 547 605 524 596 600 598 576 516 599 549 612 569 599 533 612 568 540 576 541 651 507 557 528 552 542 518 572 476 634 511
551 576 623 523 591 605 561 648 614 586 551 534 559 582 535 428 555 541 544 576 558 573 524 613 601 562 584 541 565 577 585 556
646 569 618 620 592 514 536 572 602 586 624 530 574 584 511 564 579 563 575 629 536 594 611 515 640 541 568 603 565 607 540 590
598 586 579 559 538 555 640 583 668 558 520 569 638 615 665 633 526 518 565 541 580 549 583 553 617 521 631 534 555 576 596 589
630 588 600 671 597 610 605 531 622 585 542 532 592 585 581 557 627 468 641 580 664 599 629 619 657 619 600 600 606 595 575 573
606 531 536 616 569 615 545 614 495 585 601 628 592 567 591 598 616 606 532 553 582 547 564 578 664 624 528 552 583 618 596 495
526 520 588 624 484 606 584 599 600 610 536 566 511 559 630 634 625 511 594 532 619 581 628 568 561 540 543 521 584 572 628 555
603 547 578 569 554 571 451 528 539 550 612 550 603 534 552 621 498 579 594 562 669 524 545 605 638 649 592 630 526 584 551 619
536 615 532 612 529 587 615 601 527 589 608 618 609 586 596 530 567 537 587 585 524 622 498 568 501 557 605 515 551 515 649 538
586 559 628 596 560 608 538 603 595 593 584 529 576 545 586 501 506 526 549 509 541 580 545 606 512 541 611 526 552 516 548 573
625 520 613 581 577 585 555 525 585 627 585 551 561 569 500 587 524 534 562 552 521 583 646 452 607 520 541 580 534 628 571 557
616 556 571 543 552 587 570 591 666 576 498 535 650 577 587 653 606 522 583 557 576 579 561 553 649 511 629 594 565 574 596 535
602 576 556 579 601 618 631 533 588 653 612 488 590 653 593 565 611 508 529 538 604 575 613 557 635 557 612 598 586 587 581 565
564 513 526 658 669 545 549 606 513 563 653 618 612 593 657 612 566 486 564 549 572 575 590 636 648 596 498 614 635 546 578 593
494 612 606 538 540 510 592 575 604 624 550 584 521 553 572 566 575 515 572 582 659 529 660 554 581 510 533 509 558 624 672 639
585 535 594 583 542 537 473 532 505 542 516 620 627 560 562 637 532 539 490 540 657 604 499 565 624 577 512 608 490 578 627 575
536 579 580 598 505 601 541 593 555 643 626 610 563 552 652 576 567 563 609 591 568 588 560 554 551 617 637 597 613 593 629 526
534 625 626 530 498 516 538 625 577 607 594 543 576 539 568 485 582 488 569 487 477 640 531 554 510 559 685 546 562 514 528 541
583 574 557 681 581 547 555 501 595 679 529 553 543 587 502 583 476 538 588 632 427 627 586 462 563 600 513 558 500 662 613 543
622 558 611 627 566 535 544 633 608 554 642 627 598 527 563 559 580 590 577 589 526 527 585 545 519 587 605 678 667 626 564 577
550 610 582 575 665 584 551 587 510 623 604 582 596 531 607 549 553 602 563 538 508 539 531 555 573 565 582 576 608 591 673 559
498 613 552 582 555 551 615 618 545 585 627 606 622 571 663 568 580 510 570 557 586 545 618 534 554 586 552 556 577 556 562 583
552 580 626 530 590 542 546 605 620 610 546 636 547 621 548 516 559 557 574 620 525 587 600 614 547 610 563 551 488 632 582 627
561 519 636 595 600 517 569 564 573 584 484 614 573 556 612 705 570 625 520 514 617 540 591 599 552 513 516 584 484 568 597 607
542 591 590 618 517 617 569 605 643 625 522 588 509 568 598 576 563 587 639 547 536 572 610 556 539 647 579 625 613 599 655 566
594 549 592 592 598 500 604 609 587 597 644 651 604 585 610 543 642 522 567 545 525 636 559 562 614 609 609 538 524 612 584 521
589 662 579 627 537 519 567 525 565 603 541 573 551 593 498 563 542 564 540 608 529 543 562 600 573 544 493 588 558 644 615 569
580 620 621 591 564 547 550 603 604 542 570 635 614 569 597 485 548 516 599 561 512 519 651 617 595 609 569 612 657 536 614 603
560 524 558 613 519 508 561 573 556 557 578 594 626 583 577 563 557 568 565 556 534 577 601 631 569 535 606 590 636 613 617 529
646 651 634 578 523 571 681 570 609 523 653 588 686 591 593 660 574 560 554 509 586 559 586 562 598 644 576 546 619 632 598 569
524 484 560 592 560 596 486 565 542 576 520 618 619 647 576 622 541 537 584 614 581 573 568 630 615 548 593 619 550 626 536 587
533 499 630 639 606 519 581 584 591 642 542 640 547 596 616 665 602 577 672 522 605 500 543 607 522 591 584 504 514 564 539 591
616 559 522 648 599 615 557 597 599 589 618 520 573 548 554 620 489 575 655 483 586 616 544 566 547 581 543 651 513 589 603 574
682 541 536 534 614 518 568 553 615 621 606 615 628 567 588 569 618 544 489 541 551 600 551 546 552 635 485 588 638 604 628 503
581 586 553 567 545 573 559 553 581 575 635 561 513 611 562 585 530 560 544 522 577 547 580 658 589 616 535 582 562 586 617 585
611 609 596 536 563 596 555 560 619 649 499 592 593 560 620 604 601 495 614 524 571 552 618 622 616 536 546 545 564 589 657 524
575 461 601 598 516 575 576 534 601 636 629 515 613 678 542 574 530 569 514 603 555 656 632 586 602 522 597 601 605 570 554 484
611 618 583 701 612 524 620 581 604 482 632 587 665 564 624 665 535 553 515 556 595 612 561 663 627 651 555 613 628 573 609 628
477 551 621 565 593 539 525 550 521 581 497 585 600 550 529 677 546 548 679 531 694 544 613 615 600 451 558 562 621 583 619 612
648 490 637 588 533 522 550 543 570 557 565 555 620 575 525 608 559 548 597 595 610 567 490 538 567 608 565 543 519 663 598 546
611 498 531 649 616 602 666 534 570 590 707 553 608 537 575 597 546 602 570 536 609 655 521 563 618 572 572 620 598 548 580 565
627 614 533 477 547 513 527 610 620 624 511 498 575 562 505 508 611 527 468 552 512 611 524 537 515 610 520 635 625 547 537 556
566 477 548 578 550 552 544 550 594 566 664 492 526 618 565 614 529 469 605 549 500 638 603 543 622 655 572 645 537 619 600 624
647 603 600 524 555 590 571 648 627 603 537 646 597 592 570 656 677 495 600 536 623 532 546 554 576 550 544 561 500 591 645 540
595 509 607 594 542 611 560 502 605 618 635 525 591 644 562 572 530 567 544 631 555 562 582 580 602 502 599 547 607 568 560 536
547 586 585 715 600 544 584 599 586 514 568 631 617 592 694 633 523 519 493 586 603 600 559 687 567 573 573 621 660 569 571 614
485 611 637 485 627 519 567 534 547 513 479 639 590 524 503 617 556 558 659 529 652 522 639 599 546 475 556 520 621 607 625 620
614 508 599 558 557 526 528 553 546 509 549 533 614 563 601 564 557 580 513 563 558 615 484 578 593 544 495 553 501 601 606 532
579 500 575 611 574 624 664 572 586 566 655 583 640 533 593 565 594 606 524 596 577 653 551 573 586 580 604 614 620 558 574 495
555 626 613 453 575 543 585 668 638 598 567 530 539 614 479 484 643 551 490 550 520 593 554 533 545 604 596 621 561 545 573 554
570 563 578 650 586 504 502 530 604 604 630 520 596 596 515 624 525 459 575 629 516 624 569 487 630 605 596 633 507 575 588 594
571 613 562 498 539 620 583 600 607 585 507 590 581 586 602 554 569 515 594 540 599 566 618 624 606 562 494 567 560 553 595 562
641 521 597 598 516 575 582 530 567 622 627 587 579 650 574 586 580 545 552 553 541 606 578 560 570 550 601 573 531 580 552 550
623 608 561 627 636 556 588 567 592 510 572 585 633 590 606 653 499 545 515 480 597 594 607 633 601 565 609 567 586 599 617 596
531 535 613 527 593 625 575 500 573 551 541 573 598 532 543 641 528 536 619 519 618 570 613 583 590 485 544 528 639 613 603 592
612 500 579 588 565 538 542 501 630 611 537 565 550 553 579 560 599 528 605 585 564 651 556 550 587 590 559 537 559 605 580 566
579 536 585 621 608 580 602 534 616 578 655 599 614 551 553 587 556 574 600 546 543 621 563 535 640 558 628 598 604 588 578 567
605 624 483 521 617 597 557 620 606 620 575 542 555 556 513 596 599 567 486 526 570 603 564 589 487 566 554 653 617 579 555 574
570 555 548 594 570 580 524 564 582 548 624 504 574 584 609 656 537 471 589 585 542 676 575 595 610 695 610 603 553 555 612 598
619 583 584 566 597 564 603 608 633 589 553 592 595 558 568 624 655 517 576 536 607 512 540 596 600 564 530 537 552 555 623 528
611 501 639 598 548 579 554 532 597 598 609 505 635 654 540 560 534 559 522 591 539 640 602 568 614 544 601 573 589 594 574 484
581 600 567 681 622 578 586 611 588 558 584 577 597 574 644 609 511 561 483 556 597 592 551 647 621 641 545 623 646 583 629 606
483 577 601 553 617 533 595 502 549 549 515 561 576 554 503 641 570 516 681 575 662 514 651 571 602 469 538 576 595 605 695 600
592 504 639 556 547 558 502 577 598 565 607 553 566 551 577 540 561 516 579 623 582 583 522 478 559 576 589 541 539 617 576 516
631 508 587 615 626 568 612 504 580 544 639 593 576 575 585 617 598 568 532 530 609 647 525 539 594 550 562 596 594 530 594 531
597 618 513 459 565 577 521 586 612 574 557 560 571 618 513 498 603 549 488 524 536 591 580 583 577 606 566 627 605 583 561 568
592 551 536 628 588 524 566 546 584 586 662 460 540 562 593 606 551 473 579 595 526 662 591 517 654 643 600 623 517 563 536 604
646 584 587 519 568 563 590 597 626 604 502 591 582 589 627 617 646 492 601 529 596 567 587 587 617 527 553 536 491 556 640 519
622 554 616 655 585 618 575 537 588 633 580 550 562 645 563 549 557 502 555 572 572 597 609 579 631 569 590 578 592 603 571 497
552 575 556 686 623 565 563 592 617 553 595 604 606 583 637 628 490 564 496 543 576 609 588 684 646 596 564 606 655 574 604 591
466 540 610 542 580 572 584 513 560 564 494 582 553 539 564 648 577 525 680 550 697 521 674 600 557 474 557 497 622 638 658 625
591 471 606 563 524 517 487 516 569 514 546 522 625 562 564 569 522 527 584 628 591 592 503 577 594 573 568 586 508 614 587 513
568 509 570 630 577 595 617 553 593 589 680 626 605 580 564 536 575 587 529 565 584 646 532 556 619 581 635 605 601 539 609 548
582 595 578 466 550 558 514 629 619 613 578 513 562 571 518 515 612 522 483 497 485 586 549 544 502 587 601 598 564 534 562 565
587 566 549 627 537 551 555 521 571 575 637 453 589 601 574 615 526 466 590 606 469 665 590 488 627 628 589 624 528 614 585 591
661 601 558 532 579 522 599 598 557 593 591 590 555 530 604 568 637 507 628 588 601 602 506 610 508 522 548 587 520 569 629 560
615 571 601 626 538 587 542 518 545 612 559 581 559 612 602 580 522 583 582 561 563 592 544 516 602 554 601 585 591 572 604 502
617 612 553 675 614 544 588 585 656 548 558 549 591 552 614 583 493 569 541 526 583 596 619 627 547 555 597 601 612 501 547 582
505 559 617 483 641 561 629 524 573 551 529 553 618 600 573 619 542 546 651 527 634 506 631 639 554 543 558 508 607 607 599 618
592 494 555 580 571 568 516 503 636 603 569 597 554 527 607 550 581 504 561 569 540 647 562 554 529 560 521 575 513 607 564 520
555 502 587 647 636 612 552 586 606 556 583 605 586 599 585 541 628 646 504 580 533 591 549 559 606 592 562 622 622 592 590 593
521 618 555 469 595 575 537 642 586 588 515 564 537 528 557 546 609 563 516 540 558 561 548 565 569 584 590 641 633 603 531 556
544 613 540 586 562 518 584 512 526 550 600 502 634 574 627 582 597 501 589 675 524 634 571 627 586 615 600 627 581 579 572 614
534 588 693 607 580 515 552 603 576 608 634 609 576 585 603 583 670 514 551 619 586 599 493 521 511 565 597 592 549 584 616 637
572 628 620 631 569 600 555 549 614 585 490 580 536 519 591 567 553 546 613 548 590 523 551 589 551 585 574 540 656 585 647 483
558 629 610 588 539 559 607 602 631 617 545 550 598 597 623 538 608 610 540 583 578 567 594 554 546 632 546 610 597 550 524 543
540 582 618 546 592 562 636 565 524 590 504 578 589 603 624 602 537 555 642 626 539 539 630 632 541 612 553 569 528 598 522 633
607 535 612 575 598 545 555 646 615 542 602 582 557 574 626 541 586 585 562 558 547 558 557 525 486 539 638 546 548 518 555 571
622 567 612 610 575 609 563 627 565 515 550 494 577 590 578 528 599 591 511 637 532 616 558 630 557 579 513 549 557 587 589 622
584 531 584 566 632 604 624 635 595 599 540 619 570 601 572 557 568 558 581 539 563 530 561 584 664 587 571 584 604 602 538 553
587 632 547 583 541 535 633 497 519 515 609 535 623 575 648 511 648 600 516 626 569 535 610 614 591 560 593 580 650 558 565 535
533 619 596 580 543 516 581 568 613 557 563 622 585 612 628 584 539 489 612 542 623 588 608 626 666 570 580 549 598 495 621 586
641 561 579 648 554 537 602 544 589 590 545 565 547 602 566 562 602 479 638 579 623 576 602 638 610 592 575 601 663 556 560 544
599 620 613 575 604 550 556 559 604 530 610 609 667 610 572 677 541 607 523 512 589 554 563 601 665 625 615 559 608 613 605 542
519 485 549 595 541 627 565 566 547 583 487 551 566 576 649 655 516 516 619 535 608 566 645 605 618 581 604 530 621 611 539 608
574 510 585 610 529 520 566 515 582 559 539 575 586 585 609 580 579 528 651 595 652 569 550 588 527 600 637 575 529 549 576 570
601 578 561 647 548 624 580 602 572 600 691 563 596 557 501 565 522 556 602 530 589 645 505 591 544 556 606 564 538 572 580 585
681 526 583 537 603 573 581 610 600 642 585 528 599 578 579 580 565 561 512 496 574 559 548 519 515 620 472 619 609 523 601 534
600 545 606 536 534 634 518 510 514 564 650 494 570 636 593 590 575 529 545 537 578 556 609 599 620 579 596 539 603 541 600 544
614 640 565 529 556 615 570 573 622 632 494 587 584 583 619 643 562 496 647 555 620 581 603 645 627 521 553 536 547 550 674 523
614 456 594 611 519 570 587 517 566 635 622 526 592 711 543 595 579 552 529 640 574 641 601 581 595 513 596 590 612 549 549 507
622 595 582 716 639 517 573 568 573 479 601 586 650 559 601 680 494 546 504 527 622 601 560 680 636 606 570 602 627 596 610 633
490 554 610 528 592 578 552 561 542 566 498 546 595 543 550 704 511 523 686 478 701 529 612 612 597 458 547 521 642 586 624 631
617 505 602 597 512 523 551 546 599 576 560 566 591 560 544 589 562 525 608 620 609 628 467 521 578 601 538 548 522 652 613 523
584 501 542 652 583 609 649 541 571 589 742 580 639 526 568 598 553 577 567 525 616 678 516 576 639 545 631 613 617 557 581 550
570 629 548 462 552 544 532 619 621 637 532 475 570 561 524 551 588 510 473 543 541 622 533 530 464 629 523 638 634 542 542 547
583 482 581 533 567 579 509 521 569 567 659 491 545 621 582 637 530 464 622 572 515 643 598 546 641 628 587 590 566 588 589 567
662 636 577 503 582 601 566 623 608 610 544 633 570 593 553 651 646 514 631 567 626 559 527 593 565 541 543 562 513 594 648 551
594 496 604 593 531 616 537 515 592 615 648 530 598 653 553 607 539 594 531 660 540 579 565 557 579 515 594 542 608 577 551 535
556 605 594 734 589 565 585 596 569 507 563 610 598 567 691 644 514 532 506 559 608 611 568 690 564 540 592 632 635 570 548 619
504 610 650 472 622 534 580 535 542 530 494 618 597 517 486 632 543 563 652 514 667 533 590 592 541 452 545 529 634 590 616 629
603 523 586 575 546 521 531 552 587 530 546 534 615 582 580 539 556 581 522 580 541 620 481 587 592 535 472 572 522 610 621 541
582 493 562 622 569 641 655 597 591 543 654 580 639 524 600 566 577 589 533 597 580 660 550 578 617 565 605 627 633 567 545 510
538 651 608 462 576 542 570 653 631 617 552 507 548 603 446 505 638 548 489 571 533 594 561 526 542 643 595 620 574 562 572 553
563 548 601 629 569 501 491 529 603 567 631 525 575 589 520 627 538 482 602 644 521 629 550 500 625 612 621 632 544 586 573 571
595 657 590 538 545 578 577 580 555 553 583 604 577 588 604 582 573 591 590 574 579 534 568 566 590 530 574 589 628 589 587 570
573 565 553 594 532 569 564 524 543 598 597 617 545 606 578 592 568 601 570 573 507 564 536 542 526 548 595 569 559 558 640 558
585 644 637 589 554 598 656 591 570 542 596 609 659 554 648 597 543 569 589 552 605 604 565 537 483 521 613 541 550 571 573 586
573 585 605 501 571 637 583 568 629 577 579 585 614 604 541 547 548 586 561 541 588 626 525 635 566 551 554 520 567 585 541 560
582 536 615 578 557 532 596 563 616 591 555 605 556 529 601 616 609 564 551 497 548 615 554 620 545 556 507 551 551 565 534 616
557 562 563 601 602 596 566 602 558 580 595 579 614 503 565 591 544 614 612 546 537 603 575 511 588 588 634 574 602 552 560 561
563 576 565 549 583 543 615 632 600 586 621 570 535 554 557 564 597 601 586 618 564 601 588 587 551 596 552 599 607 637 587 526
614 607 578 594 564 532 560 606 592 556 556 592 560 542 563 648 577 541 579 621 574 558 575 611 552 629 560 619 589 611 622 572
638 620 629 599 568 571 560 547 562 558 556 607 566 521 597 531 534 530 609 581 532 501 613 599 629 591 577 602 667 520 582 557
598 510 586 585 467 510 555 535 526 589 612 586 646 633 565 585 521 554 517 606 482 637 599 589 551 529 612 592 590 591 625 519
664 671 634 612 495 551 689 592 575 531 641 596 650 583 637 670 570 560 568 499 596 541 542 552 578 646 536 546 559 624 622 611
568 534 552 556 578 590 524 553 560 628 552 656 583 625 534 632 539 539 606 588 585 589 534 644 643 512 513 641 550 612 544 597
565 491 646 607 544 511 571 598 611 678 586 658 537 582 554 655 638 545 624 488 573 520 543 565 532 585 576 504 534 584 519 657
646 535 562 650 625 623 561 583 569 553 628 516 575 502 602 632 461 565 659 489 568 628 548 516 561 521 555 627 569 547 589 554
660 563 508 498 582 518 576 529 621 621 616 599 592 593 562 565 594 568 525 583 545 608 607 548 566 635 531 592 640 648 582 481
619 572 587 573 561 545 549 565 571 569 587 565 479 563 562 623 540 580 550 554 579 539 610 632 573 652 529 602 552 598 607 563
619 655 592 546 569 584 553 588 583 627 551 544 585 568 604 640 615 537 610 552 605 542 596 638 604 554 512 521 584 589 619 516
577 445 547 598 536 601 554 548 595 586 619 503 599 702 524 566 522 581 508 655 541 624 604 564 594 528 589 573 587 584 606 480
569 640 615 719 580 552 622 555 598 452 608 559 681 502 604 657 533 583 539 568 631 618 539 669 549 609 553 583 614 561 595 648
511 573 615 533 563 583 575 596 523 559 489 579 636 558 517 679 542 554 645 519 680 522 579 631 540 461 566 532 597 559 593 608
596 486 639 584 519 546 570 557 612 551 597 573 570 575 567 576 585 524 595 583 604 573 494 536 517 576 545 553 531 659 568 558
637 496 529 633 624 580 652 574 568 546 655 541 610 503 569 571 560 586 560 516 623 661 531 537 640 592 572 626 594 542 566 559
611 630 531 477 589 543 563 632 626 600 523 516 557 576 463 516 619 553 502 574 524 611 550 583 551 648 538 645 635 591 569 554
608 521 570 578 556 500 544 554 596 556 632 518 542 592 569 630 565 495 633 565 528 628 565 591 620 627 580 647 553 601 558 600
650 604 579 603 558 505 638 553 598 546 610 569 550 577 593 649 570 544 593 575 590 557 507 561 567 535 619 516 603 580 598 575
566 570 576 629 583 602 515 517 606 565 530 536 614 535 529 529 527 550 619 660 568 611 537 531 569 579 618 626 638 549 677 513
506 595 570 674 509 631 581 614 523 545 573 542 584 521 623 566 552 620 584 645 648 599 584 480 494 582 508 574 561 566 574 569
534 672 568 524 560 560 574 691 604 602 500 584 555 631 586 604 575 561 608 488 613 539 534 672 599 582 551 533 524 518 594 579
575 537 620 565 562 583 519 664 609 540 644 582 563 542 586 575 524 609 510 594 605 546 539 595 534 597 574 620 512 596 557 613
582 613 534 624 573 607 595 617 561 493 546 534 601 582 618 516 623 583 543 571 556 638 512 536 545 567 545 533 589 487 633 546
524 547 610 530 560 594 582 609 599 549 542 545 540 587 572 483 564 504 553 621 545 584 531 602 606 593 591 560 580 612 568 529
645 580 657 585 557 537 593 547 559 555 619 547 545 551 556 591 592 562 620 644 523 575 624 566 633 536 555 648 582 668 539 587
600 568 619 657 564 489 598 509 642 554 592 533 622 579 613 637 524 548 493 603 560 539 533 517 651 549 641 572 619 600 610 577
662 610 632 631 605 626 615 549 556 613 514 566 620 567 565 533 573 538 645 600 602 593 599 599 635 627 602 588 628 557 639 513
598 577 540 554 525 587 547 618 511 593 641 566 580 509 595 584 598 628 564 525 568 517 562 484 616 632 512 546 505 576 592 549
558 556 592 608 524 588 596 651 592 654 510 600 489 595 620 598 623 553 596 564 585 553 562 600 603 578 529 577 550 574 564 619
627 557 606 559 514 583 491 544 575 582 594 576 571 584 546 637 484 597 584 576 625 510 565 599 570 631 620 666 542 608 585 627
568 639 570 574 551 601 599 629 569 591 562 526 535 614 598 506 599 575 617 597 534 604 572 588 559 549 575 549 591 511 627 574
590 501 646 596 542 594 616 621 593 593 588 589 598 619 616 551 526 540 609 567 553 580 585 632 614 547 591 514 560 560 522 579
647 542 623 583 539 575 617 559 549 521 553 535 539 557 576 587 532 614 532 554 541 547 662 510 603 532 515 576 578 632 581 515
562 558 561 635 562 531 602 519 606 554 604 583 588 589 601 545 524 588 521 567 538 507 577 595 663 583 605 610 661 600 590 501
620 576 656 615 533 580 667 543 428 641 598 596 596 579 575 557 543 604 581 570 514 555 609 571 653 577 612 578 620 569 625 567
624 569 534 558 561 565 563 596 561 597 627 568 576 553 601 638 506 616 556 513 556 543 560 488 616 582 558 482 549 546 622 667
552 520 586 564 544 688 552 571 564 590 546 530 581 583 580 550 609 545 596 588 613 563 542 574 629 558 575 539 612 604 562 611
619 553 564 603 494 535 531 550 609 618 486 582 567 552 558 681 504 535 580 574 615 544 591 603 590 611 632 590 554 634 603 543
562 599 572 574 587 567 595 559 565 651 616 634 561 596 550 576 563 611 607 493 568 566 560 588 651 567 637 587 645 513 615 594
614 523 580 564 554 582 584 581 563 633 646 601 618 613 608 589 560 572 537 569 525 628 607 586 536 527 575 524 558 554 540 591
591 552 575 561 561 627 637 599 541 461 551 539 531 583 668 631 528 578 568 530 533 569 610 592 591 596 513 532 538 566 613 509
563 581 528 600 575 588 597 540 557 575 505 574 543 552 588 538 577 573 580 614 525 482 564 634 612 606 508 639 664 579 631 498
573 517 635 572 444 541 648 568 479 656 647 611 611 644 570 604 512 635 504 561 447 594 592 528 636 552 593 577 585 596 600 530
649 622 551 625 552 564 626 615 606 568 602 551 593 572 610 653 451 559 561 540 581 554 559 541 597 593 543 571 546 553 629 678
565 565 615 547 607 649 579 568 549 575 575 571 612 548 513 573 580 572 611 597 668 554 517 589 602 517 570 592 595 579 587 594
598 510 597 624 485 538 520 605 646 655 533 571 540 561 545 608 565 484 633 591 560 567 560 522 593 554 625 513 585 635 576 544
589 528 553 625 644 586 600 516 600 552 607 577 580 565 561 623 538 618 620 514 575 567 581 529 668 570 584 670 654 496 618 565
581 618 501 503 583 527 553 528 606 616 581 566 587 582 533 598 629 577 492 554 558 617 574 587 531 558 578 611 643 615 545 590
592 591 542 560 618 580 618 598 564 464 566 534 528 580 647 636 551 559 597 573 536 618 567 621 600 637 588 557 549 543 578 546
609 633 588 560 587 592 557 616 581 621 547 578 557 586 544 646 641 563 592 574 605 484 540 602 586 610 468 567 588 611 651 532
569 501 605 568 506 597 568 568 565 632 671 545 619 692 526 592 526 615 474 627 491 586 582 588 590 534 599 555 575 566 572 510
565 630 587 719 602 534 614 589 624 516 562 567 653 560 668 635 521 547 523 548 615 582 559 673 569 573 549 621 616 579 575 656
545 601 647 509 653 557 579 554 517 541 509 625 602 486 473 645 576 562 643 567 648 528 593 591 532 449 558 582 595 573 619 612
584 506 639 584 521 524 550 579 618 559 569 543 560 593 579 544 569 530 541 599 556 625 512 524 567 508 539 519 569 627 604 544
607 490 595 629 588 582 658 580 624 530 613 547 604 553 567 607 576 586 578 554 591 631 583 571 680 594 562 630 638 554 552 525
581 662 537 477 597 521 567 606 626 618 587 550 551 622 421 538 667 575 500 544 556 603 570 555 547 610 576 597 589 607 585 600
596 555 568 628 586 486 544 594 616 508 606 508 560 562 551 642 551 501 603 595 546 626 521 557 642 619 642 615 517 557 552 550
560 598 663 595 580 537 582 605 642 560 586 575 588 599 561 643 638 528 587 613 556 507 547 495 627 553 615 602 591 544 614 563
554 540 522 547 565 604 575 579 626 583 592 556 602 647 561 559 585 572 519 576 550 571 513 593 513 545 582 562 620 525 641 541
540 619 644 648 563 553 591 582 565 477 641 608 658 629 683 616 604 522 554 569 604 573 568 584 548 602 524 584 623 586 604 605
502 640 598 512 568 538 604 603 600 572 492 630 545 605 500 564 531 573 540 570 609 541 602 636 579 544 533 567 514 620 562 603
555 541 642 547 564 517 587 604 519 534 582 612 577 568 636 623 600 597 514 556 601 584 505 555 546 523 546 564 488 516 565 573
614 583 586 624 553 605 529 621 551 567 562 502 559 508 598 574 559 573 605 579 600 636 590 560 525 591 591 579 585 595 581 548
584 563 608 544 550 508 634 659 609 617 576 605 544 605 590 527 590 538 581 523 505 594 551 550 616 615 565 562 560 586 570 489
641 658 595 677 541 499 553 531 585 633 609 555 543 573 550 619 572 570 554 606 533 563 604 532 627 584 539 614 572 632 613 567
628 590 647 643 582 535 532 509 626 544 634 635 588 579 567 553 496 582 585 573 540 455 617 549 605 633 565 634 695 520 588 563
592 570 606 577 571 574 549 623 482 591 622 602 612 575 577 575 525 568 561 626 488 589 563 597 555 543 584 602 652 565 663 537
566 689 634 600 547 569 607 604 611 531 681 600 654 603 637 650 554 574 558 535 618 519 544 558 624 626 552 504 555 610 648 641
556 584 550 566 594 606 506 591 612 592 496 682 525 687 520 602 547 531 622 556 555 579 584 624 629 566 513 609 556 650 530 633
591 529 638 563 524 529 555 570 607 608 498 612 559 576 570 675 562 603 568 548 571 500 569 605 536 587 588 596 526 560 565 591
628 573 562 656 553 641 565 557 617 607 620 568 549 562 566 554 539 589 651 519 548 616 566 566 565 551 571 621 627 567 637 538
676 511 568 544 610 496 632 565 645 647 634 625 616 627 612 583 628 524 541 529 491 658 571 526 602 651 545 572 550 590 592 475
641 574 601 583 539 557 539 533 529 559 617 545 501 569 538 665 550 572 536 482 547 509 618 612 599 568 493 598 550 628 601 545
579 601 580 588 575 578 571 556 591 601 541 586 577 570 578 548 543 549 582 566 545 504 638 630 618 616 498 619 638 557 615 560
579 491 585 554 486 541 544 610 557 588 629 563 633 662 556 578 528 577 480 615 509 618 568 568 560 520 609 573 607 586 592 514
645 684 609 639 580 546 660 591 620 480 624 523 639 560 574 651 527 591 533 518 627 592 541 605 593 637 533 547 580 589 647 664
529 525 587 595 601 645 525 566 529 603 523 589 616 620 527 633 560 548 645 581 624 534 575 603 600 481 574 626 575 565 587 582
606 496 635 592 519 566 574 567 666 615 559 571 524 547 561 636 617 536 647 559 614 551 556 514 531 566 611 509 559 647 572 572
653 516 561 659 644 590 616 522 608 520 627 551 562 561 557 607 526 586 604 476 621 613 541 549 658 580 548 668 626 572 590 591
633 606 471 525 611 531 539 566 630 626 513 594 607 584 553 582 615 567 498 576 544 627 538 537 543 652 520 657 641 609 539 556
618 545 536 548 558 546 578 534 574 510 638 514 496 552 603 646 563 539 601 513 560 598 599 647 614 621 544 617 571 543 548 580
590 558 603 613 586 561 612 585 650 608 536 569 578 587 571 647 692 486 595 529 562 485 563 565 621 539 539 574 595 570 660 519
586 520 616 579 583 592 523 607 650 639 626 514 630 629 525 557 521 588 469 580 556 593 553 561 587 561 602 578 598 585 593 485
528 615 562 684 623 567 573 558 599 511 609 558 600 575 661 594 516 558 480 601 606 593 572 654 662 662 490 610 669 576 666 609
474 602 568 596 626 516 568 527 554 582 506 620 567 567 484 626 579 515 670 586 683 493 656 590 613 490 533 595 538 600 698 601
605 509 662 555 520 579 525 554 579 500 594 532 607 540 598 603 570 559 558 628 597 540 493 517 570 563 588 546 516 622 581 533
656 519 576 620 599 561 603 491 589 541 620 570 539 602 580 592 599 551 515 535 628 648 556 560 579 571 553 621 607 547 631 566
584 619 552 490 544 512 518 585 599 583 520 551 536 645 552 511 590 540 491 515 505 594 541 538 606 645 565 640 594 524 554 567
589 550 557 629 553 527 571 487 591 615 651 465 503 573 562 629 542 492 612 562 501 667 614 518 643 598 555 646 544 582 549 607
594 520 625 621 578 553 586 603 680 584 518 575 622 611 589 665 666 458 553 533 560 489 595 493 613 547 575 578 573 546 632 515
588 610 604 579 635 626 553 597 656 639 620 510 606 615 567 539 575 510 525 566 602 575 547 591 611 535 620 572 596 593 593 511
494 571 530 666 637 565 543 600 579 545 639 596 622 611 677 608 544 524 486 597 560 591 560 664 662 676 494 598 669 566 624 577
460 600 566 580 586 560 576 513 602 582 496 622 503 587 540 598 577 529 660 594 641 469 718 582 577 512 525 547 530 634 678 621
627 511 646 507 524 547 485 568 511 466 560 550 629 544 584 639 520 605 514 590 617 548 503 535 606 583 574 590 482 604 591 531
586 553 586 636 529 615 587 527 573 593 632 572 547 606 614 538 619 605 521 571 626 634 558 562 563 605 613 617 617 567 661 544
556 601 626 524 530 482 542 595 607 571 552 553 574 605 588 471 594 510 533 485 471 620 515 526 582 623 633 592 528 490 538 551
567 568 543 677 559 567 595 475 583 691 629 471 533 603 534 605 512 508 570 582 459 633 628 466 611 558 491 602 518 668 567 583
581 525 614 644 575 538 563 580 679 543 587 552 639 602 576 628 625 525 536 576 539 508 580 506 596 598 604 645 654 585 585 536
555 611 571 554 672 609 578 612 605 644 607 523 619 594 602 524 582 537 556 557 547 560 546 596 598 546 603 575 617 578 622 536
485 570 531 653 588 552 536 611 554 558 676 595 619 610 658 603 551 521 573 612 587 562 565 573 625 657 475 583 596 565 589 620
491 645 579 539 571 555 539 600 621 595 505 625 506 620 561 519 572 544 589 609 620 496 653 583 588 565 556 560 499 613 667 638
572 552 637 548 537 536 500 595 538 517 525 611 588 571 577 682 501 616 491 607 634 515 538 536 613 578 545 639 487 585 602 540
545 596 565 649 506 622 542 568 600 618 563 567 508 611 617 541 590 586 600 556 613 593 585 553 526 628 598 622 622 574 690 537
553 582 635 557 543 477 559 604 602 594 609 604 607 594 633 482 625 513 552 514 494 649 502 533 587 596 642 539 507 529 559 558
608 623 574 680 554 534 590 506 564 666 580 538 526 610 477 606 541 555 567 589 476 586 611 491 584 539 476 559 509 687 580 552
596 578 621 651 582 559 546 581 642 524 618 605 628 555 583 539 496 578 545 583 528 457 625 555 559 639 583 680 725 580 582 557
560 602 566 563 635 564 575 633 496 637 618 578 614 543 607 567 555 610 563 560 488 575 531 577 585 529 622 584 620 577 665 551
572 609 564 582 529 567 617 606 555 565 675 584 636 605 657 616 568 566 590 537 596 529 588 530 590 626 540 520 533 586 606 625
564 574 578 550 586 608 488 603 624 634 566 642 515 633 526 560 583 567 568 600 569 585 604 622 605 564 543 603 508 632 592 619
565 501 648 615 550 527 533 576 595 632 494 644 543 576 560 727 542 615 552 562 599 506 603 591 600 551 570 604 510 610 605 579
544 621 574 634 515 615 569 575 641 641 544 592 503 578 572 588 525 607 689 507 548 582 608 528 549 607 587 637 609 567 659 576
630 531 576 582 584 484 588 571 615 627 672 677 616 615 640 563 642 530 537 543 509 656 525 568 578 577 609 534 534 606 604 519
601 622 593 621 551 525 573 571 563 587 559 589 489 575 508 623 502 566 548 524 527 533 582 602 549 568 455 558 512 654 597 549
583 599 602 608 581 588 523 578 591 563 557 594 589 558 552 544 551 551 546 550 521 456 638 582 580 658 512 617 680 587 579 550
561 489 559 530 476 511 562 602 521 598 663 555 673 672 544 566 532 615 476 603 475 596 574 612 564 526 621 541 571 600 598 550
659 640 627 627 548 524 684 585 592 516 644 571 695 562 638 649 587 563 567 504 579 578 541 603 569 635 547 533 572 613 633 662
571 543 599 557 615 603 501 566 529 571 549 639 614 582 495 607 552 556 587 625 588 570 569 609 602 473 538 646 557 607 601 612
586 500 643 626 555 546 598 615 604 633 551 603 530 593 567 666 621 552 631 533 578 539 578 560 543 562 581 479 529 627 578 608
621 520 581 635 580 582 622 554 618 542 595 529 582 529 563 647 514 588 672 500 593 621 599 523 632 574 532 662 582 600 558 569
639 592 483 521 611 505 555 560 614 632 639 622 597 620 539 566 627 567 518 578 536 625 594 547 571 598 558 583 603 629 591 556
586 555 542 602 570 514 568 594 612 544 588 568 472 558 541 658 529 559 571 521 580 588 539 621 592 651 532 583 513 567 572 546
575 579 650 558 551 598 593 624 631 595 515 576 611 608 566 618 651 477 598 572 575 512 588 536 608 546 594 583 552 513 641 552
583 517 561 538 544 589 582 560 621 600 627 551 575 672 560 574 582 579 510 571 577 596 550 596 558 538 595 567 609 556 556 526
601 570 575 665 586 558 584 551 546 488 608 617 639 638 658 693 585 469 529 554 583 604 591 667 613 599 549 607 646 609 603 602
489 599 615 535 613 497 597 560 541 561 485 629 556 540 513 643 528 542 615 561 658 540 625 611 548 483 522 554 575 625 589 640
576 518 603 560 551 508 536 565 532 539 555 587 594 595 623 578 565 568 563 587 602 613 476 552 605 566 553 569 493 587 596 538
621 556 561 631 560 612 568 558 548 570 643 523 592 539 595 569 546 556 578 582 591 671 563 575 580 584 620 614 572 600 604 557
595 640 587 521 589 527 585 652 634 628 553 566 565 602 519 530 593 525 516 490 518 567 536 537 553 606 582 575 551 553 565 526
584 609 580 678 574 534 524 518 576 630 656 524 546 622 545 622 553 543 569 591 528 626 601 517 630 631 584 611 569 613 624 582
598 550 685 677 610 559 538 551 684 544 614 591 622 597 559 637 622 516 529 583 552 461 571 493 591 627 631 626 641 558 620 551
562 588 604 551 637 574 545 633 562 627 622 544 608 597 591 521 527 558 533 594 506 587 551 615 573 529 600 578 644 533 645 515
466 599 578 654 553 553 561 622 565 527 657 584 604 609 693 642 534 530 530 625 588 555 526 590 628 652 514 602 585 590 616 639
498 670 586 560 602 504 536 625 568 572 466 668 505 653 514 580 551 559 640 586 597 499 604 622 593 542 533 599 538 590 626 667
589 547 668 511 512 531 513 590 549 498 546 592 587 616 564 653 486 617 482 628 587 510 551 553 572 587 574 600 472 592 613 527
608 583 578 652 509 611 565 549 611 605 582 524 523 584 612 552 629 589 585 587 604 646 580 566 559 561 573 627 631 563 651 534
608 543 652 544 540 496 602 601 627 627 610 603 606 665 620 477 626 522 553 553 481 636 513 536 626 633 611 550 510 536 550 501
607 592 599 627 537 535 581 499 547 619 627 525 509 637 508 617 566 550 524 544 529 565 620 506 637 554 495 574 544 678 569 567
575 559 596 668 593 586 573 524 629 539 627 572 595 598 582 536 499 599 512 558 523 412 644 578 612 630 590 651 700 595 581 550
597 593 595 582 582 585 582 654 473 600 639 621 647 572 592 568 494 615 562 575 471 610 562 570 600 552 617 605 623 578 654 528
589 626 565 593 504 586 612 583 568 566 656 541 641 578 616 635 507 609 591 530 623 538 553 501 617 643 545 501 514 575 643 670
585 605 575 559 591 667 485 620 609 625 537 615 530 648 519 559 630 568 605 595 582 568 537 591 616 535 554 632 561 607 603 606
616 536 617 582 517 574 508 597 654 629 509 625 506 563 525 698 507 626 593 597 598 499 610 594 599 608 603 605 563 649 582 574
597 608 527 657 562 636 582 510 628 576 553 559 526 611 583 583 542 588 628 488 563 603 551 517 594 560 582 614 652 500 688 555
639 526 545 587 597 515 575 550 636 622 629 654 613 624 609 570 635 537 532 586 532 649 542 545 591 600 568 565 525 597 559 550
616 557 606 572 586 564 594 556 538 512 592 546 462 564 565 656 547 557 563 475 570 548 591 605 604 565 474 587 537 623 552 536
575 553 542 628 611 592 585 524 579 599 575 566 559 570 566 526 583 589 550 562 507 460 626 616 626 612 516 679 670 615 587 500
613 515 639 570 494 571 630 608 505 642 649 597 623 600 534 582 482 623 504 557 459 598 594 520 632 538 629 587 585 598 634 508
623 646 567 603 548 572 628 611 600 554 638 513 591 570 598 607 491 623 563 546 601 570 545 523 627 647 523 563 540 547 659 688
577 563 619 609 609 655 501 572 569 621 549 579 574 578 511 553 646 558 635 601 642 556 531 581 624 511 550 638 567 551 633 574
644 500 639 610 487 586 522 559 670 619 545 561 530 563 563 658 551 514 607 589 580 511 572 540 579 608 635 517 603 683 590 560
623 526 543 617 644 552 626 482 618 534 593 559 526 623 591 611 546 592 582 488 587 583 571 537 666 570 534 674 686 498 642 589
595 598 499 549 579 521 521 518 600 606 549 628 591 628 549 590 613 559 502 598 516 619 568 557 597 586 580 633 615 589 515 612
592 539 558 568 590 562 636 576 570 462 600 516 484 556 637 662 545 525 635 513 534 628 589 625 616 619 538 593 517 541 544 574
587 555 544 588 579 600 587 580 573 625 517 564 529 568 556 604 657 567 608 564 557 472 566 602 616 566 506 621 596 599 655 488
609 509 641 582 500 579 588 588 565 666 675 567 597 634 502 580 500 633 474 559 503 578 564 538 636 552 625 581 585 590 590 506
585 642 513 681 616 556 588 597 620 540 596 533 587 562 638 621 467 575 513 566 609 604 583 611 625 643 513 605 646 531 641 674
519 585 633 567 659 607 563 524 535 585 519 597 604 524 489 571 626 542 661 569 698 512 593 607 604 505 560 580 585 577 643 608
606 492 629 598 489 556 524 559 646 555 537 519 584 539 599 594 549 488 581 591 606 583 540 500 585 554 583 501 581 663 584 532
627 468 555 603 658 566 656 480 620 538 627 561 574 623 573 619 574 574 524 516 601 621 565 563 678 586 554 666 660 532 618 569
569 646 527 471 547 491 509 540 588 590 543 560 555 636 501 568 615 559 482 556 540 591 570 515 575 584 570 651 607 545 543 608
568 569 556 618 610 534 610 540 584 520 602 468 512 578 647 656 567 481 629 589 516 640 599 581 634 613 590 623 521 527 554 600
623 531 620 626 567 560 591 648 601 623 563 576 537 556 534 624 731 471 636 580 567 506 522 556 572 550 550 613 540 571 651 528
595 545 617 550 570 629 550 582 601 642 639 511 613 602 526 584 556 607 484 555 555 522 508 562 606 564 601 543 589 586 582 518
511 608 543 697 628 512 566 581 602 546 566 551 581 570 688 599 503 529 503 600 597 602 625 673 637 609 499 655 708 553 613 642
503 587 639 533 673 515 611 542 499 555 487 611 572 510 475 605 584 542 651 595 692 494 661 609 538 529 552 566 539 629 639 638
592 488 627 552 529 560 548 559 584 495 539 519 632 563 649 600 571 516 519 561 602 613 488 526 545 508 539 533 511 607 588 524
605 472 595 599 616 578 590 530 616 546 595 565 550 615 579 587 614 580 518 584 625 639 595 597 628 622 566 658 644 570 598 581
525 650 587 451 557 497 533 592 568 576 563 574 537 668 525 550 609 519 502 494 512 547 550 499 607 612 632 623 567 517 547 568
542 611 586 664 556 520 606 488 586 622 592 488 588 600 619 616 567 493 593 639 474 618 579 537 620 587 598 635 551 571 554 586
617 569 674 654 601 508 535 638 591 581 639 636 565 566 524 614 665 499 606 604 563 552 534 496 516 602 562 645 608 559 613 580
565 599 585 576 652 555 500 588 585 618 579 533 567 544 588 542 564 609 564 569 553 504 468 608 552 568 587 537 629 556 648 568
461 610 611 621 576 516 592 603 586 546 606 599 601 590 688 597 565 525 535 610 583 564 603 625 593 603 551 613 640 565 581 568
517 597 603 531 667 517 579 562 579 539 549 631 576 604 545 561 518 562 565 595 588 510 651 655 546 607 554 528 481 619 569 634
558 502 649 558 597 516 600 595 538 523 513 577 614 603 673 628 581 580 545 547 572 571 568 584 509 502 533 535 517 511 568 514
593 522 627 619 506 588 550 602 630 594 551 535 498 609 551 547 596 596 598 582 585 629 601 637 556 624 564 622 598 660 596 595
579 562 617 553 571 485 621 610 556 624 609 614 561 650 621 510 613 539 558 508 516 563 544 519 643 618 608 547 545 531 587 510
550 665 614 620 512 514 578 482 558 612 608 528 594 612 593 578 591 579 549 623 522 538 587 569 586 579 560 571 583 633 622 572
588 606 649 599 586 553 522 597 594 580 620 671 572 617 535 555 518 540 587 535 544 523 645 569 569 615 583 598 665 532 606 631
574 544 598 577 527 530 549 581 538 579 620 584 606 601 585 603 555 580 595 592 538 565 567 633 541 553 588 558 630 623 581 581
620 669 634 576 533 535 627 610 599 525 629 614 700 615 625 690 586 574 552 549 580 559 570 588 584 616 608 510 599 620 594 593
554 524 580 534 592 634 476 557 544 558 514 622 575 643 558 604 511 543 590 594 569 593 616 612 621 550 549 573 584 626 522 615
567 531 594 595 578 539 609 612 573 614 500 620 551 596 598 637 574 625 620 528 605 558 573 607 538 575 550 538 532 536 585 597
592 547 558 648 527 651 573 571 605 603 658 518 591 550 574 580 479 581 643 531 582 646 546 606 553 579 585 653 575 589 591 562
666 547 570 562 614 500 598 593 619 635 636 587 618 607 596 577 608 572 517 571 575 614 579 502 554 639 491 574 544 584 622 507
577 576 601 583 567 583 519 545 573 561 651 559 509 599 540 605 576 560 542 530 603 519 578 626 583 604 537 572 586 580 625 543
552 618 603 497 528 631 588 615 642 594 484 579 592 621 593 609 582 498 615 525 596 533 647 575 637 563 551 556 533 538 650 545
594 510 596 587 515 582 607 551 600 609 656 566 578 695 553 561 583 548 525 582 572 627 607 609 587 553 584 592 574 573 519 509
632 577 566 654 609 565 587 562 563 493 585 624 650 633 613 716 558 500 536 551 606 613 588 680 608 590 574 574 631 624 614 617
492 556 630 534 598 564 574 527 544 566 498 604 577 493 532 662 545 539 632 516 657 571 622 578 549 450 543 543 646 630 598 629
607 521 592 585 550 525 527 542 549 558 554 564 597 582 564 555 556 563 600 610 595 628 499 549 652 613 576 554 524 598 627 537
598 557 574 628 573 607 635 525 571 585 692 552 625 548 556 576 529 549 605 551 570 658 554 558 613 575 639 605 589 567 589 540
622 655 540 516 606 562 560 627 647 637 558 503 578 587 492 561 616 536 477 519 557 580 551 570 478 587 543 582 564 546 572 569
575 534 559 639 589 567 503 567 607 581 669 499 559 619 542 643 530 508 578 546 543 651 600 522 635 648 621 602 548 570 621 581
621 545 638 608 579 586 611 642 667 585 533 600 609 570 582 626 713 461 594 546 579 498 564 552 590 538 612 599 526 551 653 546
593 553 599 536 592 607 522 568 611 640 629 517 611 642 572 548 548 583 492 579 569 606 560 566 600 522 609 557 621 578 556 488
535 586 557 717 604 554 572 583 564 506 592 591 585 606 688 665 529 483 483 582 589 612 577 687 645 641 499 651 674 567 607 610
443 625 609 533 627 465 593 550 553 585 465 629 536 572 497 627 546 536 693 571 674 498 667 595 560 491 522 564 567 631 667 668
586 524 639 522 529 524 496 551 542 487 553 565 614 565 587 592 549 580 507 613 600 581 462 514 607 544 539 585 467 633 616 532
625 518 577 649 574 636 578 530 588 562 635 569 564 569 603 583 618 588 524 588 609 677 555 553 576 572 582 638 608 572 630 549
567 634 623 459 561 499 555 618 620 602 543 552 583 640 535 494 605 499 484 506 492 579 516 517 583 642 592 623 551 519 539 512
566 591 564 676 570 532 552 458 574 658 648 492 546 630 519 594 525 507 559 609 496 640 607 495 640 603 550 613 527 615 578 592
584 510 647 657 578 561 568 579 682 544 586 591 618 591 573 621 638 504 549 545 518 443 597 489 581 613 615 644 639 570 624 533
570 634 602 553 661 596 543 631 610 643 636 530 618 581 577 539 525 556 517 542 530 591 543 593 583 549 614 574 616 579 623 521
478 581 538 674 569 581 553 614 569 545 645 580 624 623 687 624 534 524 512 631 588 567 546 596 672 680 472 596 613 584 628 615
480 658 588 552 616 546 526 593 598 580 494 654 523 653 530 556 597 549 622 598 625 479 650 596 593 552 543 589 524 616 676 621
581 535 684 507 520 545 479 596 561 490 524 594 599 570 562 671 496 621 514 602 613 506 531 545 614 597 572 594 486 604 603 519
622 575 564 658 529 629 559 517 621 587 562 540 509 612 632 580 621 581 587 563 612 624 566 548 537 595 583 631 623 543 693 534
588 571 628 546 544 470 538 569 609 593 594 609 614 629 632 461 644 516 527 527 493 624 505 512 602 629 617 584 508 524 568 531
587 594 597 681 565 549 591 505 567 669 645 517 483 607 488 615 542 524 538 564 499 583 624 484 629 552 475 584 514 676 565 587
549 533 600 644 595 572 575 540 673 547 589 550 611 612 578 594 531 601 508 546 509 432 626 556 584 612 600 655 708 619 585 524
581 607 589 572 670 593 596 656 529 628 643 567 631 582 576 568 510 593 556 555 499 626 564 570 624 558 625 607 607 572 644 534
519 582 527 631 530 586 578 603 544 554 646 559 617 552 628 607 525 569 579 564 613 544 553 497 625 681 501 535 522 559 621 666
579 655 583 575 577 599 481 640 609 641 533 639 478 636 541 537 636 558 593 609 624 556 555 587 606 557 550 610 555 577 647 606
608 540 661 560 529 564 498 593 608 567 523 607 544 571 519 718 471 628 549 601 630 471 574 570 639 626 585 635 555 669 620 570
569 622 515 629 520 606 594 518 644 620 543 559 494 625 621 593 582 578 646 518 589 579 591 537 574 590 578 620 650 500 702 553
605 568 605 613 551 487 551 560 598 588 637 624 631 640 637 522 619 533 542 570 510 657 528 571 577 600 606 553 513 545 549 556
610 559 596 656 598 550 602 554 572 606 568 554 472 590 495 608 511 557 567 511 538 570 599 543 602 545 462 557 521 671 548 564
565 533 558 662 567 582 581 528 609 535 565 546 591 592 574 516 537 619 500 568 481 420 622 588 602 610 580 657 690 643 603 508
581 553 617 588 568 593 634 604 469 632 645 605 661 586 554 570 500 641 552 559 453 590 610 528 652 592 623 609 605 584 642 552
581 572 541 591 534 586 606 607 536 576 640 555 605 534 610 617 529 603 591 556 611 556 571 467 611 631 521 501 522 549 663 688
611 629 605 579 569 625 497 654 583 611 529 625 544 588 535 539 656 582 567 609 658 562 485 575 642 537 576 620 567 553 637 588
616 542 625 632 523 584 518 603 628 641 509 585 540 575 525 718 481 592 577 565 620 465 564 588 619 640 601 581 573 713 604 584
581 588 509 589 572 580 618 494 642 590 537 569 530 621 599 615 556 596 624 482 567 561 571 551 630 578 564 628 668 506 676 573
581 580 543 589 557 501 543 544 580 612 629 626 615 636 613 554 617 519 518 602 530 649 562 589 571 540 598 545 567 561 539 614
588 551 596 614 612 544 630 592 570 510 556 580 462 578 585 644 499 559 601 507 540 586 605 585 628 547 480 563 499 619 582 540
559 505 526 654 557 582 577 558 557 593 555 528 527 568 530 520 581 617 538 584 497 508 574 612 542 594 538 627 628 641 601 500
561 529 633 588 526 595 654 578 481 624 625 607 627 580 558 552 516 643 540 549 485 524 634 520 678 600 613 579 567 602 636 564
563 586 529 621 546 564 586 617 580 612 554 557 579 510 602 581 515 589 577 572 599 562 597 497 571 563 539 527 556 551 625 686
651 625 663 575 597 623 551 618 525 587 519 611 580 516 529 551 654 582 577 615 676 590 483 575 584 551 594 608 561 581 593 568
600 554 595 600 565 612 568 621 646 591 525 541 566 589 571 650 515 556 567 545 610 535 568 572 603 592 605 565 617 701 592 582
563 546 527 585 608 536 638 528 642 564 549 531 544 633 615 587 572 622 578 550 577 553 613 567 660 618 536 636 654 496 638 603
531 630 541 557 569 537 561 558 552 580 601 614 587 626 519 586 599 523 538 592 540 601 590 623 577 520 618 551 553 583 547 648
568 561 590 612 608 556 658 626 578 486 508 584 540 590 685 586 533 587 629 571 548 598 571 603 596 533 544 609 555 557 554 568
520 552 593 613 528 531 548 651 574 584 564 613 538 585 577 563 702 568 537 605 568 601 491 559 549 575 575 566 531 606 644 613
572 574 594 635 575 610 555 543 610 553 552 590 532 519 571 581 589 578 615 590 592 465 597 553 633 643 544 540 604 621 617 545
510 589 600 592 533 593 571 596 587 613 479 568 536 565 627 580 604 542 540 603 586 601 612 530 528 588 586 588 589 580 518 543
610 602 652 586 544 524 616 643 504 550 474 626 559 497 594 584 577 573 598 612 619 585 532 580 503 580 613 559 584 588 548 601
535 597 602 557 620 575 593 652 591 518 582 484 601 610 672 529 544 595 546 574 607 562 533 545 574 553 610 580 602 574 573 575
576 561 548 510 595 577 637 609 613 515 588 516 585 582 582 532 569 601 529 661 580 602 548 662 627 569 547 595 549 535 577 614
552 587 616 576 590 620 614 605 565 555 564 607 562 643 494 567 530 562 519 591 553 534 607 650 596 537 597 594 574 560 592 611
563 624 571 629 561 539 647 607 605 487 561 549 633 635 626 491 588 598 584 636 587 569 588 592 645 498 625 596 646 520 563 567
558 618 613 581 546 539 548 629 656 534 558 681 628 637 605 591 588 486 579 525 602 595 597 571 649 559 583 534 553 502 644 623
652 556 588 647 599 576 571 513 618 553 540 588 520 563 615 569 631 464 655 572 638 497 601 619 615 609 572 576 656 609 567 545
556 579 622 596 591 573 549 618 601 529 577 636 640 643 621 668 554 538 504 517 562 587 580 596 618 582 646 550 621 618 514 491
508 506 572 582 526 594 564 595 538 528 486 588 551 567 640 626 533 533 600 550 637 549 638 612 551 554 605 493 644 626 566 621
569 547 554 555 568 529 539 484 573 550 544 556 619 584 652 551 534 565 640 574 641 590 539 585 570 569 572 586 524 530 581 591
524 591 552 602 543 635 607 639 607 633 700 598 631 538 536 532 557 609 573 611 550 628 494 618 545 563 637 585 525 569 581 538
640 511 632 540 606 586 598 663 623 647 604 565 578 575 526 541 578 584 511 521 565 532 559 572 502 587 497 580 578 532 608 539
605 606 553 579 535 615 521 527 559 565 629 487 629 639 540 547 534 516 554 596 573 563 550 562 629 536 631 554 602 554 607 561
549 611 582 482 543 642 563 588 625 571 499 576 567 604 602 552 557 535 596 534 609 536 636 586 602 586 506 555 564 549 633 540
609 507 617 582 500 573 618 534 571 650 641 587 581 684 568 592 574 551 530 565 531 630 612 600 600 568 605 573 547 552 514 538
637 564 561 635 630 548 582 567 594 522 566 603 649 618 606 681 505 533 525 528 607 570 581 653 619 571 609 575 584 629 627 610
535 539 619 543 607 615 569 512 557 537 539 575 592 510 539 641 556 548 607 525 648 582 613 569 586 451 536 538 671 599 613 612
624 520 577 596 535 526 526 529 586 601 525 565 562 573 549 550 563 534 625 613 562 639 540 550 637 618 577 519 563 621 610 536
583 530 587 611 580 584 632 514 598 578 673 589 618 557 549 593 538 562 618 530 545 621 553 553 646 550 644 574 616 586 582 531
613 636 493 529 607 579 557 608 624 630 583 512 571 590 505 574 623 549 466 514 584 591 560 579 475 564 548 609 591 561 559 594
554 529 544 610 588 570 512 586 596 544 652 504 548 610 573 682 539 471 581 551 544 666 577 549 636 677 626 575 531 543 626 580
608 564 545 517 558 631 582 607 604 590 522 551 550 533 575 551 612 534 617 557 622 531 567 639 579 561 537 540 545 598 636 537
628 500 644 565 517 578 585 531 540 649 650 552 616 667 567 599 525 598 491 586 502 637 629 559 639 545 614 548 568 569 541 507
616 577 540 706 635 559 569 606 585 565 551 586 600 591 633 642 460 516 498 537 602 589 624 682 626 580 574 630 601 580 604 657
522 590 640 528 638 536 608 517 558 560 528 590 579 519 500 626 549 559 686 544 689 539 596 562 579 442 541 547 650 622 664 645
611 499 594 587 510 541 499 568 621 578 538 568 579 560 534 561 564 541 546 620 553 636 493 489 622 567 548 544 560 644 617 535
582 491 606 622 597 597 623 499 621 565 676 602 607 568 598 632 565 575 553 527 538 626 544 534 637 565 603 615 673 545 583 546
558 673 514 458 576 546 514 589 603 601 576 495 564 601 474 553 618 538 467 525 559 590 567 546 522 555 567 606 586 578 542 601
543 558 541 629 613 547 513 565 579 555 619 491 543 597 576 621 574 480 564 612 527 675 564 524 625 664 629 582 548 562 581 569
589 525 590 554 569 616 603 642 629 577 523 586 557 570 576 554 673 485 608 544 561 506 562 596 562 572 580 585 550 579 659 540
603 535 647 582 572 607 572 552 579 660 649 567 617 624 578 590 542 595 486 517 513 584 582 562 630 572 607 541 595 574 558 508
551 576 535 703 628 568 568 585 596 578 558 567 595 614 664 629 453 503 461 560 597 582 623 683 669 613 567 649 670 577 609 616
501 587 623 547 669 507 597 508 551 555 505 601 564 534 499 615 574 546 681 587 670 514 643 553 572 497 556 578 591 663 693 640
604 508 627 562 547 534 486 557 596 533 519 553 586 535 583 578 551 534 545 627 558 611 492 486 617 542 561 529 523 637 602 512
615 514 603 651 602 590 598 498 630 566 639 607 570 605 593 629 608 570 528 544 571 639 561 551 610 584 590 622 646 564 620 545
563 632 531 447 571 507 491 584 596 558 587 562 571 624 517 542 635 547 474 500 546 577 546 529 561 588 594 627 569 537 553 588
534 593 532 680 602 540 556 500 562 590 642 466 570 606 587 606 563 459 561 613 518 682 567 523 640 631 602 601 535 553 570 580
553 523 624 582 583 604 581 628 657 583 519 574 599 618 584 578 657 465 592 544 569 488 570 576 564 588 572 579 562 553 661 544
597 589 635 592 618 621 554 594 623 664 629 565 597 616 580 596 574 561 478 507 541 588 576 586 642 584 605 545 579 574 552 496
545 564 521 691 636 576 558 579 626 586 584 559 613 630 652 609 479 535 463 590 603 582 613 679 693 653 543 655 678 571 619 586
503 583 605 567 639 523 593 498 549 561 513 599 528 588 509 609 582 552 661 615 674 500 697 543 586 509 554 608 557 643 729 630
622 524 651 540 543 554 460 555 588 523 541 575 584 555 567 590 529 554 561 629 568 595 500 502 625 554 579 545 519 611 606 490
617 530 611 659 564 586 570 484 624 558 607 585 554 629 585 617 628 578 532 544 593 635 545 547 588 576 596 600 614 574 666 535
571 628 541 481 549 499 501 562 608 560 581 568 581 610 575 516 625 543 482 466 544 575 518 521 567 622 602 631 565 515 539 574
536 585 512 672 586 544 580 494 558 634 642 450 552 596 569 604 567 461 543 597 512 666 571 517 654 611 564 571 549 575 560 586
537 503 598 582 569 596 577 588 669 559 529 560 617 634 584 562 613 499 560 530 549 494 600 556 552 616 558 599 592 577 641 576
571 599 629 586 646 627 580 638 623 676 645 561 605 612 598 576 578 537 500 521 531 614 608 612 650 580 591 549 567 586 562 518
549 534 501 665 658 578 542 577 612 606 612 573 619 654 644 609 497 539 493 590 607 566 619 645 703 667 533 605 610 587 609 590
515 591 595 579 609 553 559 506 577 573 527 589 528 580 541 565 584 564 653 617 656 512 707 499 590 513 546 604 553 629 741 620
624 558 609 558 547 562 442 559 590 537 501 583 574 565 551 606 517 602 559 653 598 557 518 488 645 592 593 577 525 625 620 512
595 578 587 657 528 584 574 474 628 580 593 609 546 649 601 599 608 560 556 546 593 619 547 565 576 594 606 608 628 560 682 527
585 628 517 537 575 523 485 558 622 572 583 568 617 572 605 498 653 525 482 468 556 603 498 521 555 626 620 623 541 517 567 602
540 579 506 672 598 560 568 516 556 636 632 454 550 608 519 598 563 483 539 567 500 656 551 501 636 577 536 535 531 603 576 570
514 534 545 565 560 627 570 637 668 560 506 541 626 633 597 585 600 542 517 537 580 517 607 583 551 605 567 602 577 618 632 585
572 584 628 615 657 644 593 615 614 663 620 544 592 629 607 569 601 516 535 544 554 577 631 595 673 609 616 546 576 609 563 523
538 515 484 676 647 589 537 602 579 627 613 554 610 639 627 600 542 528 502 577 616 593 600 614 638 654 528 592 609 568 572 571
526 572 628 590 580 548 566 531 586 616 546 572 517 537 550 562 601 555 644 614 649 541 678 476 543 504 571 585 570 608 758 605
617 573 596 571 554 589 437 554 609 542 520 576 567 554 550 611 506 615 548 634 633 564 537 473 678 591 588 590 520 652 635 559
548 609 568 650 517 603 605 495 637 581 586 614 553 646 614 590 573 547 561 539 580 600 556 540 565 593 589 613 617 551 707 514
554 639 518 582 574 526 490 569 621 571 586 589 594 541 556 509 640 530 511 513 565 612 501 562 538 599 637 610 532 542 548 625
563 572 505 687 613 543 551 543 593 623 599 465 573 601 496 571 546 490 572 584 529 657 552 508 629 550 541 564 530 594 575 573
550 578 555 515 554 585 558 685 694 576 514 563 600 631 619 605 590 538 527 535 598 579 575 563 609 587 571 548 523 606 628 577
614 572 600 651 645 670 575 557 638 603 572 560 552 611 577 581 631 478 551 562 634 523 635 597 681 609 598 538 608 629 559 511
552 551 514 660 625 589 501 582 569 615 603 554 582 643 647 602 550 568 498 543 586 579 614 634 624 644 540 620 611 564 538 529
496 552 636 586 558 560 618 525 602 610 502 566 549 515 560 606 593 525 638 590 665 551 706 524 535 492 595 545 630 608 718 605
571 557 586 563 546 571 423 504 609 540 546 532 585 542 608 567 508 589 582 630 645 582 515 501 640 595 572 596 520 610 643 525
542 579 562 592 547 605 615 575 607 577 612 650 563 614 584 536 541 553 525 571 566 608 556 578 563 575 601 617 535 565 687 540
594 605 556 578 572 600 496 609 601 585 576 599 610 563 532 551 580 534 467 517 565 552 551 574 510 587 635 610 536 500 580 619
575 586 521 659 583 543 569 527 577 575 621 453 631 605 540 565 514 492 590 586 533 651 590 526 645 570 587 592 560 552 565 537
589 607 546 516 557 566 589 658 649 581 547 600 573 640 596 632 617 501 572 532 619 582 578 562 622 556 598 529 522 565 645 546
627 557 629 654 596 611 582 494 579 630 563 565 517 644 576 572 590 489 582 555 615 500 584 606 634 578 553 543 627 580 552 510
587 572 561 661 608 562 514 579 596 582 558 611 635 636 658 651 525 567 489 548 561 600 585 661 645 587 583 585 670 573 567 576
493 535 617 511 589 609 623 516 569 545 515 517 600 532 585 635 560 534 635 557 664 560 675 569 512 489 600 472 617 605 643 616
586 534 547 576 551 512 462 539 586 519 541 559 612 533 629 544 535 536 583 623 590 667 498 542 591 560 557 561 525 565 602 510
565 554 597 617 538 612 612 624 548 588 651 673 620 563 541 563 566 558 508 552 605 659 513 607 598 586 680 558 536 558 634 563
557 594 581 503 595 591 541 666 606 606 597 536 593 594 511 544 613 553 484 516 568 553 586 553 483 596 586 589 535 529 591 590
562 565 536 614 566 562 566 514 540 562 668 460 662 604 583 608 577 487 585 627 524 626 551 517 640 587 634 593 561 541 606 522
