11111110111011100111000111111111
11111110101001111111001011110111
01111110111111111110111111111111
00101111010111111111111111111101
11101110111111110111111011111110
11111111111011111111111111110100
11111110111111001100111010010101
01111111011100110111011111010111
11110010111011100111000110111111
11110010101011111101001011100101
01101111110111111110001011111111
00011111000011111111111011111101
11001011111111011111111011111111
11011111111111110111101111110100
11111100111111011100111110010101
01111111011100110101011111010111
11110010111011000111000110111111
11100010101011111101001011100101
01101011111111111100001011111111
00011111010011011111111111111101
11001111111110011101111111111111
11011111111111110111101111110100
11111110111111000100111110010101
01111110011100111111111111000111
11110010111011010011101110111111
11100010101011111101011111100101
01101010111111111100011011111111
00111111110011011111110111111111
11011111011110010101101111111111
11011111111111110101011111110100
11111110111111011100111010011101
11111111001100111111011111000111
11110010111010010011110110111111
11100010101011111101011110100111
01111010111111111100011011111111
00111111100011011111110101111111
11001111011110010101110111111110
11011101111111111101011011100100
11111110111111010100111110011101
01011110001000110111011111000111
11110010111010100011000010111111
11100010101011011001001010100101
01111010111111111100111111111111
00111111000011011111110011111101
11101111111110010111110111111110
11011111111110111111001111110100
11111110111111011100111110010101
01111110011000110111011111000111
11110010111011100111000010111111
11110010101011011001001010100101
01101111110111111110001011111111
00011111000011111111111011111101
11001111111100010111110101111110
11011111111011110111101111110100
11111110101111011100111011010101
01101110010100110101011111010111
11111010111111100111000110111111
11101110101011111101011011100101
11111111110111111110101011111111
00001111010111111111110111011101
11001111111101110111111011111110
11011011111111111111001111110100
11111100111111111100111010010101
01101111111100111111011111010111
11111110111011000111000111111111
11110010101001011001001010110101
01101010111111111100111111111111
00011111000011111111111111111100
11001010111110110101110011111110
11011101111011111111001011110101
11111110111111001100111011010101
11111110011110111101011111001111
11100010111010000011010010111111
11100011101011111001001010101101
01001010111111111100001011111101
10011111100011011111110011011100
11011011011100111101110101111110
11011100111010110001001011110101
11110110101111011100111110010101
01011110010010110101111111101111
11100011111010000011111010111111
11100011111111111001010010101101
01001010111111111100011011111101
10011110100011011111110011111100
00011011011100011101110101111110
11011100111110110001001011110101
11110100101111011101111110111101
11011110010010111111111111101111
11100111111010010011111110111111
11100011111111111001110110101101
11001010111111111100011111111110
11111111100011011111110111111111
10011011001100011101110111111011
11011000111110111001011001110101
10110100101111011101111110111111
11011110001010111101111111101111
11100110111010010011110111111111
11100011111111111001010110101101
11001010111111111101011111111110
11011111100011011111110111111111
11011010011100011101110101111010
11011000111110111001001001110100
10100110101111001101111111110111
11011110000000110101011111101111
11100110111010010011010010111111
11100010101111011001000110101101
01001010111111111101001111111111
11011111100011011111111011111111
11001110111100010101110101111010
11011000111010110001001001110110
11110100101111011101111111100111
11001110000000110101011111101110
11100110111010000011000010111111
11100010101101011001001010101101
01001010110111111100001011111111
00011111000011011111111011011101
11001110111100010101110101111010
11011000111010110001001011110110
11110100101111011101111111110101
01101110010010110101011111001111
11100011111011100111000010111111
11100010101001011101011011101101
11101110110111111110001011111101
00001111000011111111110111011101
11001111111100010111111101111010
11011100111110110001001011110100
11111110101111111100111110010101
01001110011011111101011111110111
11111110111011010011100011111111
11100110101001011001000010111101
01111010111111111101011111111111
00101111000011011111111111111100
11101110111110111101110011111110
11111100111011111011011011110101
10111110111111001110111011010111
11111110001010111101011111001111
11100011111010000011100010111111
11100011101101111001010010101101
01001010110111111100011011111101
10111110100011011111110111111100
11001111011110011101110101111110
11011000111010110001001011110100
11110110101111111101111110110101
11011110010000110101111111101111
11100011111010001011100010111111
11100011111101111001010010100101
11001010110111111100011111011101
10111110100011011111110111111100
11001111011110011101110101111011
11011000111011110101001001111100
11110100101101011101111111111101
11001110011000110111111111100111
11100111111010011011000011011111
11100011111111111001010110100111
11101011111110111100001110111101
10111110100011011111110111111110
11001111011110011101110101111011
10011000111110110001101001111110
10110100101111011101111111110111
11011110000000111111011111000111
11110110111010010011000011111111
11100011010111111001000110101111
11101011010110111100001111111101
11111111100011011110111111111110
11001010011100010101100101111011
11011001111110111001001001101110
10110101101111011111110111110111
10001110000000110111011111100111
11110110111010010011010010111111
11110010101111011001000010111101
01001011010111111101001111111111
11011111100011011111110011111111
11001110111100010100100001111010
11001000111010111001001011110110
11110100101111011111111111100111
11101110000000110101011111001111
11110010111010000011010010111111
11100010101111011001000010111101
01001010110111111100001011111111
00011111100011011111110011011101
11001110111100010101100101111010
11001100111011110001001011110100
11110100101111011101111111010101
11101110010010110101011111001111
11110011111110100111000010111111
11100010101011011101011011101101
11101010110111111100001011111101
01001111110011111111110111011111
11001111111100010111110101111110
11011100111110110011011011110100
11111110101111111100111110110101
01001110111011111101011111110111
11111110011010010111100111111111
11110010101001111001000110111101
01111010111111111101111111111111
00101111010111011111111111111100
11101110011100110111111011111010
11101000111011111101011011110101
11100110111111001110111011010111
01111110000010111101011111001111
11100011111010000011100010111111
11100011110001011001010010100101
11101010110111111100001011111101
01011111100011011111110011111110
11011110011100011101110101111011
11001000111010111001001011110100
11110100101111111100111101110101
01001110010000110101111111100111
11110011111010011011100010111111
11100011111101011001010010100101
11101011110111111100001011111101
11111111110011011111111111111000
11001110011100010101110101111011
11001000111010110101101001110110
11110100101111011101111101100110
01001110010000110101011111100111
11111110111010011011010010111111
11110011111101011001100110110011
11101011110111111100001011101101
11110111000011011111111111111110
11011110111100010101110101111010
11001000111011110101101101110110
11110100101111011101111111100111
11001110000000110101011111000111
11111110111010011011110010111111
11110011111111011001100010100111
11001011110111111100001011111101
11111111100011011111111011111111
11011111011110010101100001111010
11001000111111111001101001110110
11110101101111011100111111111111
11001110000000110101111111000111
11110010111010010011110010111111
11110011101111011001000010100101
11001011110111111100001011111111
01011111100011011111110011111111
11001111111110010101100101111010
11111000111010111001001011110110
11110101101111011110111111010111
11011110010000110101111111001111
11110010111010000011010010111111
11100011101111011001000010101101
01001010111111111100001011111111
01011111100011011111110011011111
11001111111100010101110101111011
11011000111010110001001011110110
11110101101111011101111111010101
11111110010010110101111111001111
11110011111111101111000010111111
11100010101011011101011010101101
01101010110111111111001011111101
01001111110011111111110111011111
11001111111110011111110101111110
11011100111010110011011011110100
11111110101111111101111110011101
01101110011011111101011111101111
11101110111010110111100011111111
11111010101001111011000010111111
01111110110111111101101111111111
10111111010111011111111011111100
11101110011100110111111011111010
11101011111011111011001011110100
11101110111111001110111011110111
01101110010110111101011111001111
11110111111010000011010010111111
11100011111001011001010010100101
01001111010111111100001011111101
01011111001011011111110011111100
11011011011100010101110001111010
11001000111010111001101011110100
11110101101111011100111111110111
01001110100000110101011111100111
11110111111010011011000010111111
11100011110101011001110010110111
11101011010111111100001011111101
11111111000011011111110011111110
11001111111101010101100001101011
11001000111011111001101111110111
11110101101111011100111101100111
11001110010000110101111111100111
11111011111010011011100010111111
11110011110101011001100010100111
11001010110111111100001010100101
11110111010011011111110011111100
11001111011101010101110001101010
11001010111011110001101101110111
11110100101111011101111111100111
11001110010010111101111111000110
11111111111010010011100010111111
11100011111101011001110010100111
11001011110111111100001111100101
11111110110011011111110011111110
11011111011110010101010101111010
11101000111010110001101001110111
11110100101111011101111111111111
11011110000010111101111111000111
11101111111010010011110010111111
11110010111111111001010110100101
11001010110111111100001111101101
11111111100011011101110011111111
11011110011100010101010001111010
11111000111110110001011001110111
11110101101111011100111111111111
11011110010010110111111111001111
11100011111010010011110010111111
11100011111111011001110110101101
01001010111111111100011111111111
11111111100111011111110011011111
11001111011100010101110101111010
11111000111010111001011001110110
11110100101111011111111111110111
11011110010010110101011111001111
11110011111010110011000010111111
11100010111011011001110110101101
11101011111111111111111111111111
11101111100111011111110111111111
11011110111101011111110101111010
11101000111110111111011111111100
11110110101111111100111100111101
01101110010011110101011111100111
11111110111011100111100111111111
11111010101001011011001010110111
01111110110111111110101111111111
10111111010011111111111011111100
11101111111110110111011011111010
11101010111011111111101111110101
11101110111111001110111011110101
01101110010110111101011111010111
11100010111010000011010010111111
11111011101001011001000010100101
11011111110111111110001011111101
00011111001011011111111011011100
11001111111100010111111001111010
11101000111011111001101111110101
11110101101111001100111111010101
01001110010010110101111111010111
11111011111010100011100010111111
11111011100001011001100010100101
11011010110111111100001011111101
01110111011011011111110011011100
11001011011101010111111001111011
11001010111010111001101011100100
11110101101111011110111111110101
01001110010000110101111111010111
11110011111110101011100010111111
11111011110101011011100010000101
11011010110111111110001111111101
01110111011011011111110011011100
11001111011101010101110001111010
11101010111010111001101011100100
11110101101111011110111111110101
11001110010010110101111111100111
11110011111110101011100010111111
11101011110101011011110110100101
11001011110111111100001111111101
11110111011011011111110011111110
11001111011101010111110001111010
11101010111010111001101011100111
11110101101111011111111111110101
11001111010010110101011111100111
11101111111010011011100110111111
11111011111101111011110110100111
11001011110111111100001111111101
11111111111011011101110111111110
11001111011100010101010001111010
11101000111110111000101001110111
11110101101111011111111111110111
11011110010010110101111111100111
11101111111010010011110010111111
11100010111101111001100110000110
11011011110110111100011111111111
11111111010011011110110011111111
01011110011100010101011001111010
11101000111110111001001101110111
11100101101111011111111111110111
11011110000000110101011111100111
11111111111010111011100110111111
11101010111011011001110110000111
11111011111111111101111011111111
11001111010111011111110111011111
11001110111101011111110001110010
11111010111010111111011111111110
11110111101111011110111010100101
01101110110010110101011111100111
11111110111111100111100011111111
11111110101001011011001011111101
01011110111111111110101011111101
10001111010011111111111011111100
11101110111110010111110011111110
11101010111010111111001011110101
11111110111111001110111010110101
01111111010110111101011111011111
11100010111011000011110010111111
11110010101001011001001010100101
11001110110111111110001011111101
00011111000011111111110011011100
11001111111100010111111001111010
11001001111110110001101011110101
11110100101111011100111110010101
01001110010100110101111111010111
11100010111010000011110010111111
11110010101001011001000010100101
01001110110111111110001011111101
00011111000011111111110011011100
11001111011100010111111001111110
11111000111110110001001011110100
11110100101111001110111110010101
01001110010000110101111111010111
11100011111010100011100010111111
11111010101001011001000010100101
11011111110111111110101011111101
00111111001011011111110011011100
11001111111100010111111001111110
11101000111010111001001011110100
11110100101111011110111111010101
01001110010000110101011111010111
11110011111110101011000010111111
11111011101001011011101010100101
11011011110111111110001011111101
00011111011011011111110011011100
11001111011101010111111001111110
11101010111010111001101111110100
11110100101111001110111111010101
11001111010000110101011111010111
11110011111010101011000010111111
11111011101101011001101010110101
11011111110110111100001011111101
01111111010011011111111011011100
11001110011101010111111001111010
11101010111010111001101111110110
11111101101111001110110111010101
11001110010000110101011111010111
11110011111010100011010010111111
11111010101101011001001010110111
11011011110111111110001011111101
01011111010011011111111011111100
11001110011101010111111001111010
11101010111010111001101101110110
11110101101111011110111111110101
11001110010000110101011111010111
11111011111110101011100111111111
11101010101011011001111011100111
11111111110111111100101011111101
11001111010111011111110111011111
11001110111101010111111001111111
11001010111010111011001111111100
11111100101111111110111110110101
01001110011010111101011111010111
11111110111111110111101111111111
11111110111001011011011111110111
01111110111111111111101011111101
10001111010111111111111111111101
11101111011110110111111111111110
11011111111010111111011011110101
10111110111111001110111010111101
11111111111101111111011111001111
11111010111011000111001011111111
11111110111001011001011011111101
01001110111111111110001011111101
10001111110011111111111111011100
11001111011110010111111101111110
11011101111110111111011011110111
11111110111111001100111110111101
11111111011011111101011111101111
11101010111011000111001011111111
11101110111001111001011011101101
01001110110111111100101011111101
10001111000011111111111011011101
11001111011110010111111111111110
11011101111110110111011011110111
11111110111111001100111110111101
11111111011001111111011111101111
11101010111011000111100011111111
11101110111001111001011111101101
01001110110111111100101011111101
00001111000011111111110011011111
11001111011110010111111101111110
11011101111110111111011011110101
11111110111111001110111010110101
11111111011000111111011111101111
11111010111011000111000011111111
11111110111001011001011111101111
01001110110111111110101011111101
10001111011111111111110011011100
11101111011110010111110101111110
11011111111110111011011011110101
11111110111111001110111010011101
11111111011010111101111111111111
11111010111111011111000011111111
11111110111001011001011111111111
01101110110111111110101011111101
10001111010111111111111011011100
11101110011111010111110101111110
11001111111110111111001011110100
11111110111111001110111110110101
11111110011100111101111111010111
11111010111111111111000011111111
11111110111101011001011011111111
01101110110111111110101011111101
10001111010111111111111011011100
11101111011101010111111101111110
11001111111010111011001011110110
11111110101111001110111110110101
11101110011000111101011111011111
11111011111111101111100111111111
11101110111001111111111011100111
11111110110111111110101011111101
10001111011111111111110111111110
11101111011101011111111111111110
11001110111110111111011111111110
11111110111111001110111010111101
11101111011011111111011111110111
