1205 1197 1134 1290 1190 1219 1253 1141 1168 1218 1280 1264 1295 1227 1260 1327 1214 1203 1246 1117 1202 1161 1216 1199 1226 1172 1278 1229 1211 1225 1233 1237
1284 1252 1266 1231 1154 1198 1115 1176 1296 1146 1273 1272 1176 1228 1131 1254 1283 1225 1254 1204 1228 1222 1225 1267 1208 1171 1159 1248 1197 1144 1224 1178
1217 1270 1306 1241 1346 1184 1216 1229 1289 1162 1241 1308 1226 1249 1262 1223 1154 1278 1173 1257 1193 1229 1185 1199 1253 1297 1252 1143 1277 1273 1279 1189
1282 1239 1181 1170 1207 1167 1132 1189 1150 1280 1268 1222 1131 1235 1125 1181 1225 1194 1120 1215 1205 1178 1134 1305 1183 1204 1155 1230 1136 1211 1284 1229
1194 1201 1262 1239 1186 1241 1300 1201 1222 1230 1250 1189 1218 1249 1183 1184 1257 1132 1191 1187 1321 1140 1279 1324 1202 1151 1239 1141 1242 1242 1240 1220
1268 1136 1168 1296 1163 1135 1261 1189 1115 1285 1197 1164 1109 1292 1188 1218 1106 1268 1215 1158 1241 1237 1306 1183 1238 1245 1155 1185 1212 1239 1204 1181
1315 1233 1241 1262 1229 1253 1179 1178 1179 1230 1224 1213 1200 1175 1201 1185 1213 1252 1168 1210 1275 1168 1255 1287 1180 1311 1228 1212 1225 1239 1181 1136
1206 1217 1186 1227 1260 1211 1161 1126 1225 1237 1200 1208 1211 1324 1250 1273 1293 1244 1212 1219 1250 1152 1220 1211 1291 1184 1217 1226 1133 1209 1202 1254
1190 1262 1039 1239 1219 1218 1234 1180 1183 1211 1275 1227 1274 1212 1205 1362 1229 1240 1177 1160 1193 1192 1245 1184 1295 1193 1253 1224 1224 1234 1180 1284
1313 1209 1237 1178 1231 1205 1184 1161 1313 1207 1152 1301 1139 1265 1244 1287 1264 1244 1237 1227 1241 1285 1180 1234 1119 1212 1164 1273 1258 1133 1203 1115
1196 1275 1343 1256 1327 1265 1265 1252 1266 1169 1212 1333 1185 1258 1253 1188 1175 1171 1216 1186 1138 1136 1204 1212 1254 1218 1227 1132 1312 1280 1200 1208
1327 1184 1172 1123 1262 1218 1149 1236 1149 1303 1215 1183 1126 1306 1268 1178 1212 1195 1221 1160 1156 1177 1175 1326 1232 1197 1142 1269 1177 1240 1205 1278
1215 1186 1295 1224 1189 1270 1219 1232 1231 1177 1307 1182 1203 1264 1174 1211 1246 1145 1172 1222 1376 1157 1282 1319 1229 1096 1278 1144 1233 1267 1265 1287
1237 1167 1105 1309 1158 1138 1276 1156 1192 1208 1212 1237 1146 1277 1231 1253 1127 1313 1216 1089 1216 1158 1267 1234 1223 1254 1146 1176 1233 1280 1159 1210
1268 1262 1248 1315 1172 1250 1184 1195 1188 1247 1193 1230 1257 1152 1172 1216 1236 1221 1165 1257 1202 1105 1238 1264 1223 1306 1279 1189 1196 1220 1202 1245
1177 1150 1097 1234 1259 1254 1164 1127 1222 1256 1161 1209 1196 1331 1233 1208 1284 1211 1137 1150 1165 1199 1243 1292 1362 1227 1154 1221 1124 1274 1237 1263
1190 1242 1071 1255 1225 1230 1276 1258 1227 1173 1239 1247 1210 1224 1191 1356 1245 1252 1179 1160 1215 1148 1231 1106 1317 1165 1237 1178 1276 1242 1206 1266
1385 1233 1201 1218 1171 1235 1234 1191 1333 1183 1202 1283 1129 1209 1194 1277 1288 1188 1239 1139 1263 1301 1240 1260 1151 1242 1164 1229 1196 1145 1155 1165
1204 1317 1339 1222 1369 1211 1291 1300 1340 1195 1190 1347 1239 1272 1281 1152 1223 1217 1226 1246 1140 1200 1214 1194 1260 1234 1189 1136 1194 1276 1200 1212
1295 1148 1152 1127 1186 1242 1133 1204 1119 1235 1203 1129 1170 1348 1196 1212 1202 1201 1165 1226 1170 1153 1197 1332 1270 1227 1254 1251 1205 1286 1275 1268
1211 1174 1279 1248 1119 1302 1215 1248 1217 1247 1265 1186 1239 1304 1204 1271 1242 1101 1158 1210 1314 1179 1232 1283 1307 1152 1222 1162 1185 1267 1267 1293
1249 1211 1139 1357 1130 1164 1228 1208 1178 1194 1226 1239 1088 1243 1259 1221 1081 1301 1172 1121 1264 1166 1301 1210 1257 1288 1192 1200 1241 1306 1165 1174
1220 1234 1286 1297 1192 1214 1168 1235 1150 1193 1171 1174 1289 1204 1188 1258 1212 1161 1181 1219 1220 1123 1210 1268 1241 1250 1353 1131 1142 1246 1250 1231
1201 1138 1105 1270 1251 1174 1194 1219 1268 1218 1179 1207 1230 1297 1247 1206 1254 1259 1075 1102 1195 1223 1223 1232 1296 1279 1182 1157 1080 1270 1259 1149
1133 1229 1096 1240 1198 1139 1299 1239 1226 1146 1262 1278 1269 1201 1128 1327 1252 1263 1230 1183 1170 1121 1230 1149 1272 1130 1230 1227 1285 1275 1231 1227
1320 1242 1240 1201 1190 1230 1247 1212 1324 1178 1219 1326 1114 1252 1195 1240 1287 1171 1194 1194 1282 1324 1225 1245 1170 1261 1207 1274 1217 1116 1174 1126
1285 1280 1344 1305 1352 1236 1320 1317 1349 1216 1179 1302 1202 1263 1196 1163 1252 1244 1201 1289 1089 1275 1233 1187 1307 1275 1218 1189 1217 1281 1211 1287
1310 1153 1171 1162 1139 1213 1150 1189 1144 1230 1230 1174 1077 1297 1127 1171 1203 1230 1196 1221 1241 1160 1220 1355 1205 1226 1269 1282 1228 1303 1238 1263
1220 1185 1308 1217 1190 1319 1234 1261 1232 1240 1154 1217 1242 1277 1163 1258 1253 1114 1177 1191 1317 1122 1229 1210 1282 1161 1171 1125 1178 1250 1274 1310
1236 1164 1146 1286 1111 1133 1253 1221 1259 1213 1233 1186 1123 1282 1204 1224 1022 1250 1205 1108 1257 1225 1272 1243 1236 1309 1185 1239 1244 1313 1180 1227
1269 1215 1295 1284 1187 1243 1159 1192 1179 1224 1178 1201 1268 1323 1181 1273 1229 1160 1158 1276 1195 1114 1227 1303 1210 1295 1302 1180 1143 1257 1219 1270
1252 1163 1142 1273 1248 1163 1177 1164 1285 1215 1252 1232 1237 1282 1202 1161 1279 1256 1072 1165 1188 1272 1230 1303 1253 1194 1193 1114 1093 1243 1254 1164
1229 1219 1046 1200 1264 1173 1251 1195 1232 1200 1286 1228 1259 1193 1154 1367 1246 1253 1188 1183 1268 1103 1234 1183 1304 1192 1236 1169 1295 1287 1269 1301
1334 1190 1228 1217 1190 1242 1267 1204 1290 1140 1193 1292 1208 1214 1231 1284 1271 1177 1256 1212 1248 1244 1187 1201 1150 1221 1241 1294 1183 1082 1166 1106
1227 1336 1348 1359 1302 1258 1272 1287 1321 1192 1119 1264 1216 1247 1244 1257 1270 1102 1243 1239 1121 1211 1245 1177 1253 1267 1170 1257 1239 1319 1167 1257
1374 1169 1209 1142 1123 1201 1142 1241 1164 1214 1258 1192 1091 1311 1173 1163 1243 1252 1228 1235 1229 1202 1228 1329 1239 1238 1227 1250 1264 1341 1156 1243
1234 1181 1288 1165 1158 1295 1160 1215 1232 1212 1238 1245 1222 1287 1175 1228 1267 1154 1161 1199 1331 1126 1187 1204 1284 1137 1153 1129 1186 1236 1266 1310
1214 1202 1148 1254 1073 1099 1261 1177 1269 1175 1271 1176 1197 1278 1250 1198 1054 1246 1213 1112 1259 1251 1226 1253 1304 1313 1207 1217 1184 1307 1162 1221
1267 1197 1265 1310 1163 1219 1141 1236 1233 1258 1130 1241 1250 1309 1207 1259 1241 1176 1204 1248 1173 1084 1307 1277 1136 1281 1276 1224 1127 1239 1273 1310
1216 1177 1156 1245 1254 1173 1223 1178 1245 1251 1128 1222 1203 1274 1210 1119 1255 1218 1132 1163 1164 1232 1204 1271 1221 1200 1123 1222 1121 1251 1300 1258
1248 1172 1079 1203 1291 1254 1252 1176 1223 1229 1305 1221 1220 1180 1221 1330 1167 1190 1269 1142 1331 1230 1259 1150 1297 1201 1189 1162 1304 1248 1322 1244
1329 1153 1227 1220 1087 1243 1218 1189 1279 1159 1248 1267 1211 1165 1146 1335 1278 1082 1283 1181 1225 1251 1204 1182 1203 1172 1242 1247 1202 1085 1189 1133
1194 1263 1339 1324 1325 1141 1241 1206 1286 1165 1150 1289 1207 1250 1233 1204 1321 1147 1202 1224 1194 1154 1266 1196 1220 1264 1189 1216 1256 1352 1194 1186
1321 1194 1210 1133 1168 1202 1071 1202 1121 1237 1261 1199 1166 1280 1142 1204 1254 1237 1209 1232 1162 1129 1223 1256 1226 1221 1252 1235 1179 1266 1259 1244
1239 1154 1237 1160 1143 1286 1207 1198 1245 1241 1291 1248 1163 1250 1182 1241 1248 1107 1168 1178 1336 1209 1172 1247 1249 1138 1192 1140 1199 1241 1231 1275
1255 1253 1167 1273 1026 1114 1254 1198 1180 1188 1298 1173 1156 1235 1237 1205 1029 1221 1218 1133 1264 1216 1245 1244 1255 1292 1226 1228 1185 1262 1159 1198
1244 1174 1246 1291 1206 1204 1110 1219 1202 1241 1103 1230 1225 1182 1160 1224 1244 1183 1229 1205 1144 1139 1316 1300 1115 1246 1179 1217 1142 1238 1264 1189
1183 1216 1119 1258 1257 1230 1254 1243 1254 1250 1165 1259 1244 1331 1211 1152 1262 1249 1221 1200 1209 1179 1223 1170 1192 1205 1116 1271 1140 1238 1237 1201
1226 1200 1109 1245 1259 1250 1274 1168 1193 1235 1299 1275 1270 1202 1275 1314 1167 1164 1319 1076 1255 1232 1283 1182 1243 1179 1147 1196 1350 1196 1328 1216
1291 1179 1257 1252 1087 1233 1158 1167 1309 1153 1252 1297 1191 1257 1096 1329 1262 1114 1269 1137 1195 1227 1164 1226 1245 1198 1202 1277 1250 1117 1217 1173
1224 1209 1341 1286 1353 1105 1197 1202 1302 1197 1234 1253 1193 1330 1241 1172 1307 1279 1144 1254 1172 1136 1232 1218 1196 1304 1227 1140 1246 1330 1244 1160
1301 1198 1168 1161 1204 1168 1053 1224 1109 1281 1271 1261 1138 1258 1112 1196 1252 1237 1151 1184 1136 1167 1195 1264 1144 1207 1212 1237 1083 1162 1267 1262
1257 1182 1291 1190 1209 1298 1269 1216 1209 1235 1299 1178 1161 1262 1180 1229 1236 1141 1222 1180 1364 1179 1216 1299 1179 1132 1232 1170 1175 1305 1239 1283
1287 1243 1175 1257 1024 1126 1226 1216 1136 1218 1270 1175 1116 1279 1131 1217 1029 1243 1228 1137 1306 1198 1327 1188 1193 1292 1202 1234 1205 1238 1171 1204
1284 1218 1198 1267 1240 1238 1148 1179 1184 1207 1171 1234 1249 1186 1188 1222 1302 1281 1231 1215 1216 1215 1308 1366 1115 1276 1203 1183 1172 1252 1210 1099
1165 1200 1125 1282 1317 1240 1180 1167 1232 1252 1217 1241 1244 1415 1231 1198 1286 1271 1223 1208 1213 1183 1229 1198 1228 1221 1140 1253 1096 1170 1183 1179
1231 1225 1140 1256 1218 1235 1285 1131 1160 1200 1282 1300 1305 1233 1224 1337 1214 1191 1242 1163 1138 1237 1254 1269 1218 1218 1226 1237 1289 1247 1259 1287
1326 1204 1222 1171 1232 1226 1255 1152 1284 1154 1205 1308 1126 1280 1231 1284 1265 1169 1252 1170 1224 1210 1159 1277 1188 1259 1163 1258 1273 1158 1238 1104
1287 1200 1350 1281 1294 1212 1220 1223 1315 1168 1205 1226 1188 1339 1244 1221 1280 1234 1201 1259 1159 1123 1207 1175 1161 1231 1224 1203 1255 1261 1213 1203
1338 1199 1181 1196 1237 1193 1144 1199 1188 1314 1276 1312 1131 1269 1235 1197 1261 1214 1176 1149 1149 1240 1236 1295 1163 1170 1149 1206 1134 1231 1212 1285
1266 1203 1320 1223 1238 1261 1250 1235 1232 1194 1266 1119 1146 1295 1165 1164 1211 1216 1229 1185 1331 1162 1261 1248 1184 1111 1233 1173 1210 1292 1248 1288
1234 1222 1164 1224 1085 1093 1257 1205 1185 1193 1251 1228 1187 1266 1194 1248 1070 1274 1205 1106 1259 1163 1266 1203 1268 1281 1171 1173 1230 1261 1184 1197
1319 1229 1243 1320 1197 1297 1189 1164 1215 1194 1192 1283 1290 1231 1199 1277 1273 1272 1156 1244 1205 1190 1301 1297 1190 1303 1210 1176 1223 1281 1233 1194
1144 1163 1130 1275 1304 1229 1177 1088 1165 1243 1156 1206 1227 1330 1178 1253 1279 1204 1188 1233 1184 1158 1192 1309 1277 1226 1083 1214 1189 1235 1176 1284
1241 1187 1152 1268 1182 1239 1221 1149 1136 1216 1270 1260 1239 1199 1300 1269 1150 1159 1276 1101 1242 1125 1178 1171 1228 1186 1276 1233 1253 1187 1229 1243
1374 1286 1262 1235 1096 1172 1139 1146 1308 1150 1279 1280 1216 1208 1121 1232 1233 1195 1310 1214 1270 1228 1217 1257 1236 1159 1173 1254 1193 1126 1192 1204
1193 1218 1340 1281 1382 1182 1276 1253 1347 1210 1201 1298 1202 1203 1300 1217 1136 1328 1193 1297 1147 1259 1229 1181 1231 1277 1212 1129 1253 1301 1239 1161
1296 1221 1153 1116 1283 1243 1100 1237 1140 1266 1236 1214 1133 1195 1095 1215 1245 1246 1132 1227 1229 1178 1176 1363 1193 1264 1121 1214 1140 1221 1276 1253
1228 1203 1222 1275 1190 1205 1326 1149 1250 1234 1250 1247 1148 1267 1167 1148 1257 1206 1175 1163 1347 1140 1259 1320 1224 1191 1199 1167 1258 1210 1218 1206
1326 1150 1154 1280 1149 1093 1261 1229 1103 1231 1263 1150 1101 1322 1186 1220 1098 1250 1217 1156 1239 1195 1336 1191 1218 1225 1189 1215 1206 1283 1210 1183
1247 1193 1207 1266 1251 1247 1273 1152 1209 1240 1174 1275 1166 1193 1227 1195 1279 1236 1182 1206 1291 1140 1269 1269 1218 1335 1210 1210 1199 1211 1177 1092
1162 1183 1202 1243 1192 1203 1211 1078 1257 1237 1182 1232 1241 1348 1220 1275 1283 1212 1250 1177 1254 1136 1212 1241 1287 1266 1267 1214 1143 1203 1166 1260
1250 1216 981 1255 1215 1228 1300 1218 1217 1213 1247 1175 1206 1180 1287 1300 1173 1186 1217 1052 1211 1172 1245 1190 1293 1181 1253 1242 1326 1168 1230 1310
1367 1261 1205 1196 1231 1141 1146 1123 1371 1165 1158 1339 1143 1133 1172 1265 1262 1256 1263 1167 1233 1281 1158 1090 1149 1162 1154 1261 1234 1135 1189 1067
1170 1235 1403 1346 1335 1297 1347 1292 1292 1175 1156 1323 1177 1272 1339 1160 1179 1163 1222 1294 1108 1174 1154 1262 1168 1270 1115 1106 1234 1366 1166 1228
1355 1110 1142 1083 1278 1230 1129 1262 1097 1335 1187 1241 1114 1256 1182 1200 1236 1257 1193 1150 1180 1163 1219 1348 1178 1163 1202 1321 1205 1118 1235 1330
1321 1178 1285 1262 1223 1262 1255 1172 1241 1147 1335 1188 1229 1304 1120 1237 1150 1203 1230 1210 1408 1227 1302 1323 1175 1152 1230 1138 1213 1221 1281 1295
1421 1217 1125 1305 1126 1148 1290 1216 1126 1102 1288 1175 1092 1305 1219 1247 1107 1275 1194 1059 1244 1108 1273 1274 1171 1242 1260 1250 1165 1352 1213 1264
1246 1362 1166 1331 1178 1204 1260 1217 1188 1167 1119 1244 1277 1170 1228 1186 1360 1255 1127 1215 1192 1143 1260 1236 1203 1332 1315 1131 1166 1270 1216 1153
1147 1162 1103 1316 1211 1214 1288 1149 1184 1230 1171 1283 1262 1425 1225 1180 1290 1211 1191 1116 1221 1183 1169 1308 1402 1337 1154 1209 1154 1296 1099 1197
1245 1255 1016 1218 1184 1229 1291 1237 1274 1182 1260 1204 1205 1193 1284 1365 1196 1163 1218 1105 1270 1125 1248 1145 1288 1144 1216 1159 1339 1199 1291 1321
1426 1268 1160 1261 1230 1220 1181 1190 1326 1134 1181 1342 1108 1166 1181 1246 1213 1227 1210 1186 1220 1278 1155 1123 1222 1173 1117 1170 1281 1170 1144 1128
1269 1252 1344 1281 1402 1226 1310 1303 1341 1226 1091 1324 1230 1335 1288 1163 1258 1216 1187 1311 1057 1175 1153 1221 1199 1247 1132 1195 1181 1317 1221 1171
1354 1109 1127 1112 1263 1241 1152 1263 1154 1278 1166 1284 1107 1309 1067 1239 1215 1216 1124 1245 1139 1178 1232 1339 1239 1160 1233 1266 1150 1221 1226 1309
1338 1195 1286 1247 1230 1229 1178 1187 1182 1174 1322 1163 1274 1349 1155 1260 1173 1150 1297 1155 1359 1164 1259 1322 1208 1149 1275 1189 1188 1194 1274 1240
1374 1292 1150 1262 1101 1141 1245 1217 1151 1169 1263 1188 1083 1248 1256 1268 1108 1228 1197 1118 1277 1123 1338 1191 1242 1321 1281 1251 1166 1369 1218 1205
1301 1255 1115 1338 1195 1161 1257 1230 1219 1202 1118 1221 1226 1171 1231 1225 1355 1244 1172 1224 1205 1158 1333 1245 1100 1313 1364 1122 1121 1403 1259 1186
1176 1171 1074 1293 1252 1233 1271 1178 1223 1181 1116 1296 1253 1338 1260 1193 1247 1256 1138 1105 1214 1232 1150 1255 1345 1196 1097 1184 1133 1287 1230 1140
1285 1305 1024 1136 1190 1147 1225 1207 1296 1178 1226 1232 1183 1205 1240 1307 1174 1169 1248 1151 1240 1151 1150 1151 1288 1170 1234 1179 1273 1269 1293 1287
1384 1196 1196 1215 1216 1260 1195 1190 1278 1148 1151 1338 1054 1204 1277 1146 1171 1157 1128 1234 1296 1250 1133 1115 1232 1267 1149 1262 1175 1190 1264 1136
1275 1248 1316 1359 1378 1234 1308 1229 1337 1208 1083 1278 1168 1269 1180 1235 1278 1222 1185 1275 987 1321 1197 1223 1165 1253 1152 1255 1225 1347 1197 1267
1370 1169 1149 1162 1361 1243 1216 1275 1162 1294 1110 1302 1001 1313 1039 1195 1263 1230 1238 1171 1237 1232 1306 1387 1291 1242 1171 1256 1234 1293 1212 1349
1346 1205 1230 1257 1234 1285 1184 1171 1196 1200 1218 1257 1198 1297 1133 1172 1205 1156 1217 1181 1331 1160 1293 1278 1186 1119 1175 1219 1178 1160 1322 1294
1308 1226 1144 1208 1051 1127 1259 1221 1233 1279 1233 1196 1155 1314 1328 1264 1046 1184 1253 1160 1283 1195 1316 1219 1208 1325 1215 1281 1194 1391 1186 1215
1303 1215 1155 1332 1121 1225 1289 1216 1265 1212 1136 1261 1182 1249 1211 1249 1349 1248 1212 1264 1153 1062 1369 1247 1168 1335 1262 1156 1091 1349 1245 1272
1250 1127 1084 1271 1236 1261 1285 1126 1283 1141 1100 1258 1247 1314 1252 1077 1241 1218 1104 1095 1160 1312 1210 1329 1233 1154 1107 1156 1195 1181 1250 1246
1278 1294 981 1163 1231 1192 1148 1190 1287 1207 1191 1199 1114 1192 1199 1330 1149 1210 1161 1142 1279 1204 1191 1182 1331 1201 1277 1152 1290 1270 1336 1274
1325 1211 1177 1240 1251 1265 1278 1171 1285 1103 1172 1281 1241 1101 1256 1137 1270 1176 1135 1261 1253 1213 1108 1106 1165 1254 1206 1323 1108 1091 1203 1093
1116 1313 1281 1428 1353 1375 1271 1188 1318 1221 1066 1311 1209 1156 1263 1240 1277 1065 1274 1232 1060 1318 1214 1184 1140 1298 1135 1258 1242 1346 1134 1280
1423 1176 1248 1127 1340 1252 1135 1262 1185 1225 1151 1261 1050 1336 1240 1182 1280 1313 1285 1246 1226 1219 1247 1300 1334 1269 1124 1259 1277 1220 1221 1312
1323 1122 1145 1256 1171 1244 1217 1118 1159 1251 1275 1314 1167 1320 1142 1207 1196 1193 1142 1200 1298 1257 1298 1255 1215 1042 1122 1182 1185 1075 1307 1277
1317 1217 1125 1221 1044 1132 1310 1184 1290 1226 1302 1171 1228 1293 1337 1229 1133 1277 1264 1195 1344 1198 1221 1318 1329 1302 1228 1242 1127 1390 1181 1264
1230 1254 1216 1231 1168 1246 1282 1253 1274 1261 1103 1296 1177 1248 1314 1252 1324 1191 1193 1209 1204 1071 1322 1242 1231 1298 1287 1169 1060 1266 1254 1271
1235 1130 1089 1236 1159 1232 1390 1187 1294 1090 1079 1237 1256 1315 1233 1014 1220 1163 1163 1052 1185 1227 1195 1358 1222 1237 1066 1223 1188 1248 1265 1301
1248 1176 1027 1203 1221 1268 1146 1204 1257 1265 1219 1187 1110 1156 1283 1300 1103 1176 1173 1192 1387 1186 1219 1158 1373 1139 1203 1162 1306 1240 1382 1226
1339 1181 1217 1268 1165 1279 1260 1107 1335 1143 1330 1271 1283 1063 1134 1203 1308 1154 1221 1235 1257 1227 1130 1156 1175 1214 1264 1171 1134 1055 1127 1141
1036 1289 1275 1416 1381 1247 1225 1240 1308 1233 1118 1337 1201 1170 1359 1232 1243 1167 1242 1252 1092 1290 1276 1202 1170 1338 1153 1178 1302 1388 1198 1192
1343 1146 1214 1113 1340 1292 975 1234 1081 1203 1245 1225 1126 1334 1146 1206 1254 1265 1249 1306 1158 1149 1203 1242 1330 1255 1120 1265 1161 1218 1345 1298
1323 1110 1131 1252 1123 1206 1289 1172 1193 1245 1309 1294 1137 1308 1174 1183 1220 1151 1144 1164 1316 1283 1256 1311 1235 1058 1178 1122 1175 1067 1247 1187
1339 1225 1149 1247 1008 1128 1304 1174 1228 1198 1314 1111 1170 1281 1283 1215 1061 1295 1242 1223 1344 1190 1277 1284 1343 1294 1270 1226 1179 1344 1147 1224
1240 1186 1158 1123 1342 1212 1228 1209 1236 1287 1075 1240 1143 1168 1306 1242 1320 1189 1225 1129 1238 1097 1290 1258 1197 1228 1219 1159 1104 1294 1230 1131
1175 1164 1105 1250 1147 1204 1396 1201 1342 1134 1143 1319 1282 1321 1235 1090 1226 1175 1245 1078 1281 1133 1233 1286 1204 1299 1116 1255 1192 1248 1317 1261
1182 1170 1089 1213 1209 1162 1210 1190 1185 1219 1287 1257 1164 1150 1285 1226 1069 1162 1279 1092 1317 1162 1243 1206 1299 1173 1195 1230 1324 1124 1334 1186
1321 1241 1281 1262 1093 1253 1194 1109 1371 1105 1272 1311 1241 1195 1078 1247 1298 1136 1241 1195 1285 1209 1126 1222 1223 1214 1192 1209 1198 1117 1181 1175
1190 1175 1361 1352 1357 1145 1203 1270 1316 1213 1230 1301 1167 1228 1339 1204 1237 1333 1184 1264 1108 1292 1220 1208 1184 1312 1253 1080 1322 1346 1262 1132
1339 1162 1138 1147 1350 1216 987 1308 1067 1301 1297 1289 1106 1246 1128 1188 1232 1225 1201 1182 1194 1169 1175 1316 1160 1235 1090 1255 1029 1106 1333 1328
1315 1176 1211 1238 1235 1242 1309 1160 1181 1193 1259 1196 1163 1296 1170 1167 1202 1215 1188 1154 1390 1193 1288 1309 1129 1156 1218 1118 1195 1173 1247 1241
1333 1161 1103 1271 1040 1072 1284 1204 1170 1252 1296 1115 1134 1325 1127 1201 989 1265 1214 1197 1338 1198 1333 1218 1255 1296 1196 1218 1247 1304 1163 1206
1272 1190 1140 1143 1336 1244 1198 1121 1252 1219 1165 1252 1153 1232 1266 1200 1348 1247 1197 1173 1184 1153 1246 1342 1191 1240 1209 1129 1180 1272 1160 1035
1165 1134 1121 1236 1205 1168 1220 1141 1308 1202 1175 1289 1272 1419 1263 1114 1286 1181 1251 1146 1263 1203 1229 1264 1232 1257 1158 1183 1150 1134 1231 1209
1220 1164 1105 1249 1233 1192 1254 1134 1159 1225 1235 1285 1188 1176 1237 1262 1125 1172 1251 1160 1151 1288 1225 1286 1277 1225 1233 1272 1280 1196 1276 1300
1345 1225 1217 1150 1211 1261 1274 1093 1347 1121 1174 1323 1211 1245 1224 1305 1328 1188 1269 1199 1289 1175 1190 1272 1157 1246 1174 1311 1256 1119 1253 1101
1268 1179 1337 1344 1261 1259 1207 1224 1324 1165 1192 1249 1191 1280 1297 1228 1279 1225 1204 1216 1164 1196 1178 1204 1140 1230 1187 1134 1282 1276 1210 1226
1361 1198 1178 1159 1314 1206 1117 1218 1105 1333 1279 1311 1116 1238 1248 1180 1210 1229 1249 1112 1176 1219 1229 1308 1158 1175 1118 1241 1117 1132 1217 1346
1283 1240 1285 1240 1291 1258 1261 1244 1193 1197 1241 1118 1143 1332 1138 1177 1190 1303 1170 1180 1402 1183 1280 1261 1201 1094 1186 1148 1227 1195 1243 1267
1309 1153 1085 1239 1072 1064 1316 1210 1228 1208 1320 1249 1212 1325 1165 1245 1015 1291 1216 1137 1266 1112 1245 1260 1271 1244 1180 1180 1231 1276 1175 1228
1286 1234 1214 1241 1196 1288 1144 1133 1240 1175 1139 1276 1253 1268 1234 1274 1320 1247 1117 1237 1150 1155 1268 1296 1261 1276 1219 1161 1234 1242 1232 1197
1147 1130 1147 1232 1253 1190 1204 1053 1184 1220 1135 1269 1262 1419 1169 1214 1276 1157 1223 1168 1207 1187 1217 1332 1274 1263 1086 1235 1230 1234 1123 1349
1227 1165 1188 1206 1220 1209 1179 1169 1142 1238 1282 1234 1253 1197 1206 1291 1176 1171 1238 1151 1266 1069 1172 1175 1250 1204 1262 1161 1255 1257 1193 1187
1358 1240 1276 1195 1106 1158 1205 1138 1290 1158 1207 1232 1252 1248 1181 1246 1273 1233 1286 1266 1296 1206 1261 1281 1196 1147 1231 1240 1123 1100 1152 1228
1137 1260 1324 1357 1320 1252 1212 1259 1333 1190 1155 1312 1196 1159 1286 1263 1188 1238 1243 1247 1145 1253 1223 1191 1279 1227 1166 1215 1277 1315 1251 1213
1342 1213 1227 1140 1187 1171 1090 1181 1142 1202 1236 1216 1087 1235 1093 1215 1237 1232 1194 1241 1285 1152 1154 1337 1223 1284 1161 1196 1218 1291 1230 1253
1260 1217 1266 1237 1154 1227 1300 1165 1236 1220 1240 1309 1154 1267 1141 1194 1307 1164 1141 1201 1297 1118 1267 1310 1236 1181 1169 1121 1260 1214 1200 1250
1274 1110 1166 1288 1147 1067 1291 1205 1153 1205 1247 1110 1185 1294 1220 1200 1072 1268 1225 1112 1235 1217 1270 1225 1288 1197 1245 1217 1226 1309 1230 1167
1253 1131 1177 1278 1245 1219 1195 1184 1211 1282 1184 1279 1146 1261 1249 1245 1287 1130 1188 1232 1293 1146 1225 1217 1144 1367 1284 1218 1195 1173 1207 1184
1194 1177 1268 1183 1198 1167 1197 1094 1297 1231 1154 1204 1251 1314 1202 1237 1273 1160 1236 1143 1204 1208 1214 1227 1277 1192 1269 1214 1147 1191 1226 1240
1254 1152 1067 1207 1261 1240 1278 1186 1197 1277 1327 1217 1170 1138 1251 1310 1161 1154 1211 1106 1253 1166 1247 1142 1321 1169 1201 1132 1380 1160 1250 1266
1375 1203 1265 1190 1109 1169 1202 1125 1331 1097 1160 1281 1261 1187 1120 1345 1292 1212 1311 1223 1221 1245 1242 1172 1153 1152 1156 1275 1242 1063 1173 1113
1154 1235 1391 1382 1299 1277 1249 1266 1282 1165 1146 1339 1183 1218 1295 1212 1257 1145 1196 1218 1182 1172 1154 1228 1164 1300 1123 1180 1194 1340 1216 1184
1385 1162 1168 1057 1186 1204 1081 1230 1059 1303 1213 1207 1142 1294 1136 1168 1202 1231 1203 1212 1192 1109 1193 1342 1194 1187 1260 1277 1153 1188 1251 1326
1351 1198 1263 1224 1247 1308 1259 1198 1171 1155 1295 1264 1239 1314 1116 1293 1216 1147 1198 1200 1406 1219 1238 1287 1177 1170 1202 1088 1221 1199 1255 1333
1371 1181 1089 1377 1086 1064 1304 1162 1192 1154 1322 1121 1138 1269 1199 1319 987 1271 1216 1079 1220 1184 1235 1246 1193 1238 1244 1208 1165 1326 1197 1230
1254 1250 1110 1269 1140 1194 1122 1221 1210 1151 1147 1226 1161 1238 1244 1210 1356 1141 1175 1155 1134 1135 1230 1268 1123 1296 1297 1187 1160 1218 1284 1175
1217 1224 1169 1194 1219 1180 1214 1145 1238 1222 1139 1267 1266 1459 1241 1170 1278 1261 1273 1126 1203 1221 1199 1210 1332 1181 1182 1247 1150 1236 1173 1179
1179 1181 1060 1216 1174 1197 1317 1157 1168 1292 1264 1234 1209 1195 1282 1347 1116 1157 1232 1171 1216 1187 1224 1141 1294 1182 1190 1155 1353 1231 1287 1265
1326 1200 1206 1297 1206 1168 1143 1104 1306 1152 1173 1336 1202 1264 1167 1312 1241 1229 1268 1238 1222 1210 1255 1161 1218 1177 1121 1256 1315 1066 1160 1208
1185 1224 1296 1323 1344 1248 1222 1233 1265 1234 1173 1272 1192 1265 1216 1207 1240 1244 1165 1239 1143 1153 1187 1225 1169 1291 1158 1167 1245 1275 1301 1187
1396 1147 1151 1138 1305 1173 1146 1205 1140 1316 1160 1250 1055 1259 1093 1197 1225 1178 1202 1219 1123 1152 1202 1333 1205 1204 1217 1278 1112 1169 1182 1335
1356 1217 1330 1263 1274 1269 1214 1241 1138 1112 1292 1125 1216 1301 1101 1230 1227 1202 1275 1169 1353 1146 1239 1310 1192 1133 1281 1123 1224 1162 1290 1254
1360 1216 1130 1268 1091 1123 1281 1187 1191 1219 1241 1118 1133 1260 1204 1326 1038 1254 1265 1114 1245 1159 1290 1225 1268 1269 1151 1209 1172 1347 1122 1253
1411 1199 1097 1264 1129 1187 1165 1178 1245 1200 1212 1213 1214 1209 1263 1241 1349 1234 1240 1236 1161 1148 1149 1287 1150 1323 1308 1158 1169 1237 1215 1158
1164 1209 1096 1189 1250 1233 1187 1070 1227 1211 1126 1260 1213 1448 1298 1215 1265 1266 1228 1177 1178 1236 1208 1279 1315 1166 1103 1268 1107 1221 1306 1218
1215 1273 1040 1130 1218 1179 1223 1177 1146 1208 1240 1166 1157 1193 1258 1335 1114 1171 1122 1201 1184 1187 1184 1169 1354 1188 1268 1191 1293 1273 1201 1277
1324 1190 1230 1219 1246 1148 1267 1136 1322 1186 1047 1324 1170 1274 1261 1272 1205 1193 1210 1232 1284 1216 1187 1153 1180 1265 1131 1298 1187 1066 1180 1224
1063 1220 1326 1311 1334 1274 1264 1173 1311 1208 1177 1314 1164 1181 1190 1187 1260 1212 1223 1185 1067 1239 1239 1243 1091 1211 1168 1183 1265 1299 1221 1233
1388 1183 1165 1130 1333 1209 1248 1239 1104 1268 1152 1216 1019 1295 1151 1189 1271 1194 1302 1167 1235 1182 1252 1337 1305 1284 1181 1258 1262 1221 1138 1349
1272 1205 1268 1291 1216 1293 1146 1139 1194 1228 1318 1179 1142 1263 1099 1230 1243 1150 1193 1215 1333 1158 1297 1254 1256 1163 1225 1179 1230 1110 1292 1348
1300 1184 1094 1326 1093 1105 1319 1177 1285 1233 1237 1238 1157 1290 1320 1264 1088 1248 1195 1086 1253 1103 1226 1297 1252 1217 1191 1215 1222 1399 1172 1217
1287 1217 1135 1248 1073 1239 1203 1164 1253 1226 1176 1281 1256 1231 1295 1221 1307 1242 1158 1310 1157 1136 1085 1215 1194 1293 1356 1140 1147 1217 1231 1304
1220 1087 1082 1241 1202 1239 1205 1100 1285 1187 1098 1218 1219 1282 1220 1131 1261 1170 1122 1079 1144 1256 1232 1289 1277 1238 1103 1290 1181 1209 1270 1262
1148 1242 1007 1187 1205 1204 1256 1168 1239 1181 1193 1133 1144 1176 1213 1390 1151 1192 1105 1150 1223 1176 1181 1162 1431 1139 1355 1186 1260 1244 1220 1232
1279 1309 1205 1248 1303 1157 1292 1151 1369 1125 1176 1225 1311 1115 1140 1249 1366 1202 1177 1191 1255 1239 1176 1122 1183 1272 1166 1279 1130 1011 1133 1165
1042 1313 1249 1362 1321 1349 1263 1250 1314 1229 1138 1359 1231 1128 1259 1114 1227 1095 1286 1224 1188 1248 1218 1234 1138 1240 1121 1212 1192 1332 1116 1266
1395 1142 1248 1127 1276 1224 1173 1200 1115 1197 1199 1135 1086 1316 1208 1166 1322 1273 1287 1252 1166 1137 1237 1264 1344 1283 1234 1287 1287 1178 1203 1294
1223 1130 1163 1318 1201 1288 1199 1148 1153 1311 1315 1254 1177 1298 1114 1323 1212 1155 1164 1248 1286 1303 1274 1271 1327 1116 1110 1232 1195 1067 1273 1331
1389 1131 1097 1357 1096 1124 1324 1172 1322 1172 1272 1193 1142 1291 1277 1279 1111 1345 1200 1109 1294 1144 1243 1318 1331 1234 1186 1184 1171 1372 1195 1314
1212 1254 1212 1163 1136 1258 1154 1225 1288 1165 1099 1246 1161 1204 1326 1258 1286 1185 1127 1199 1174 1141 1138 1268 1213 1172 1373 1109 1090 1172 1200 1255
1199 1072 1087 1254 1195 1180 1266 1171 1306 1118 1151 1271 1260 1353 1253 1102 1240 1205 1131 1080 1245 1193 1161 1290 1264 1295 1112 1279 1088 1342 1269 1213
1107 1189 1092 1172 1100 1271 1193 1179 1222 1144 1226 1190 1213 1183 1240 1349 1156 1239 1170 1075 1320 1039 1214 1143 1370 1082 1312 1193 1249 1279 1247 1231
1288 1350 1236 1289 1250 1196 1257 1144 1370 1168 1327 1180 1292 1098 1077 1188 1369 1157 1212 1172 1318 1246 1147 1147 1216 1239 1233 1136 1185 1058 1054 1222
1171 1338 1232 1367 1392 1246 1256 1339 1363 1310 1101 1344 1232 1183 1316 1157 1154 1212 1275 1243 1197 1225 1297 1219 1233 1285 1152 1169 1277 1325 1173 1189
1378 1139 1247 1168 1283 1265 1040 1235 1128 1178 1176 1194 1131 1263 1105 1191 1305 1284 1268 1349 1137 1092 1186 1273 1341 1260 1167 1296 1126 1199 1292 1269
1278 1087 1172 1313 1114 1195 1314 1159 1204 1242 1292 1285 1124 1353 1129 1190 1303 1154 1177 1217 1287 1234 1185 1320 1286 1107 1155 1227 1188 1088 1268 1286
1392 1180 1176 1300 1077 1115 1281 1171 1191 1137 1265 1028 1149 1342 1184 1226 1062 1306 1217 1136 1307 1209 1330 1251 1346 1231 1239 1179 1142 1387 1212 1331
1285 1191 1179 1090 1349 1175 1207 1170 1303 1308 1104 1221 1070 1145 1313 1305 1291 1264 1248 1144 1221 1104 1221 1275 1216 1179 1248 1118 1099 1215 1155 1128
1130 1109 1118 1253 1202 1125 1289 1128 1353 1193 1194 1258 1279 1354 1236 1159 1239 1216 1224 1131 1210 1130 1192 1307 1233 1266 1201 1266 1113 1323 1372 1212
1157 1163 1152 1128 1140 1191 1195 1217 1156 1136 1302 1262 1189 1177 1216 1257 1088 1175 1268 1063 1308 1039 1204 1145 1326 1128 1262 1217 1269 1179 1241 1181
1376 1324 1292 1275 1120 1164 1237 1114 1386 1126 1231 1224 1206 1216 1117 1262 1293 1147 1220 1206 1380 1226 1089 1247 1248 1209 1245 1192 1177 1110 1148 1210
1227 1194 1322 1375 1340 1138 1244 1359 1377 1294 1187 1348 1206 1189 1288 1167 1194 1320 1221 1249 1115 1225 1297 1203 1213 1255 1198 1073 1259 1325 1243 1147
1312 1209 1163 1226 1301 1213 1020 1289 1082 1256 1250 1270 1117 1263 1087 1237 1265 1238 1222 1259 1239 1102 1168 1347 1177 1256 1171 1216 1084 1171 1254 1317
1302 1149 1220 1239 1188 1231 1288 1147 1226 1212 1218 1261 1146 1335 1155 1166 1261 1174 1157 1201 1389 1094 1217 1212 1186 1175 1223 1213 1208 1142 1238 1308
1346 1184 1188 1296 1091 1083 1271 1211 1219 1189 1267 1050 1143 1350 1136 1160 1018 1248 1211 1152 1279 1239 1266 1215 1260 1267 1239 1167 1232 1379 1196 1241
1245 1081 1129 1142 1315 1211 1147 1120 1325 1246 1134 1255 1124 1253 1255 1233 1301 1252 1252 1258 1233 1140 1287 1333 1188 1253 1202 1102 1197 1177 1097 1094
1162 1049 1178 1255 1210 1117 1201 1100 1329 1247 1192 1246 1279 1366 1280 1149 1295 1182 1248 1173 1196 1228 1234 1225 1255 1186 1241 1192 1165 1137 1298 1228
1196 1130 1131 1183 1215 1192 1248 1166 1143 1169 1277 1317 1146 1182 1205 1264 1099 1174 1283 1122 1153 1256 1235 1214 1281 1179 1247 1248 1280 1202 1220 1304
1345 1265 1235 1188 1193 1221 1260 1109 1351 1111 1162 1273 1209 1243 1210 1341 1342 1184 1275 1217 1305 1193 1210 1278 1197 1200 1178 1331 1272 1119 1225 1083
1278 1183 1321 1356 1237 1245 1191 1236 1322 1191 1152 1311 1225 1222 1295 1220 1313 1239 1200 1198 1192 1168 1152 1218 1128 1206 1169 1140 1266 1250 1198 1178
1363 1202 1200 1195 1262 1208 1107 1164 1093 1333 1275 1291 1134 1226 1204 1178 1198 1231 1235 1130 1186 1171 1231 1314 1172 1159 1196 1231 1129 1130 1187 1368
1323 1234 1271 1222 1307 1268 1295 1252 1219 1217 1201 1146 1137 1286 1126 1217 1196 1277 1166 1180 1442 1151 1244 1215 1243 1100 1182 1134 1243 1189 1209 1279
1351 1183 1131 1275 1088 1054 1300 1176 1282 1172 1338 1213 1220 1331 1159 1197 1001 1253 1206 1123 1254 1130 1167 1280 1245 1222 1216 1180 1195 1314 1159 1220
1288 1174 1210 1241 1164 1266 1128 1127 1254 1161 1117 1270 1249 1254 1228 1262 1312 1219 1115 1243 1152 1147 1276 1338 1241 1236 1177 1177 1258 1156 1202 1227
1157 1098 1163 1220 1197 1156 1196 1073 1192 1228 1173 1273 1272 1417 1177 1224 1310 1163 1273 1194 1193 1203 1199 1260 1252 1213 1106 1227 1232 1200 1145 1347
1233 1209 1112 1198 1156 1219 1259 1151 1188 1218 1236 1218 1195 1205 1182 1253 1204 1229 1250 1129 1314 1089 1170 1155 1294 1178 1306 1185 1341 1291 1197 1229
1278 1264 1210 1203 1192 1220 1267 1182 1290 1196 1207 1286 1294 1182 1247 1192 1299 1243 1230 1162 1282 1188 1233 1193 1198 1157 1225 1250 1135 1090 1122 1234
1167 1336 1276 1363 1328 1308 1240 1213 1283 1174 1155 1288 1230 1135 1288 1189 1214 1200 1231 1245 1137 1257 1223 1215 1273 1269 1218 1239 1257 1289 1227 1277
1374 1185 1253 1154 1175 1199 1120 1155 1194 1200 1234 1254 1053 1205 1091 1223 1285 1256 1196 1263 1259 1192 1160 1325 1313 1306 1221 1150 1260 1265 1230 1291
1230 1169 1314 1241 1152 1195 1282 1159 1224 1236 1230 1317 1200 1201 1175 1232 1299 1176 1165 1187 1275 1146 1285 1252 1242 1149 1139 1139 1200 1146 1298 1220
1284 1198 1136 1228 1107 1169 1277 1187 1235 1293 1201 1112 1215 1280 1260 1146 1134 1228 1239 1130 1307 1229 1220 1319 1270 1199 1259 1255 1242 1333 1210 1199
1207 1177 1209 1286 1217 1199 1253 1256 1159 1326 1212 1295 1172 1253 1279 1279 1281 1166 1190 1178 1303 1078 1221 1221 1166 1419 1330 1194 1145 1199 1267 1180
1194 1167 1236 1203 1136 1141 1345 1166 1339 1205 1206 1206 1253 1266 1200 1171 1313 1168 1164 1069 1158 1226 1226 1317 1199 1198 1219 1180 1207 1189 1232 1320
1261 1173 1066 1136 1220 1223 1243 1185 1168 1222 1302 1124 1091 1167 1278 1269 1082 1199 1192 1147 1334 1097 1180 1125 1382 1110 1230 1123 1415 1177 1235 1221
1312 1218 1192 1197 1110 1180 1305 1112 1328 1180 1189 1286 1324 1186 1187 1320 1333 1175 1224 1216 1252 1202 1199 1143 1142 1157 1221 1244 1195 1022 1116 1168
1097 1330 1272 1377 1316 1272 1220 1277 1291 1246 1171 1332 1234 1151 1362 1197 1258 1166 1187 1203 1133 1173 1215 1221 1223 1289 1156 1183 1199 1293 1187 1169
1418 1139 1229 1088 1191 1275 1050 1225 1110 1296 1234 1256 1147 1273 1069 1193 1285 1218 1238 1271 1205 1204 1204 1299 1311 1244 1245 1218 1156 1219 1270 1287
1294 1189 1206 1197 1174 1237 1194 1185 1168 1188 1286 1277 1220 1261 1103 1212 1229 1158 1203 1147 1355 1200 1245 1282 1274 1145 1195 1093 1186 1040 1262 1246
1388 1204 1108 1300 1009 1069 1319 1199 1269 1213 1293 1116 1155 1280 1270 1170 1042 1226 1195 1112 1325 1195 1224 1287 1278 1239 1323 1297 1256 1345 1152 1229
1241 1119 1115 1254 1175 1175 1161 1218 1165 1240 1142 1253 1174 1209 1257 1207 1317 1158 1238 1138 1211 1092 1245 1269 1070 1339 1274 1202 1115 1219 1231 1158
1184 1117 1178 1193 1138 1195 1359 1176 1343 1199 1178 1286 1325 1298 1212 1121 1271 1234 1274 1091 1228 1222 1218 1187 1183 1176 1137 1244 1243 1225 1270 1286
1197 1131 1058 1184 1208 1177 1297 1167 1136 1192 1276 1168 1141 1187 1284 1245 1038 1127 1286 1107 1334 1215 1168 1139 1356 1162 1224 1165 1363 1127 1205 1233
1276 1210 1226 1261 1128 1118 1251 1170 1324 1230 1183 1262 1252 1164 1121 1342 1333 1149 1340 1152 1326 1200 1187 1151 1160 1133 1179 1280 1299 1072 1132 1208
1149 1246 1276 1341 1328 1218 1246 1231 1261 1218 1201 1308 1222 1201 1272 1153 1268 1374 1179 1229 1191 1147 1237 1247 1193 1305 1168 1137 1265 1283 1281 1115
1390 1149 1207 1124 1251 1251 1054 1195 1094 1424 1200 1234 1135 1243 1055 1233 1307 1256 1258 1213 1151 1126 1244 1343 1251 1240 1225 1228 1048 1157 1274 1305
1290 1231 1280 1221 1262 1261 1238 1249 1178 1152 1278 1193 1172 1239 1069 1178 1227 1232 1249 1145 1401 1214 1253 1320 1236 1173 1239 1115 1260 1102 1266 1234
1366 1200 1108 1274 1017 1131 1249 1235 1195 1239 1297 1164 1137 1316 1248 1220 1024 1206 1245 1070 1327 1123 1254 1287 1226 1161 1275 1265 1206 1405 1094 1301
1307 1173 1137 1250 1161 1177 1171 1158 1185 1190 1088 1175 1244 1191 1255 1207 1347 1216 1264 1204 1157 1106 1231 1333 1140 1333 1246 1122 1163 1137 1161 1112
1092 1083 1090 1189 1182 1189 1307 1122 1293 1255 1260 1280 1347 1382 1256 1157 1331 1228 1284 1111 1176 1202 1270 1175 1237 1240 1175 1262 1189 1205 1220 1254
1138 1204 1033 1199 1209 1202 1368 1220 1241 1175 1265 1131 1212 1180 1267 1298 1115 1154 1185 1074 1185 1218 1215 1102 1373 1143 1239 1204 1418 1172 1166 1256
1275 1253 1183 1248 1265 1085 1284 1193 1313 1251 1084 1295 1169 1177 1190 1317 1280 1170 1291 1119 1269 1243 1168 1046 1181 1150 1180 1283 1294 1051 1089 1205
1168 1263 1279 1298 1343 1273 1303 1172 1298 1225 1184 1359 1179 1264 1265 1096 1319 1237 1166 1236 1118 1136 1194 1274 1184 1252 1127 1164 1208 1290 1216 1168
1349 1064 1180 1065 1200 1228 1161 1206 1097 1341 1117 1241 1072 1226 1094 1204 1272 1223 1283 1164 1178 1173 1265 1334 1206 1235 1340 1223 1185 1140 1189 1312
1279 1238 1357 1266 1245 1306 1231 1216 1177 1175 1275 1148 1243 1246 1072 1309 1202 1171 1262 1200 1428 1231 1280 1317 1251 1162 1224 1136 1213 1153 1297 1305
1381 1201 1165 1267 1064 1204 1264 1226 1224 1182 1286 1293 1116 1253 1249 1217 1081 1193 1224 1031 1332 1036 1241 1378 1213 1172 1312 1288 1209 1420 1161 1272
1258 1296 1166 1299 1066 1250 1208 1219 1168 1125 1117 1214 1333 1168 1210 1228 1294 1235 1111 1255 1180 1193 1180 1270 1101 1288 1339 1113 1158 1172 1246 1163
1109 1104 1059 1312 1199 1188 1328 1187 1268 1288 1291 1249 1312 1389 1233 1180 1288 1231 1173 1084 1175 1217 1239 1250 1318 1319 1146 1241 1192 1224 1117 1211
1132 1204 1033 1213 1135 1250 1406 1190 1291 1157 1263 1163 1306 1212 1191 1374 1199 1282 1091 1146 1167 1154 1195 1068 1389 1077 1307 1236 1408 1242 1200 1354
1255 1319 1159 1234 1353 1137 1278 1205 1371 1177 1144 1265 1175 1183 1210 1293 1304 1200 1261 1143 1263 1257 1184 1086 1181 1224 1158 1165 1260 1039 1059 1187
1240 1315 1273 1260 1357 1269 1381 1226 1370 1277 1168 1385 1257 1312 1325 1054 1301 1185 1256 1298 1120 1186 1214 1272 1232 1266 1139 1192 1138 1350 1188 1228
1309 1018 1140 1083 1130 1230 1161 1250 1175 1235 1149 1209 1090 1310 1120 1166 1260 1213 1267 1224 1172 1203 1285 1348 1282 1193 1370 1261 1203 1258 1201 1274
1305 1162 1327 1296 1229 1268 1189 1224 1161 1225 1249 1200 1275 1342 1104 1353 1258 1151 1260 1188 1356 1255 1250 1285 1379 1144 1180 1190 1177 1141 1289 1311
1407 1201 1167 1245 1040 1172 1292 1204 1304 1132 1234 1217 1086 1215 1181 1217 1093 1271 1214 1035 1310 1128 1313 1312 1287 1238 1240 1228 1199 1374 1239 1282
1274 1294 1218 1305 1106 1290 1174 1243 1222 1077 1109 1220 1293 1192 1182 1302 1292 1191 1149 1193 1188 1179 1248 1268 1047 1256 1365 1095 1102 1200 1246 1165
1129 1162 1053 1356 1251 1166 1274 1241 1314 1250 1243 1237 1348 1391 1225 1146 1266 1295 1099 1110 1179 1239 1219 1252 1300 1219 1184 1229 1144 1346 1209 1117
1128 1196 1059 1191 1125 1240 1336 1208 1175 1131 1291 1161 1272 1214 1193 1374 1187 1270 1149 1210 1261 1014 1195 1094 1363 1111 1253 1208 1354 1280 1220 1326
1311 1297 1199 1252 1325 1187 1308 1209 1337 1187 1212 1197 1181 1207 1214 1253 1272 1196 1219 1183 1329 1251 1152 1142 1189 1218 1222 1117 1222 1019 1085 1213
1268 1343 1257 1308 1365 1257 1341 1324 1348 1327 1150 1277 1255 1240 1299 1116 1233 1207 1302 1282 1148 1238 1294 1234 1272 1346 1199 1150 1208 1348 1218 1196
1351 1094 1186 1205 1144 1288 1085 1262 1191 1207 1167 1219 1084 1330 1102 1202 1240 1249 1275 1268 1154 1197 1201 1352 1314 1231 1258 1271 1165 1288 1247 1270
1303 1148 1301 1284 1143 1222 1241 1238 1201 1211 1229 1214 1207 1346 1104 1223 1294 1187 1202 1164 1270 1199 1166 1271 1337 1098 1188 1200 1159 1107 1251 1303
1299 1251 1197 1265 1054 1186 1276 1188 1302 1106 1162 1101 1120 1333 1183 1153 1049 1265 1194 1059 1316 1178 1341 1270 1303 1270 1218 1196 1211 1430 1177 1330
1308 1188 1208 1301 1212 1236 1168 1229 1292 1297 1155 1220 1217 1262 1206 1368 1266 1225 1267 1217 1208 1103 1264 1192 1125 1312 1303 1081 1120 1202 1240 1145
1091 1122 1145 1344 1257 1138 1256 1197 1336 1256 1201 1227 1320 1331 1223 1084 1270 1297 1115 1124 1087 1197 1271 1330 1234 1225 1164 1191 1116 1270 1363 1209
1179 1141 1094 1090 1198 1195 1227 1215 1152 1176 1326 1194 1209 1189 1164 1321 1088 1207 1242 1177 1340 1053 1198 1149 1348 1154 1184 1211 1339 1233 1257 1235
1378 1210 1248 1229 1184 1234 1335 1146 1356 1206 1217 1214 1206 1226 1187 1316 1223 1145 1234 1186 1322 1248 1153 1199 1170 1187 1281 1206 1149 1052 1126 1202
1233 1274 1314 1383 1294 1190 1318 1341 1347 1266 1189 1306 1232 1169 1288 1179 1262 1202 1265 1255 1119 1233 1299 1203 1259 1293 1200 1171 1215 1345 1239 1189
1368 1195 1199 1190 1163 1255 1028 1265 1120 1206 1236 1194 1099 1295 1101 1221 1249 1216 1248 1253 1221 1148 1192 1373 1195 1280 1267 1254 1212 1269 1228 1281
1292 1173 1260 1217 1138 1277 1216 1177 1238 1258 1196 1273 1174 1303 1113 1202 1275 1198 1163 1159 1357 1092 1159 1182 1276 1123 1189 1141 1200 1120 1222 1346
1268 1202 1194 1290 1005 1117 1273 1197 1301 1159 1209 1110 1129 1296 1180 1112 1002 1200 1175 1124 1279 1221 1208 1227 1254 1295 1243 1167 1262 1391 1130 1241
1247 1043 1165 1276 1193 1203 1121 1224 1283 1310 1142 1233 1202 1297 1171 1291 1231 1176 1270 1296 1185 1072 1285 1265 1126 1295 1252 1154 1177 1147 1207 1212
1180 1069 1172 1281 1204 1147 1263 1128 1325 1245 1164 1234 1301 1248 1198 1101 1277 1184 1190 1141 1156 1234 1250 1233 1191 1200 1215 1152 1153 1165 1338 1276
1178 1046 1179 1165 1233 1160 1238 1152 1129 1179 1255 1291 1140 1160 1203 1286 1045 1186 1309 1206 1197 1282 1191 1228 1293 1187 1233 1270 1268 1186 1256 1248
1345 1177 1255 1166 1175 1263 1248 1101 1307 1149 1204 1249 1219 1195 1154 1383 1320 1186 1259 1197 1281 1209 1216 1232 1167 1178 1200 1315 1292 1093 1225 1089
1268 1209 1305 1348 1219 1207 1233 1216 1316 1137 1146 1327 1229 1172 1257 1208 1349 1249 1234 1198 1216 1178 1206 1228 1132 1224 1179 1172 1268 1238 1248 1168
1379 1258 1228 1201 1170 1238 1091 1154 1083 1385 1291 1233 1192 1270 1178 1182 1234 1231 1245 1126 1154 1165 1189 1296 1174 1167 1254 1253 1145 1118 1225 1340
1275 1202 1219 1198 1269 1312 1231 1276 1219 1239 1175 1176 1163 1222 1110 1249 1210 1245 1172 1162 1416 1143 1214 1185 1277 1114 1220 1096 1229 1187 1211 1265
1297 1151 1105 1277 1050 1082 1314 1208 1268 1180 1328 1231 1214 1293 1217 1177 983 1183 1186 1147 1234 1160 1129 1248 1207 1240 1204 1204 1179 1332 1107 1228
1290 1130 1208 1265 1112 1212 1066 1163 1206 1167 1129 1210 1267 1234 1204 1288 1266 1167 1199 1239 1134 1109 1258 1372 1241 1218 1145 1195 1254 1176 1224 1263
1205 1076 1183 1194 1179 1210 1262 1087 1196 1228 1201 1249 1284 1357 1131 1216 1290 1169 1291 1190 1191 1173 1211 1196 1188 1203 1112 1221 1238 1180 1185 1327
1188 1254 1101 1221 1149 1270 1246 1148 1259 1189 1223 1223 1226 1220 1211 1252 1233 1254 1187 1128 1287 1182 1185 1122 1301 1145 1337 1240 1334 1294 1214 1240
1257 1305 1203 1200 1201 1231 1284 1203 1339 1201 1182 1337 1235 1161 1184 1145 1322 1136 1229 1131 1289 1165 1196 1182 1235 1194 1222 1265 1100 1089 1141 1237
1162 1331 1285 1324 1349 1277 1277 1132 1306 1195 1194 1291 1237 1270 1289 1164 1239 1177 1220 1292 1146 1320 1246 1240 1204 1254 1215 1238 1198 1328 1144 1292
1373 1166 1218 1097 1226 1152 1157 1174 1143 1181 1227 1273 1060 1148 1058 1182 1314 1229 1175 1238 1306 1187 1153 1310 1278 1285 1260 1173 1211 1212 1231 1276
1147 1144 1273 1320 1177 1208 1281 1164 1219 1297 1237 1276 1215 1258 1170 1247 1272 1141 1208 1172 1300 1229 1266 1243 1281 1218 1124 1228 1205 1155 1333 1277
1307 1177 1155 1185 1018 1140 1286 1154 1224 1326 1226 1147 1140 1245 1237 1191 1109 1181 1232 1187 1326 1200 1277 1316 1215 1218 1210 1268 1211 1280 1243 1246
1228 1270 1230 1251 1206 1232 1216 1233 1200 1231 1227 1362 1209 1238 1246 1260 1202 1251 1127 1119 1242 1119 1202 1242 1173 1326 1323 1131 1158 1164 1222 1149
1225 1166 1263 1286 1211 1168 1304 1199 1288 1236 1227 1243 1310 1281 1219 1118 1266 1203 1125 1138 1211 1239 1225 1286 1164 1163 1182 1219 1236 1156 1181 1281
1185 1227 1036 1144 1186 1243 1215 1143 1224 1180 1276 1122 1201 1211 1232 1293 1166 1239 1122 1115 1332 1119 1226 1107 1388 1134 1264 1215 1363 1257 1241 1241
1244 1278 1142 1235 1288 1196 1349 1178 1336 1292 1189 1286 1304 1238 1193 1232 1333 1121 1250 1208 1290 1268 1143 1137 1112 1237 1207 1186 1155 1032 1114 1182
1129 1354 1236 1309 1308 1266 1262 1207 1271 1300 1187 1256 1226 1223 1324 1167 1204 1124 1253 1231 1123 1211 1227 1247 1243 1237 1158 1153 1223 1325 1121 1163
1396 1097 1233 1112 1231 1189 1068 1301 1132 1266 1222 1280 1069 1223 1121 1205 1299 1244 1276 1239 1225 1262 1210 1307 1289 1196 1199 1258 1126 1203 1258 1251
1228 1171 1290 1219 1150 1183 1224 1163 1206 1196 1272 1247 1208 1295 1105 1154 1253 1206 1195 1179 1371 1204 1193 1288 1318 1165 1213 1181 1200 1050 1338 1276
1370 1204 1172 1184 969 1093 1315 1143 1289 1227 1241 1116 1131 1314 1184 1156 1068 1254 1213 1140 1377 1155 1292 1341 1306 1235 1253 1271 1292 1345 1218 1339
1211 1215 1141 1214 1249 1215 1207 1216 1273 1282 1144 1279 1162 1247 1243 1267 1273 1248 1206 1130 1259 1122 1255 1187 1152 1297 1262 1156 1097 1147 1131 1164
1090 1125 1166 1271 1202 1177 1305 1164 1353 1239 1224 1228 1325 1290 1196 1021 1231 1230 1188 1111 1160 1182 1234 1279 1187 1226 1169 1286 1253 1307 1310 1360
1202 1108 1109 1173 1263 1158 1204 1200 1181 1175 1375 1111 1188 1174 1225 1264 1117 1198 1231 1162 1337 1158 1199 1108 1401 1165 1241 1146 1318 1138 1176 1222
1273 1219 1239 1246 1197 1167 1360 1157 1301 1281 1178 1213 1195 1247 1120 1313 1314 1094 1321 1197 1357 1233 1174 1150 1081 1198 1234 1197 1242 1057 1075 1207
1180 1301 1305 1308 1313 1171 1261 1258 1254 1283 1146 1285 1185 1170 1297 1158 1279 1299 1254 1216 1154 1170 1260 1230 1212 1258 1171 1146 1254 1326 1192 1080
1397 1158 1200 1125 1230 1236 1005 1254 1025 1343 1233 1205 1138 1260 1090 1268 1308 1233 1269 1224 1210 1145 1251 1356 1234 1219 1224 1223 1121 1194 1235 1254
1249 1258 1251 1166 1185 1238 1221 1254 1247 1165 1261 1208 1165 1236 1082 1167 1220 1231 1220 1218 1416 1191 1178 1291 1225 1208 1270 1138 1261 1083 1271 1281
1355 1229 1199 1275 1006 1080 1286 1182 1210 1168 1278 1185 1140 1299 1193 1155 975 1221 1194 1115 1312 1048 1255 1296 1269 1156 1336 1264 1213 1412 1171 1298
1210 1126 1104 1213 1224 1116 1102 1139 1260 1249 1137 1182 1223 1246 1186 1248 1266 1187 1211 1265 1168 1143 1236 1232 1111 1270 1267 1119 1188 1140 1118 1165
1107 1096 1139 1236 1213 1156 1250 1173 1348 1258 1207 1259 1360 1263 1197 1090 1294 1197 1257 1130 1147 1153 1279 1142 1172 1273 1202 1263 1228 1262 1277 1287
1140 1114 1079 1179 1263 1166 1282 1226 1293 1199 1409 1205 1184 1134 1239 1276 1127 1174 1249 1070 1257 1244 1211 1086 1319 1163 1209 1128 1408 1146 1208 1296
1295 1261 1247 1234 1143 1179 1308 1195 1271 1227 1128 1257 1191 1227 1076 1339 1264 1074 1377 1171 1319 1217 1208 1072 1203 1164 1194 1259 1312 1045 1101 1193
1240 1233 1307 1278 1359 1167 1223 1172 1260 1237 1086 1283 1167 1280 1233 1208 1353 1235 1184 1194 1154 1162 1188 1230 1164 1274 1153 1184 1246 1330 1154 1112
1379 1116 1148 1015 1168 1190 1083 1208 1017 1345 1153 1225 1124 1234 1050 1242 1240 1231 1241 1188 1168 1091 1269 1338 1184 1195 1322 1243 1123 1116 1187 1252
1321 1256 1307 1192 1279 1274 1249 1272 1233 1131 1239 1134 1225 1268 1088 1293 1208 1203 1276 1216 1438 1239 1138 1279 1151 1222 1228 1166 1259 1199 1235 1367
1393 1249 1189 1253 988 1160 1264 1206 1208 1180 1320 1231 1116 1251 1167 1287 999 1167 1206 1113 1298 1086 1305 1262 1193 1194 1342 1242 1127 1400 1153 1286
1306 1264 1128 1227 1126 1146 1078 1145 1254 1107 1133 1190 1225 1184 1164 1262 1304 1179 1149 1231 1076 1211 1236 1312 1093 1246 1293 1125 1166 1218 1170 1167
1151 1140 1077 1216 1233 1192 1208 1225 1250 1270 1221 1245 1296 1413 1255 1106 1288 1279 1245 1168 1181 1207 1195 1166 1174 1253 1148 1231 1148 1262 1197 1211
1198 1190 1009 1203 1169 1234 1356 1190 1319 1231 1343 1259 1246 1192 1263 1322 1151 1154 1211 1110 1261 1264 1207 1084 1269 1167 1233 1170 1464 1252 1264 1368
1327 1319 1185 1250 1231 1197 1272 1187 1281 1177 1144 1323 1123 1227 1132 1241 1200 1080 1321 1127 1261 1229 1228 1084 1287 1194 1164 1237 1288 1063 1153 1187
1258 1223 1279 1250 1429 1185 1259 1116 1286 1265 1078 1275 1181 1362 1179 1202 1301 1203 1152 1274 1144 1198 1170 1216 1144 1290 1133 1196 1192 1324 1140 1178
1363 1074 1106 1073 1226 1166 1153 1238 1061 1273 1135 1263 1052 1200 1070 1244 1256 1215 1213 1244 1174 1145 1285 1320 1246 1235 1294 1249 1143 1202 1147 1294
1373 1228 1331 1236 1227 1266 1207 1198 1239 1137 1319 1146 1175 1360 1130 1221 1204 1249 1310 1186 1384 1205 1158 1287 1181 1168 1222 1216 1195 1215 1291 1279
1405 1241 1191 1111 944 1178 1270 1216 1222 1192 1270 1195 1122 1229 1159 1327 1043 1225 1248 1141 1328 1138 1351 1254 1205 1300 1258 1236 1163 1362 1205 1262
1332 1264 1120 1303 1160 1214 1172 1189 1288 1137 1131 1252 1207 1226 1184 1302 1286 1263 1169 1237 1156 1201 1264 1282 1111 1256 1323 1105 1132 1242 1186 1139
1167 1188 1029 1290 1289 1222 1224 1169 1236 1218 1163 1257 1280 1439 1257 1118 1254 1347 1159 1174 1115 1231 1201 1230 1174 1253 1140 1299 1122 1296 1225 1197
1198 1220 987 1159 1141 1206 1280 1188 1253 1223 1281 1209 1250 1206 1239 1292 1193 1170 1217 1134 1305 1210 1197 1120 1295 1139 1231 1244 1442 1326 1250 1324
1293 1259 1129 1254 1311 1263 1310 1171 1323 1151 1162 1273 1135 1197 1228 1171 1208 1128 1199 1181 1237 1225 1166 1106 1241 1196 1224 1225 1224 1081 1161 1165
1250 1273 1271 1332 1421 1261 1309 1156 1312 1239 1106 1267 1195 1328 1221 1188 1293 1149 1196 1270 1078 1284 1214 1182 1228 1282 1167 1212 1216 1374 1154 1218
1379 1096 1110 1139 1294 1236 1181 1250 1129 1219 1149 1325 1000 1198 1116 1210 1280 1257 1199 1232 1242 1229 1223 1326 1276 1259 1214 1241 1203 1266 1163 1270
1327 1220 1277 1296 1185 1266 1233 1136 1221 1197 1285 1202 1159 1376 1110 1183 1180 1295 1276 1202 1330 1185 1198 1275 1215 1102 1218 1232 1151 1145 1317 1261
1371 1229 1197 1071 974 1174 1332 1190 1260 1208 1214 1173 1180 1315 1223 1237 1063 1213 1244 1201 1362 1174 1301 1296 1251 1314 1236 1244 1239 1400 1173 1280
1316 1206 1164 1283 1180 1246 1232 1221 1336 1267 1165 1266 1203 1294 1206 1330 1292 1305 1185 1225 1186 1137 1310 1216 1167 1338 1289 1149 1052 1234 1212 1161
1173 1196 1085 1322 1287 1210 1294 1153 1290 1164 1157 1233 1268 1337 1235 1068 1234 1259 1169 1156 1099 1211 1213 1320 1156 1239 1086 1237 1170 1260 1241 1273
1249 1227 1060 1108 1208 1209 1161 1183 1248 1242 1252 1134 1159 1161 1198 1293 1144 1213 1178 1167 1326 1159 1202 1135 1370 1162 1222 1223 1383 1289 1293 1215
1306 1196 1112 1213 1258 1300 1339 1136 1330 1168 1219 1262 1214 1150 1261 1194 1249 1157 1204 1240 1226 1214 1109 1131 1138 1183 1283 1232 1149 1094 1136 1138
1139 1346 1288 1407 1342 1312 1302 1199 1301 1226 1115 1310 1214 1187 1306 1263 1278 1070 1283 1235 1039 1291 1257 1221 1245 1263 1162 1251 1255 1355 1129 1245
1426 1175 1223 1130 1253 1295 1104 1227 1128 1208 1198 1300 1053 1283 1157 1211 1287 1256 1284 1241 1277 1266 1236 1329 1291 1256 1189 1226 1248 1303 1200 1269
1270 1171 1212 1201 1106 1243 1194 1123 1216 1226 1302 1299 1162 1333 1103 1148 1219 1282 1155 1189 1323 1166 1211 1232 1250 1109 1175 1157 1146 1086 1314 1272
1302 1206 1160 1108 983 1137 1329 1173 1323 1215 1237 1182 1239 1292 1286 1142 1062 1204 1223 1182 1355 1195 1210 1311 1292 1321 1265 1243 1266 1393 1166 1263
1239 1157 1177 1270 1223 1247 1229 1300 1271 1330 1146 1243 1166 1285 1233 1275 1285 1216 1212 1240 1223 1068 1321 1225 1144 1307 1276 1182 1063 1253 1245 1240
1176 1133 1160 1281 1234 1213 1413 1148 1351 1159 1114 1234 1305 1260 1190 1023 1205 1154 1202 1107 1148 1246 1248 1315 1151 1250 1103 1220 1197 1243 1302 1336
1243 1061 1166 1212 1254 1171 1169 1167 1162 1220 1208 1208 1115 1177 1228 1257 1074 1217 1218 1295 1308 1283 1140 1181 1336 1166 1210 1231 1273 1215 1269 1237
1306 1174 1212 1193 1196 1306 1295 1108 1296 1162 1229 1250 1238 1144 1143 1338 1381 1149 1224 1252 1268 1194 1199 1205 1088 1205 1265 1252 1285 1124 1176 1112
1185 1268 1280 1351 1234 1232 1196 1227 1291 1126 1153 1328 1238 1173 1314 1227 1336 1270 1259 1183 1175 1261 1245 1225 1173 1271 1168 1263 1301 1277 1235 1153
1388 1263 1245 1190 1249 1281 1062 1181 1082 1358 1322 1244 1213 1291 1213 1205 1253 1254 1254 1121 1179 1242 1220 1285 1263 1160 1153 1238 1136 1177 1312 1325
1252 1213 1178 1179 1208 1271 1246 1251 1220 1196 1244 1195 1166 1197 1151 1166 1161 1252 1145 1165 1365 1206 1247 1248 1232 1133 1237 1089 1204 1130 1264 1214
1288 1166 1102 1224 1005 1099 1349 1181 1297 1205 1307 1212 1261 1308 1294 1156 1022 1192 1169 1200 1281 1149 1162 1267 1244 1261 1233 1247 1206 1343 1138 1227
1211 1107 1187 1246 1181 1201 1103 1172 1177 1220 1124 1197 1236 1201 1221 1259 1259 1178 1226 1182 1127 1074 1323 1339 1236 1215 1166 1192 1175 1239 1247 1222
1182 1113 1158 1195 1158 1197 1325 1150 1289 1197 1142 1280 1323 1304 1120 1153 1241 1130 1306 1147 1188 1130 1246 1207 1113 1270 1095 1216 1273 1229 1280 1330
1192 1248 1129 1259 1175 1284 1262 1158 1249 1205 1251 1295 1246 1218 1289 1266 1243 1234 1195 1134 1211 1180 1195 1124 1269 1155 1313 1204 1324 1246 1230 1276
1305 1311 1227 1268 1125 1209 1240 1179 1317 1173 1220 1321 1193 1243 1124 1147 1264 1052 1279 1149 1273 1183 1194 1260 1285 1230 1240 1223 1092 1081 1209 1249
1178 1235 1353 1278 1371 1185 1269 1104 1352 1213 1218 1305 1207 1278 1267 1198 1243 1215 1210 1324 1134 1318 1228 1196 1232 1226 1251 1172 1208 1324 1178 1250
1321 1172 1156 1057 1256 1162 1135 1208 1127 1205 1191 1235 1074 1166 1018 1204 1276 1219 1141 1234 1256 1139 1165 1332 1200 1293 1214 1195 1141 1220 1239 1266
1185 1152 1253 1316 1173 1230 1279 1162 1231 1309 1247 1244 1169 1310 1204 1243 1304 1125 1178 1174 1314 1243 1208 1311 1289 1200 1140 1218 1171 1225 1275 1281
1277 1165 1193 1193 1012 1142 1268 1188 1172 1364 1210 1165 1092 1285 1187 1225 1077 1199 1242 1213 1336 1222 1349 1234 1235 1294 1170 1236 1191 1252 1257 1170
1246 1268 1222 1221 1240 1272 1226 1179 1212 1153 1169 1374 1181 1174 1216 1272 1218 1271 1119 1173 1252 1169 1240 1270 1191 1272 1259 1147 1220 1218 1206 1147
1231 1204 1259 1328 1237 1180 1202 1191 1234 1266 1193 1249 1268 1317 1249 1182 1242 1259 1135 1184 1215 1237 1225 1230 1176 1203 1262 1229 1218 1160 1167 1245
1152 1278 961 1233 1165 1266 1278 1160 1303 1199 1319 1195 1270 1250 1225 1286 1233 1234 1113 1116 1297 1230 1233 1098 1345 1139 1239 1276 1392 1264 1158 1326
1249 1285 1133 1252 1283 1259 1388 1161 1363 1251 1142 1303 1207 1319 1224 1149 1310 1096 1281 1157 1289 1245 1164 1160 1147 1256 1208 1215 1160 1071 1153 1133
1160 1287 1273 1314 1323 1277 1301 1150 1310 1305 1218 1235 1205 1282 1303 1180 1177 1121 1248 1298 1088 1262 1224 1230 1306 1254 1215 1148 1218 1412 1124 1210
1383 1042 1168 1003 1282 1190 1081 1314 1147 1277 1157 1249 984 1150 1124 1228 1284 1267 1209 1222 1246 1217 1185 1340 1188 1155 1184 1271 1105 1240 1207 1284
1269 1176 1317 1286 1153 1194 1235 1178 1211 1191 1251 1152 1217 1360 1126 1163 1236 1235 1176 1192 1374 1257 1206 1351 1313 1148 1218 1200 1189 1115 1351 1309
1383 1181 1195 1113 946 1146 1296 1168 1252 1304 1192 1165 1118 1291 1125 1217 1057 1279 1256 1167 1392 1110 1329 1360 1257 1296 1164 1250 1291 1312 1217 1354
1222 1332 1172 1263 1260 1238 1236 1217 1292 1239 1131 1324 1203 1248 1190 1284 1276 1307 1103 1175 1206 1131 1230 1188 1237 1322 1273 1089 1126 1208 1154 1143
1133 1136 1167 1370 1285 1158 1242 1205 1282 1274 1259 1225 1330 1375 1231 1010 1226 1253 1107 1150 1139 1241 1253 1356 1242 1275 1166 1219 1210 1288 1165 1285
1186 1206 1049 1165 1241 1172 1242 1228 1247 1159 1325 1087 1238 1164 1171 1288 1179 1216 1097 1166 1333 1176 1217 1064 1375 1195 1225 1198 1386 1270 1202 1256
1253 1221 1139 1262 1301 1265 1410 1129 1341 1293 1210 1259 1197 1299 1236 1239 1250 1128 1293 1195 1301 1215 1150 1114 1071 1274 1224 1157 1206 1039 1105 1163
1162 1339 1265 1282 1293 1259 1337 1192 1264 1315 1136 1217 1205 1230 1303 1184 1235 1155 1284 1262 1074 1204 1250 1228 1286 1254 1195 1148 1234 1402 1214 1170
1383 1078 1162 1065 1234 1258 1045 1304 1145 1313 1219 1209 1068 1258 1150 1214 1292 1253 1259 1238 1218 1223 1237 1352 1236 1165 1240 1259 1117 1244 1247 1216
1285 1196 1293 1208 1101 1206 1181 1210 1205 1159 1241 1194 1217 1294 1112 1183 1206 1223 1160 1210 1398 1223 1156 1293 1289 1162 1290 1142 1229 1101 1309 1329
1329 1219 1183 1165 982 1160 1306 1174 1232 1200 1234 1207 1142 1291 1147 1193 1041 1243 1228 1133 1352 1066 1267 1360 1303 1268 1250 1280 1275 1348 1193 1364
1232 1220 1166 1277 1240 1186 1200 1257 1256 1289 1153 1196 1247 1244 1152 1256 1246 1237 1181 1251 1246 1109 1224 1180 1149 1294 1303 1103 1126 1164 1162 1159
1039 1106 1149 1344 1297 1150 1276 1207 1350 1234 1197 1247 1328 1321 1209 1030 1250 1247 1197 1092 1137 1199 1289 1272 1178 1303 1186 1235 1246 1330 1287 1303
1148 1090 1105 1145 1245 1116 1240 1254 1227 1189 1381 1133 1166 1144 1177 1268 1127 1210 1149 1250 1261 1196 1215 1098 1373 1169 1211 1144 1396 1172 1240 1240
1283 1183 1223 1242 1223 1235 1396 1129 1277 1271 1190 1253 1187 1285 1172 1329 1228 1082 1275 1209 1335 1219 1154 1132 1107 1260 1226 1209 1260 957 1115 1199
1174 1275 1253 1312 1301 1199 1291 1194 1258 1263 1152 1243 1187 1184 1259 1214 1317 1235 1264 1196 1110 1172 1252 1246 1214 1270 1211 1124 1268 1346 1220 1118
1391 1116 1148 1105 1180 1242 1037 1256 1075 1353 1243 1193 1134 1288 1150 1212 1276 1205 1285 1238 1152 1163 1267 1356 1228 1199 1292 1253 1101 1182 1213 1258
1309 1226 1205 1202 1203 1232 1179 1264 1187 1157 1219 1158 1209 1254 1102 1217 1208 1185 1210 1208 1404 1215 1150 1247 1237 1180 1270 1090 1263 1123 1241 1341
1317 1235 1149 1223 942 1156 1288 1188 1282 1202 1278 1231 1140 1281 1175 1241 1003 1227 1182 1135 1286 1076 1269 1316 1305 1264 1280 1268 1211 1360 1159 1298
1272 1144 1182 1247 1176 1178 1112 1219 1256 1199 1155 1180 1253 1228 1154 1262 1240 1177 1195 1267 1168 1097 1224 1270 1125 1236 1279 1125 1140 1194 1162 1199
1087 1074 1079 1262 1239 1174 1238 1199 1318 1228 1177 1275 1350 1305 1261 1024 1250 1229 1203 1146 1181 1225 1253 1182 1164 1275 1164 1203 1214 1294 1303 1295
1125 1127 1094 1106 1230 1109 1235 1221 1254 1190 1360 1226 1155 1149 1206 1269 1092 1193 1176 1231 1222 1219 1190 1145 1310 1184 1220 1161 1397 1189 1281 1275
1336 1236 1292 1239 1190 1222 1349 1168 1276 1210 1181 1316 1184 1290 1097 1340 1195 1039 1294 1196 1318 1206 1173 1117 1220 1291 1207 1262 1255 960 1136 1208
1181 1224 1266 1297 1338 1200 1268 1157 1313 1260 1125 1240 1172 1215 1208 1269 1318 1250 1187 1183 1135 1215 1201 1233 1137 1277 1192 1153 1259 1305 1165 1149
1404 1119 1149 1100 1191 1203 1094 1215 1050 1352 1218 1180 1119 1233 1097 1203 1259 1194 1308 1249 1121 1100 1256 1363 1225 1244 1261 1280 1134 1133 1156 1281
1330 1271 1202 1203 1224 1253 1150 1225 1196 1164 1220 1119 1182 1273 1115 1230 1255 1224 1241 1179 1393 1222 1139 1220 1214 1175 1203 1127 1262 1194 1216 1350
1326 1190 1126 1188 935 1177 1289 1197 1275 1227 1295 1220 1147 1304 1162 1294 994 1226 1213 1176 1291 1113 1298 1269 1294 1307 1237 1249 1182 1379 1152 1255
1329 1169 1179 1214 1145 1223 1093 1186 1295 1136 1150 1225 1236 1241 1157 1333 1293 1202 1180 1262 1133 1140 1169 1327 1176 1197 1296 1118 1147 1219 1183 1250
1184 1061 1054 1233 1180 1205 1209 1184 1251 1227 1182 1252 1309 1338 1232 1039 1239 1240 1172 1135 1194 1234 1264 1201 1155 1266 1157 1232 1197 1249 1286 1310
1162 1190 1049 1157 1209 1128 1244 1180 1301 1211 1293 1237 1184 1136 1257 1272 1105 1164 1179 1206 1171 1252 1151 1186 1293 1159 1265 1186 1370 1274 1298 1324
1297 1285 1275 1236 1189 1241 1318 1185 1281 1151 1160 1319 1203 1251 1086 1241 1204 1000 1225 1201 1235 1217 1160 1116 1243 1284 1198 1359 1268 1017 1229 1139
1160 1217 1255 1298 1377 1227 1221 1114 1296 1265 1118 1295 1173 1222 1187 1310 1307 1255 1206 1176 1124 1328 1176 1216 1084 1208 1161 1188 1278 1262 1126 1154
1429 1186 1200 1147 1302 1212 1191 1208 1063 1351 1155 1243 1050 1194 1130 1184 1266 1217 1285 1202 1158 1151 1201 1336 1254 1263 1232 1281 1185 1148 1091 1312
1351 1316 1129 1278 1251 1274 1173 1174 1197 1207 1213 1132 1151 1298 1080 1251 1214 1291 1246 1186 1370 1227 1156 1219 1231 1134 1238 1154 1259 1185 1255 1313
1343 1171 1121 1145 954 1136 1278 1216 1302 1270 1324 1271 1200 1301 1195 1307 1009 1237 1226 1247 1338 1180 1277 1266 1281 1282 1164 1268 1107 1376 1129 1246
1362 1220 1142 1213 1108 1282 1182 1135 1344 1089 1169 1260 1175 1286 1226 1376 1290 1269 1149 1257 1120 1169 1088 1352 1259 1194 1291 1145 1104 1202 1172 1247
1257 1122 1047 1182 1187 1222 1168 1095 1210 1180 1175 1249 1234 1365 1267 1070 1226 1233 1201 1160 1205 1199 1209 1268 1160 1281 1110 1285 1166 1252 1259 1345
1214 1274 973 1165 1181 1214 1172 1168 1377 1255 1237 1167 1172 1118 1253 1318 1153 1184 1155 1134 1237 1238 1197 1166 1323 1145 1307 1226 1344 1320 1284 1322
1279 1295 1215 1242 1247 1289 1320 1153 1309 1085 1206 1257 1251 1135 1162 1129 1276 1094 1191 1159 1215 1195 1120 1120 1249 1234 1244 1373 1178 1047 1211 1091
1086 1333 1257 1376 1389 1301 1209 1152 1270 1265 1144 1349 1189 1194 1275 1306 1255 1085 1292 1178 1100 1336 1200 1216 1106 1224 1155 1228 1298 1286 1082 1202
1411 1152 1258 1121 1378 1266 1159 1226 1083 1227 1133 1309 1054 1248 1218 1182 1292 1263 1307 1220 1172 1203 1139 1262 1368 1273 1152 1257 1249 1236 1139 1332
1333 1204 1097 1296 1197 1278 1207 1116 1219 1231 1285 1242 1121 1346 1118 1249 1202 1307 1218 1212 1312 1273 1228 1279 1229 1052 1162 1218 1185 1117 1291 1223
1385 1155 1093 1139 1010 1150 1312 1188 1292 1268 1306 1203 1244 1233 1235 1235 1129 1307 1238 1281 1376 1192 1263 1292 1333 1260 1168 1234 1129 1334 1133 1284
1286 1264 1146 1169 1210 1294 1232 1205 1362 1201 1131 1344 1117 1258 1304 1360 1304 1267 1137 1181 1178 1107 1174 1292 1297 1188 1305 1137 1054 1248 1192 1227
1219 1140 1065 1216 1203 1226 1252 1137 1212 1112 1155 1275 1210 1359 1247 1028 1228 1179 1213 1118 1233 1175 1229 1372 1196 1301 1048 1305 1144 1338 1235 1347
1237 1175 1094 1268 1196 1207 1177 1169 1262 1202 1136 1186 1151 1187 1250 1245 1172 1179 1190 1251 1314 1275 1156 1173 1318 1150 1248 1213 1275 1311 1249 1231
1248 1266 1160 1239 1222 1298 1277 1108 1292 1124 1301 1258 1222 1128 1163 1194 1385 1141 1232 1208 1264 1214 1185 1223 1120 1251 1235 1210 1195 1172 1156 1120
1129 1264 1272 1333 1292 1262 1158 1265 1291 1228 1157 1320 1200 1217 1358 1213 1250 1222 1291 1229 1139 1329 1219 1171 1179 1245 1182 1237 1303 1299 1215 1167
1310 1191 1213 1182 1361 1269 1126 1197 1126 1264 1286 1310 1139 1297 1275 1187 1261 1260 1232 1189 1193 1244 1194 1231 1293 1144 1063 1220 1154 1251 1280 1357
1280 1219 1186 1217 1136 1263 1300 1177 1212 1232 1230 1193 1154 1295 1185 1122 1169 1244 1193 1197 1333 1218 1299 1290 1218 1109 1229 1159 1216 1122 1278 1174
1332 1144 1152 1192 1055 1129 1319 1193 1257 1243 1297 1146 1235 1290 1246 1190 1114 1300 1219 1240 1401 1157 1232 1327 1316 1255 1183 1243 1252 1291 1174 1271
1233 1169 1175 1174 1305 1275 1205 1154 1265 1280 1140 1265 1148 1213 1313 1297 1273 1258 1158 1160 1177 1110 1245 1273 1320 1223 1202 1114 1147 1291 1215 1148
1166 1171 1154 1241 1198 1147 1283 1154 1243 1121 1162 1272 1255 1286 1176 1133 1255 1138 1302 1129 1228 1080 1196 1337 1171 1326 1117 1252 1245 1339 1266 1304
1224 1216 1173 1221 1159 1254 1226 1194 1183 1243 1283 1321 1174 1188 1313 1252 1231 1178 1223 1150 1237 1142 1211 1176 1263 1185 1281 1178 1264 1228 1252 1218
1389 1299 1281 1252 1077 1195 1180 1167 1313 1183 1282 1297 1199 1247 1104 1213 1204 1110 1301 1197 1249 1203 1190 1298 1309 1200 1210 1195 1118 1111 1199 1255
1200 1191 1383 1280 1375 1161 1271 1164 1382 1241 1150 1287 1191 1236 1301 1240 1199 1281 1192 1290 1164 1274 1232 1178 1236 1220 1247 1136 1234 1324 1182 1206
1311 1196 1166 1121 1266 1206 1081 1214 1135 1235 1191 1221 1124 1190 1036 1204 1188 1231 1121 1260 1226 1105 1171 1330 1198 1275 1184 1187 1131 1192 1267 1228
1199 1154 1217 1328 1163 1200 1283 1146 1259 1267 1269 1246 1149 1312 1206 1229 1368 1129 1170 1178 1336 1189 1222 1319 1243 1206 1158 1218 1175 1221 1203 1259
1281 1193 1241 1233 1076 1124 1248 1198 1108 1312 1216 1161 1078 1287 1159 1227 1059 1203 1250 1215 1236 1236 1327 1170 1247 1292 1208 1210 1199 1216 1251 1100
1246 1220 1186 1211 1248 1242 1228 1207 1212 1217 1159 1348 1145 1114 1186 1262 1210 1209 1161 1185 1286 1173 1278 1284 1185 1298 1215 1219 1256 1262 1200 1145
1195 1188 1231 1300 1197 1198 1184 1175 1250 1262 1143 1233 1262 1309 1257 1254 1236 1231 1161 1192 1229 1207 1183 1184 1206 1219 1270 1243 1218 1148 1199 1253
1197 1301 964 1244 1162 1237 1275 1209 1280 1244 1326 1318 1205 1159 1278 1245 1242 1209 1208 1081 1236 1201 1280 1141 1326 1170 1234 1235 1353 1239 1215 1313
1340 1300 1196 1261 1176 1248 1295 1168 1374 1210 1153 1358 1170 1308 1163 1164 1217 1093 1322 1170 1246 1250 1171 1195 1222 1225 1247 1242 1199 1090 1212 1144
1207 1180 1378 1291 1362 1236 1276 1137 1315 1262 1171 1262 1152 1317 1300 1245 1230 1156 1179 1259 1101 1305 1179 1207 1217 1205 1188 1165 1209 1377 1111 1231
1358 1087 1123 1008 1341 1195 1094 1317 1068 1296 1134 1280 999 1139 1081 1209 1203 1236 1156 1201 1251 1134 1182 1393 1123 1252 1211 1256 1116 1179 1182 1313
1308 1183 1272 1313 1200 1223 1224 1179 1256 1226 1248 1113 1162 1391 1161 1226 1267 1238 1161 1193 1423 1216 1205 1352 1220 1213 1203 1229 1156 1210 1262 1314
1360 1202 1174 1148 963 1119 1269 1179 1209 1323 1239 1170 1115 1310 1108 1300 1016 1208 1273 1210 1307 1167 1312 1253 1184 1323 1175 1221 1232 1295 1242 1203
1241 1317 1159 1218 1239 1227 1261 1166 1317 1178 1114 1369 1152 1221 1161 1253 1269 1278 1078 1210 1143 1154 1259 1217 1242 1331 1256 1168 1209 1277 1185 1182
1188 1157 1142 1315 1242 1221 1189 1186 1203 1275 1180 1256 1317 1394 1252 1079 1219 1260 1122 1217 1196 1272 1222 1327 1239 1260 1197 1206 1215 1193 1126 1280
1173 1285 940 1226 1188 1203 1243 1185 1344 1232 1324 1200 1223 1171 1246 1263 1210 1179 1120 1123 1320 1249 1262 1097 1342 1172 1270 1267 1431 1247 1227 1319
1280 1284 1134 1245 1274 1310 1343 1150 1370 1220 1181 1332 1150 1264 1223 1170 1221 1071 1316 1176 1226 1260 1155 1131 1170 1275 1181 1230 1219 1090 1138 1146
1183 1290 1290 1305 1354 1282 1296 1103 1309 1268 1125 1238 1184 1363 1302 1255 1228 1122 1227 1311 1067 1273 1177 1227 1251 1243 1170 1139 1233 1407 1097 1177
1392 1061 1119 968 1347 1211 1084 1331 1108 1278 1156 1274 1003 1149 1149 1183 1231 1236 1174 1251 1231 1202 1212 1351 1151 1188 1181 1242 1132 1217 1194 1309
1292 1193 1244 1263 1142 1215 1216 1171 1244 1182 1274 1127 1192 1379 1149 1166 1205 1284 1183 1199 1411 1222 1193 1352 1222 1179 1233 1201 1188 1170 1310 1276
1396 1176 1188 1104 943 1171 1279 1157 1199 1257 1211 1216 1101 1306 1112 1272 1052 1262 1243 1230 1351 1103 1330 1357 1234 1305 1169 1231 1246 1301 1226 1299
1239 1309 1173 1254 1263 1197 1265 1214 1313 1252 1120 1277 1198 1243 1159 1263 1259 1302 1090 1216 1161 1110 1263 1169 1232 1291 1254 1146 1143 1267 1173 1170
1092 1129 1118 1339 1290 1213 1255 1222 1261 1215 1166 1264 1319 1402 1254 1033 1189 1232 1144 1159 1162 1244 1242 1327 1239 1320 1137 1224 1221 1323 1166 1298
1177 1207 988 1216 1216 1171 1249 1251 1326 1212 1282 1144 1213 1191 1208 1255 1176 1203 1128 1149 1320 1239 1254 1091 1308 1190 1232 1213 1415 1197 1285 1279
1284 1232 1126 1255 1286 1314 1321 1158 1300 1246 1211 1272 1122 1250 1209 1206 1201 1109 1308 1216 1248 1288 1113 1133 1130 1275 1197 1198 1207 1092 1156 1176
1157 1308 1290 1333 1344 1248 1348 1127 1295 1278 1139 1262 1198 1297 1300 1213 1248 1162 1251 1321 1051 1287 1209 1215 1275 1261 1178 1175 1255 1405 1167 1155
1334 1085 1143 1040 1313 1263 1086 1329 1148 1306 1210 1270 1099 1235 1165 1175 1231 1250 1178 1245 1205 1238 1228 1361 1177 1204 1215 1210 1132 1215 1222 1263
1286 1171 1228 1205 1148 1213 1198 1207 1204 1182 1262 1169 1232 1301 1133 1172 1201 1240 1165 1227 1433 1198 1205 1302 1228 1157 1245 1175 1246 1150 1310 1294
1360 1214 1208 1130 965 1207 1319 1159 1231 1215 1233 1242 1109 1300 1168 1190 1102 1252 1241 1206 1345 1089 1282 1341 1272 1301 1215 1261 1262 1349 1194 1307
1215 1269 1235 1322 1231 1185 1269 1280 1259 1262 1118 1207 1246 1231 1123 1251 1255 1274 1152 1254 1203 1068 1315 1215 1206 1283 1276 1162 1095 1279 1175 1140
1076 1111 1070 1367 1272 1231 1303 1206 1297 1193 1166 1236 1329 1322 1250 975 1223 1218 1162 1127 1166 1206 1278 1281 1209 1340 1145 1220 1233 1323 1224 1278
1145 1183 1052 1172 1248 1153 1207 1265 1310 1148 1280 1142 1169 1195 1216 1281 1126 1209 1088 1209 1256 1221 1234 1125 1322 1214 1212 1183 1395 1155 1315 1263
1328 1194 1196 1233 1252 1270 1335 1204 1258 1206 1213 1302 1088 1256 1189 1280 1201 1107 1306 1226 1298 1282 1099 1153 1128 1291 1201 1200 1199 1050 1126 1182
1171 1302 1316 1347 1318 1218 1344 1167 1327 1274 1133 1268 1186 1235 1282 1217 1262 1202 1253 1301 1009 1281 1207 1241 1233 1293 1178 1175 1295 1355 1159 1137
1336 1107 1157 1084 1243 1301 1078 1301 1134 1318 1226 1224 1149 1325 1161 1191 1203 1222 1254 1253 1197 1208 1250 1363 1195 1210 1239 1230 1136 1199 1204 1261
1296 1177 1206 1159 1180 1219 1146 1249 1226 1194 1244 1153 1276 1251 1117 1230 1197 1158 1171 1199 1435 1206 1205 1262 1238 1135 1211 1133 1244 1164 1274 1324
1330 1192 1194 1194 981 1209 1275 1193 1277 1181 1261 1278 1127 1342 1182 1196 1068 1230 1225 1172 1329 1103 1280 1339 1306 1277 1257 1273 1218 1395 1136 1269
1197 1235 1247 1316 1197 1221 1245 1284 1237 1190 1114 1169 1314 1233 1137 1255 1259 1212 1206 1294 1215 1080 1279 1291 1182 1269 1262 1158 1121 1285 1179 1200
1096 1069 1050 1325 1218 1201 1309 1196 1281 1215 1196 1238 1335 1294 1256 987 1239 1214 1144 1075 1186 1206 1286 1251 1235 1360 1165 1196 1249 1301 1224 1272
1109 1151 1066 1184 1284 1119 1293 1229 1298 1100 1270 1170 1187 1221 1196 1293 1090 1173 1072 1225 1094 1251 1220 1219 1306 1208 1298 1177 1353 1127 1321 1307
1310 1234 1308 1209 1214 1208 1285 1246 1244 1148 1175 1264 1116 1268 1079 1316 1167 1067 1256 1186 1278 1286 1047 1151 1186 1321 1177 1284 1243 1052 1196 1168
1129 1264 1298 1345 1272 1202 1324 1167 1351 1244 1169 1268 1174 1227 1258 1203 1304 1258 1301 1273 1063 1269 1177 1261 1099 1269 1176 1147 1309 1277 1159 1107
1312 1149 1199 1132 1261 1269 1146 1263 1158 1364 1268 1234 1171 1385 1189 1191 1199 1224 1324 1241 1127 1184 1264 1317 1191 1218 1247 1268 1136 1159 1124 1285
1290 1225 1156 1173 1294 1221 1094 1303 1214 1240 1264 1145 1246 1231 1103 1282 1155 1182 1185 1181 1457 1256 1227 1236 1250 1153 1221 1125 1278 1190 1246 1336
1330 1150 1174 1264 981 1187 1271 1177 1297 1171 1305 1326 1145 1306 1196 1178 1064 1294 1181 1180 1323 1139 1244 1261 1330 1259 1191 1297 1088 1397 1086 1255
1245 1277 1249 1312 1113 1321 1181 1226 1269 1050 1056 1197 1338 1257 1199 1309 1275 1168 1188 1280 1167 1124 1183 1389 1198 1217 1254 1136 1121 1293 1167 1210
1144 1021 984 1325 1162 1197 1235 1208 1199 1233 1224 1276 1291 1340 1252 1007 1271 1202 1176 1065 1240 1164 1282 1199 1267 1382 1105 1252 1221 1263 1174 1270
1117 1241 984 1224 1250 1215 1329 1165 1326 1126 1188 1166 1233 1217 1266 1355 1092 1187 1100 1171 1060 1205 1228 1269 1306 1196 1340 1209 1313 1127 1335 1331
1226 1314 1350 1233 1244 1194 1253 1180 1280 1066 1209 1252 1216 1142 1041 1250 1245 1123 1202 1160 1198 1278 1071 1117 1270 1271 1171 1294 1185 1050 1180 1116
1099 1252 1268 1399 1316 1200 1302 1233 1311 1246 1191 1330 1196 1227 1288 1235 1224 1186 1351 1305 1109 1271 1143 1267 1087 1295 1188 1163 1261 1271 1137 1177
1326 1125 1225 1164 1281 1263 1178 1241 1162 1284 1222 1252 1135 1341 1251 1149 1215 1282 1288 1223 1087 1144 1188 1229 1219 1238 1213 1302 1222 1151 1122 1293
1340 1167 1092 1257 1316 1229 1172 1243 1132 1244 1298 1211 1160 1277 1153 1320 1165 1212 1245 1191 1387 1330 1263 1270 1282 1061 1147 1177 1204 1192 1224 1290
1318 1102 1136 1282 1037 1159 1265 1227 1291 1157 1335 1216 1155 1312 1164 1228 1096 1382 1231 1166 1361 1205 1282 1201 1366 1215 1171 1249 1036 1329 1128 1261
1305 1329 1235 1242 1167 1377 1231 1220 1297 1028 1078 1279 1248 1201 1313 1339 1309 1236 1144 1180 1165 1138 1163 1345 1222 1145 1268 1082 1171 1297 1163 1138
1148 1091 1014 1307 1206 1197 1215 1168 1123 1159 1216 1282 1227 1400 1302 1025 1267 1168 1196 1129 1292 1110 1184 1291 1323 1370 1093 1302 1137 1317 1210 1246
1164 1242 1089 1285 1165 1238 1298 1160 1245 1097 1143 1219 1266 1208 1177 1288 1205 1204 1211 1184 1191 1190 1215 1248 1285 1173 1281 1252 1238 1318 1234 1298
1287 1321 1243 1230 1247 1227 1222 1113 1317 1095 1280 1271 1155 1133 1134 1215 1348 1166 1257 1157 1279 1231 1184 1240 1205 1272 1184 1155 1224 1191 1165 1163
1220 1223 1287 1330 1281 1227 1231 1334 1306 1255 1160 1323 1221 1300 1331 1196 1177 1247 1274 1308 1152 1278 1186 1218 1160 1254 1171 1248 1268 1266 1254 1222
1271 1150 1180 1217 1328 1178 1167 1204 1185 1265 1193 1271 1106 1294 1212 1210 1230 1265 1217 1262 1154 1155 1189 1242 1250 1137 1134 1261 1179 1234 1213 1360
1297 1192 1227 1254 1159 1234 1267 1234 1187 1219 1245 1188 1153 1338 1190 1179 1234 1221 1222 1178 1350 1215 1338 1301 1273 1094 1194 1204 1205 1163 1267 1211
1269 1107 1153 1251 1120 1136 1298 1230 1260 1206 1278 1105 1180 1325 1189 1239 1103 1313 1250 1167 1320 1200 1281 1252 1329 1240 1168 1168 1141 1276 1199 1308
1334 1228 1216 1225 1304 1294 1236 1171 1244 1215 1125 1296 1187 1222 1294 1310 1294 1271 1145 1201 1202 1157 1254 1266 1281 1182 1227 1081 1252 1314 1164 1167
1155 1156 1137 1294 1265 1112 1162 1131 1184 1170 1197 1267 1206 1313 1227 1202 1260 1161 1169 1160 1241 1127 1197 1356 1294 1277 1152 1263 1186 1312 1229 1225
1195 1145 1228 1188 1134 1217 1151 1193 1136 1244 1224 1336 1203 1189 1256 1311 1168 1205 1230 1219 1250 1077 1174 1197 1252 1244 1232 1169 1211 1223 1193 1149
1380 1256 1264 1225 1128 1204 1203 1134 1280 1168 1261 1230 1216 1226 1151 1242 1239 1241 1272 1308 1320 1164 1219 1327 1234 1181 1213 1182 1179 1106 1192 1250
1229 1218 1300 1299 1346 1194 1250 1265 1333 1204 1185 1322 1234 1123 1316 1255 1188 1288 1241 1225 1171 1283 1291 1189 1243 1209 1236 1183 1247 1253 1223 1163
1354 1275 1253 1210 1239 1235 1076 1185 1178 1224 1200 1228 1169 1215 1121 1201 1225 1258 1166 1227 1249 1100 1128 1307 1239 1260 1123 1140 1146 1227 1258 1245
1220 1173 1206 1309 1186 1173 1292 1141 1220 1220 1208 1229 1154 1279 1185 1182 1311 1210 1145 1205 1241 1134 1209 1274 1224 1155 1209 1141 1182 1204 1154 1230
1268 1138 1172 1250 1153 1117 1281 1201 1169 1257 1223 1168 1141 1272 1208 1208 1074 1204 1245 1226 1195 1245 1294 1163 1240 1299 1183 1177 1240 1257 1234 1111
1251 1137 1231 1234 1207 1233 1219 1204 1217 1302 1200 1319 1134 1143 1213 1261 1221 1162 1186 1214 1285 1124 1237 1235 1232 1269 1238 1242 1225 1187 1181 1192
1214 1165 1228 1185 1168 1167 1205 1078 1271 1189 1120 1230 1259 1294 1198 1273 1229 1170 1248 1197 1230 1184 1196 1239 1221 1208 1245 1168 1187 1207 1256 1254
1198 1152 1131 1175 1147 1192 1182 1244 1179 1285 1277 1353 1130 1124 1247 1272 1181 1212 1187 1238 1209 1128 1227 1182 1311 1239 1203 1174 1242 1174 1214 1230
1397 1237 1289 1222 1147 1197 1258 1119 1301 1189 1202 1321 1203 1281 1144 1279 1186 1208 1245 1303 1329 1189 1208 1262 1235 1200 1208 1259 1206 1093 1213 1215
1210 1169 1349 1344 1317 1227 1291 1220 1306 1195 1166 1305 1211 1098 1341 1276 1255 1195 1218 1184 1152 1334 1238 1188 1170 1192 1211 1222 1238 1286 1178 1216
1405 1206 1212 1109 1290 1238 1105 1216 1123 1283 1157 1189 1122 1196 1142 1204 1188 1233 1183 1168 1264 1063 1157 1342 1186 1237 1188 1163 1155 1200 1187 1312
1299 1170 1173 1322 1237 1194 1215 1148 1211 1193 1203 1158 1169 1300 1158 1271 1276 1237 1098 1242 1318 1163 1194 1263 1197 1170 1200 1134 1197 1197 1129 1311
1327 1153 1143 1257 1074 1078 1326 1186 1238 1300 1268 1207 1164 1289 1215 1271 1025 1185 1264 1239 1180 1198 1235 1190 1197 1340 1154 1200 1245 1292 1221 1114
1270 1190 1206 1221 1160 1230 1184 1187 1274 1219 1185 1374 1137 1186 1186 1268 1254 1179 1125 1281 1170 1095 1214 1248 1255 1232 1261 1249 1220 1194 1214 1305
1263 1116 1177 1166 1143 1184 1192 1119 1206 1228 1075 1261 1284 1341 1209 1168 1224 1225 1211 1182 1227 1225 1235 1248 1226 1225 1232 1127 1232 1162 1215 1249
1227 1173 1068 1220 1158 1155 1199 1207 1254 1292 1276 1316 1157 1133 1256 1297 1198 1205 1150 1253 1234 1181 1220 1153 1318 1254 1210 1181 1293 1197 1189 1257
1360 1262 1260 1219 1190 1268 1307 1144 1294 1156 1201 1340 1192 1240 1123 1224 1217 1157 1308 1306 1294 1212 1213 1223 1184 1231 1195 1276 1241 1094 1200 1158
1187 1188 1336 1309 1370 1272 1258 1163 1291 1198 1123 1300 1202 1165 1330 1317 1238 1158 1227 1209 1141 1375 1221 1199 1181 1219 1174 1231 1249 1285 1115 1175
1408 1171 1209 1072 1307 1225 1114 1223 1076 1300 1150 1166 1105 1173 1181 1195 1165 1256 1164 1197 1235 1114 1160 1351 1151 1236 1117 1202 1124 1217 1186 1327
1326 1173 1178 1315 1208 1207 1260 1123 1234 1200 1216 1141 1160 1329 1173 1234 1243 1282 1093 1249 1323 1196 1187 1294 1190 1167 1189 1129 1192 1198 1158 1280
1330 1118 1144 1190 1033 1109 1323 1179 1239 1289 1279 1212 1167 1270 1188 1314 1028 1208 1267 1250 1219 1203 1260 1257 1222 1363 1099 1169 1210 1295 1234 1159
1265 1225 1197 1228 1183 1253 1217 1166 1317 1208 1172 1363 1126 1239 1199 1283 1291 1224 1070 1246 1137 1076 1209 1237 1306 1219 1248 1220 1189 1217 1227 1264
1248 1163 1146 1173 1180 1197 1195 1128 1211 1219 1060 1282 1283 1378 1206 1139 1157 1224 1238 1173 1228 1194 1222 1303 1209 1300 1199 1158 1197 1227 1186 1266
1244 1158 1057 1251 1195 1134 1202 1186 1287 1309 1243 1289 1196 1122 1239 1290 1191 1190 1143 1240 1311 1220 1235 1126 1317 1309 1195 1196 1302 1206 1176 1260
1337 1233 1233 1210 1219 1313 1300 1167 1301 1189 1224 1323 1153 1215 1100 1191 1218 1168 1321 1309 1291 1221 1212 1198 1159 1246 1200 1247 1222 1133 1175 1155
1150 1193 1329 1322 1367 1251 1265 1158 1252 1181 1082 1271 1205 1198 1327 1310 1213 1179 1222 1242 1122 1390 1214 1190 1208 1238 1179 1236 1234 1334 1126 1166
1409 1194 1196 1093 1306 1222 1109 1236 1083 1279 1171 1159 1086 1152 1204 1208 1182 1287 1113 1214 1248 1147 1173 1344 1168 1233 1118 1221 1155 1232 1213 1280
1315 1178 1185 1300 1195 1190 1275 1112 1235 1193 1227 1150 1145 1346 1174 1221 1206 1289 1134 1242 1302 1175 1190 1275 1163 1176 1222 1138 1205 1185 1197 1249
1353 1099 1167 1163 1004 1112 1294 1186 1210 1286 1290 1223 1170 1273 1225 1327 1055 1221 1244 1269 1234 1182 1277 1280 1231 1358 1116 1172 1231 1302 1231 1198
1250 1260 1222 1241 1202 1226 1250 1171 1282 1243 1185 1326 1135 1290 1184 1272 1278 1241 1079 1263 1134 1059 1218 1218 1297 1208 1263 1229 1162 1260 1206 1225
1219 1186 1133 1192 1241 1234 1206 1123 1232 1164 1025 1265 1252 1367 1215 1124 1190 1229 1237 1208 1219 1151 1229 1302 1200 1351 1202 1145 1172 1296 1189 1253
1267 1161 1088 1242 1194 1131 1195 1201 1282 1286 1212 1254 1205 1159 1254 1283 1160 1189 1164 1219 1342 1237 1208 1147 1300 1304 1174 1197 1273 1183 1205 1231
1346 1192 1198 1197 1252 1306 1249 1176 1272 1204 1231 1312 1108 1208 1131 1182 1201 1211 1304 1314 1272 1224 1197 1185 1144 1257 1175 1254 1215 1168 1166 1158
1177 1206 1342 1325 1352 1262 1254 1167 1259 1164 1059 1246 1208 1197 1306 1291 1222 1172 1227 1259 1123 1369 1209 1191 1205 1271 1174 1245 1243 1345 1127 1183
1372 1197 1187 1108 1301 1221 1118 1275 1114 1270 1194 1192 1107 1199 1211 1207 1185 1294 1110 1211 1263 1176 1194 1341 1181 1198 1103 1230 1146 1209 1240 1249
1308 1135 1198 1271 1168 1169 1276 1103 1246 1180 1266 1167 1198 1307 1155 1178 1157 1248 1163 1221 1303 1186 1211 1270 1128 1173 1215 1145 1218 1178 1242 1254
1348 1118 1162 1172 1019 1133 1305 1177 1223 1253 1255 1218 1187 1276 1236 1320 1080 1222 1215 1258 1227 1167 1280 1275 1220 1337 1135 1185 1234 1323 1216 1207
1231 1243 1211 1264 1219 1197 1281 1202 1243 1262 1188 1249 1152 1303 1193 1243 1289 1246 1120 1298 1163 1036 1279 1205 1264 1231 1246 1244 1149 1301 1187 1208
1184 1195 1130 1181 1262 1263 1269 1122 1239 1133 1010 1226 1257 1350 1198 1105 1207 1246 1266 1185 1206 1146 1218 1277 1193 1340 1193 1148 1191 1305 1200 1216
1262 1138 1139 1251 1235 1072 1206 1196 1255 1251 1199 1233 1256 1184 1205 1264 1169 1112 1139 1230 1249 1240 1195 1192 1341 1297 1207 1182 1226 1132 1222 1176
1317 1193 1245 1164 1245 1243 1210 1181 1207 1145 1212 1251 1093 1197 1092 1219 1202 1224 1287 1329 1277 1233 1122 1174 1103 1236 1170 1269 1220 1169 1179 1131
1158 1183 1317 1328 1299 1253 1269 1196 1280 1089 1058 1249 1167 1192 1289 1256 1237 1215 1268 1260 1130 1340 1200 1242 1180 1276 1163 1254 1246 1324 1172 1120
1341 1236 1184 1167 1280 1212 1157 1274 1165 1315 1247 1199 1152 1262 1240 1204 1170 1271 1139 1176 1268 1189 1251 1340 1130 1215 1096 1219 1163 1192 1235 1228
1293 1148 1217 1236 1233 1178 1261 1096 1197 1177 1279 1228 1191 1268 1164 1167 1126 1229 1204 1232 1310 1195 1260 1237 1085 1180 1216 1102 1213 1173 1213 1263
1339 1093 1159 1203 1080 1108 1324 1162 1208 1180 1302 1227 1176 1285 1227 1309 1109 1245 1206 1207 1242 1172 1239 1278 1259 1300 1178 1176 1177 1348 1217 1224
1236 1240 1212 1309 1202 1276 1234 1219 1218 1193 1181 1192 1185 1292 1180 1192 1296 1213 1127 1311 1190 1085 1328 1276 1187 1240 1249 1215 1174 1318 1170 1187
1193 1196 1071 1214 1297 1270 1262 1075 1260 1142 1051 1223 1258 1355 1191 1136 1228 1187 1303 1176 1229 1079 1209 1250 1246 1349 1226 1189 1174 1300 1165 1169
1210 1114 1151 1265 1213 1122 1234 1146 1201 1211 1165 1229 1292 1216 1225 1332 1165 1158 1111 1210 1147 1166 1187 1216 1339 1275 1275 1184 1232 1116 1250 1166
1263 1249 1267 1150 1281 1177 1196 1181 1233 1131 1234 1241 1157 1151 1074 1275 1238 1258 1277 1309 1271 1215 1104 1168 1159 1262 1166 1281 1214 1153 1189 1165
1134 1229 1269 1368 1305 1243 1263 1220 1298 1095 1108 1291 1217 1184 1317 1226 1239 1201 1306 1268 1196 1284 1198 1280 1148 1290 1183 1242 1224 1350 1208 1172
1351 1200 1198 1237 1230 1212 1177 1232 1207 1275 1255 1197 1210 1278 1246 1206 1182 1265 1199 1192 1234 1149 1251 1286 1158 1241 1122 1205 1193 1178 1195 1242
1323 1174 1207 1240 1283 1160 1241 1148 1199 1173 1267 1256 1145 1332 1192 1245 1188 1211 1250 1264 1262 1233 1304 1199 1121 1122 1166 1082 1189 1193 1177 1275
1331 1103 1131 1263 1086 1076 1326 1164 1252 1112 1318 1149 1208 1287 1161 1305 1091 1293 1228 1133 1224 1238 1273 1230 1273 1246 1176 1128 1115 1324 1265 1244
1280 1288 1220 1287 1168 1350 1200 1225 1260 1113 1155 1254 1145 1268 1206 1228 1318 1203 1131 1223 1172 1099 1338 1326 1143 1188 1187 1179 1220 1282 1172 1153
1173 1198 1085 1232 1313 1224 1248 1041 1218 1154 1079 1251 1232 1445 1209 1186 1222 1213 1309 1182 1259 1081 1185 1274 1322 1247 1236 1227 1146 1304 1169 1137
1232 1142 1159 1263 1155 1208 1256 1178 1129 1183 1131 1289 1230 1208 1219 1338 1191 1224 1221 1232 1175 1150 1215 1234 1255 1225 1255 1196 1208 1224 1204 1266
1315 1279 1263 1210 1241 1187 1194 1189 1237 1099 1238 1289 1153 1165 1156 1295 1280 1236 1265 1251 1275 1173 1186 1262 1209 1242 1164 1241 1258 1185 1189 1207
1266 1239 1259 1308 1293 1219 1223 1298 1272 1169 1134 1295 1255 1228 1295 1214 1245 1245 1254 1202 1224 1220 1246 1230 1112 1264 1195 1246 1218 1274 1240 1218
1349 1204 1236 1273 1236 1214 1185 1164 1203 1259 1207 1191 1214 1264 1210 1226 1182 1261 1195 1180 1202 1153 1213 1298 1222 1201 1168 1201 1203 1248 1173 1324
1275 1212 1255 1240 1233 1198 1243 1188 1257 1175 1255 1170 1125 1322 1210 1207 1276 1241 1188 1210 1268 1155 1286 1221 1209 1108 1154 1164 1175 1245 1215 1219
1275 1179 1159 1265 1156 1122 1304 1178 1246 1166 1292 1143 1226 1307 1221 1245 1079 1229 1246 1141 1212 1220 1227 1196 1267 1246 1168 1140 1133 1312 1231 1236
1290 1264 1244 1301 1182 1258 1176 1171 1240 1205 1177 1266 1195 1254 1210 1318 1266 1253 1193 1263 1206 1097 1314 1272 1277 1230 1227 1165 1260 1238 1238 1189
1161 1188 1183 1238 1249 1152 1192 1073 1190 1204 1079 1205 1200 1361 1191 1258 1230 1239 1227 1186 1141 1115 1197 1324 1256 1233 1164 1251 1180 1214 1233 1183
