00000000110010100000010011100110
01001011110101101110111000011000
01011001010101001000101100001000
01110000110111010101000001101100
00000000110010000100001110100110
01001011110101101110010000001000
01111001111111011000101100001011
00110011111110100100010110101100
00000110111000010100001110100110
01010010111001111110001000001100
01111111111110011110111100001001
00110011111110100000010111101110
01000100111000110100001001100000
01010011111001111110001010110100
01111101001000111110111111001001
01110011111111000001000111100110
00010100001000110100001000010000
01000011101001110111001010110000
01101101000000111010111111000111
00110011111111010000100111101100
00010100001010110000001000010000
01001011101111111111011010010100
01101111010001111010111101000111
00100010111110011010100111101110
00000100011010110000011000010000
01001011101111111111010011000100
11101101011101111010111000000111
00100010111110111110110111001110
00000100011010010000011000000000
01001011101110111101000010000101
11101100011000011010111010001101
00100000111110111110110111001110
00000100011010010000011011000001
01001011101011111110000010011101
01101011011000011010111110001101
00100001111110111111110110001111
00000000001000110000001111100000
01011011101101111110000010011000
01101111110000011000111110001101
00100001110111110111010110101100
00000000110000110000001110111110
01000011111001111110001010011000
01101111011011011000101100001001
00000001110111100111110100101100
00000110110000110000011110111110
01011011110001111111001000011000
01111011111111010000101100001001
00010001111111100101010100101100
00000110010010100000011100100110
01001011110001111111001000001000
01111011011111010000101100001001
01010001111111100100000100101100
00000100110110110000010100100110
01011011110001111111001000001000
01111010111111011010101100001001
01110001111110100100010100101100
00000110110010000100011100100110
01010011110101111111011000000001
01111010111111011000101110101011
00000001111111100100010111101100
01000101110010110100000110100110
01010011011101011100011100000001
01110111001011010000101100100001
01011011011110000101010111101111
00000000010111000000001110100000
00000011101101111011100000001000
01111001010100001100100100001110
11110011110010010011000000101100
00010011010000010110001110100010
01000010111001111101010100011100
01111000111110111110011111101110
10110011101011000000010110100100
01010101011010111110001100000010
00100010011001011101011010011101
01111101001010111110011101100101
10111011001111001000100110000111
00110101000010100110001000010011
10001011001110000011011111001111
11100101010001001111000000100100
11100010010100111000100100001000
10110111000110100111001110110011
10011011000110001011110001001111
11100101010001001101100000001100
11100010110100111110101000101100
00001111000110100001000110100011
00001011010111011011010001001111
10000001101101011101100100111101
01100010110110111110111000001100
01101011100100101001001110101011
10001011010111011011011001111001
10101000101111010101100100111101
01000111110110100100101110101100
01101011100100111011000100111010
10100010010011011001011100111001
10101100001110011100100100111101
11010011011110100100101110011000
01100111110100011011000000011011
10101000010010011001011101011101
10011101001110011110101000000101
11010011011110110100101100011001
01110011011100001010011011101011
00000010001011011011100000011101
11001001001100011001111000001101
00100001010110111111001000001011
01011010001000000000011011100011
01010010101001111011000001011100
01101011011100011100010110011101
00100001100110111111011000101100
00010010010000010100001111101100
01001010101001111110000000011000
01101011011110011100010100001101
00100001110111100111010000101100
00010010010100010100011101100100
00000010101001111111001000011000
01111011011110011100111100001100
00110001110111100000010100101100
00010011010100000100001100100000
00010010101001111010000000011000
01101111111010011100010100001101
00110011111111100100010100101100
00010011010010001100001100100010
00010010101001011101011000011001
01111110111111011000111101101111
00000011101011100000010110100100
01010101111010011100001100100010
01010010111001011100011100111101
01111111101011011100011101101001
10001011101011000000010111100111
00000000010101000000001110100011
00000111101101111011000001101100
01111001010100011000000000001110
01110011110010010011000000101100
00010011110100011110001110100110
01010010111101101100010000011100
01111100111010011010101100101111
10110011101010100010011000100110
00010111100110101110001010100110
10011000110111101110011100011010
00110111101011001101101000100000
11001010110101101100101101101101
10100111100110101111100111101110
10111001010010000010011100010010
10010111100001000101101000011000
11011110010110100100101001101101
11000000110010110000010111100110
11001111110000101111101000111000
00011101100001000101101101011000
01010101110111000001001010101100
11000001100011010000000011100110
01000111110001101111001010111000
00001101010001000101001101011001
01010101110111000001000100101100
00000011110010000000011111100100
01000111110001111110000010111001
01001101110011011100010101001001
00111001101111000001010100101100
00010111110000000100010111100100
01000011110001111100001110110000
01001101110011011100010110101001
00001001100111100000110000101001
00010111110000111100000100111100
00100001010001111100001100110000
01000111110011110110010000100001
10011111010111000000101001011011
11100111110000111110100001111011
10100100010010010100111100010001
00000101001010000111010000000001
01011011010110000101101001011011
11100001010100010010110011100011
10010110100011011011110101011101
01001011000100010101010000010101
00010011110110110111101000101011
01001000011100010000001011100001
00011010101001111110000000011000
01111010010100011100011110011100
00100001100010010111011000101100
01000010010100010110001000100100
01001010101001111011000000011100
01111010111110011100100100011101
00110001111111000010010100101100
00000001010100010100001000100101
00011010101001111011000000011100
01111110111010011110100100101101
00110011100111100010010100101100
01010001010100011100001100000110
00000010101001011001010000011101
01111010011010011010111101101111
00110011101011100010010110100100
01010000111110011100001100100010
01010010111101010100011000011101
01111111101010011100011111100111
10101010101011000000010111100111
01000000010111010000001110100001
00010111101101111011110001111100
01111001000100111000000000000110
01110010110010010011000000101100
00010000110110010100001110000100
01010010101001111100010000011100
01111111111110011010011101101110
00100011101010100010010100101100
00010000110010000100011111100110
01010010111001101111010010001101
01111011111111011000111110001001
00100001111011100110010100101100
00000100110010010100011110100100
01011011110000101110000010101000
01111111111001010000101100001000
01110001011111000001010110101100
00000000010011110000001100110110
01001011110001111111000010001000
01111111011001011000100100001001
00110001110111000001000100101100
00000010010001010000001010100111
01110011100001111011000000011000
01111111011011011000100100001001
00110011110111100010000000100110
00010001010000010110001110100111
01010010101001111001000000011100
01111111011011011000100100001001
00110001110010100010010000100100
00010010110000010110011110101110
01010000111001111100010000011101
01111010111111001100111100001001
10101001111011110010010100100110
01010110110000011100011110101010
01010000111101111101011000010101
01101011111111011100111011000101
10101001001101000001010110100111
11010111100000111110100001101101
10000001010100110100111100010010
01000111100011010111010000100001
00011010010100001100111101011011
11100001010100110000100011110111
10111101100000011110101101011010
01001111000001010101110000011000
00010110110010000111101001111011
01000000011101010000001000100011
01001111100001111010000000011100
01111001011100011100001000011010
00010001110000000001100000101100
00010010010100010110001010100101
01011000101000101011000000011100
01111010001010011100110100000100
00110011110110010010010100101100
00010001011100010100001100100111
00010010101001111011000000011100
01111110111010011000110100001101
00100001111111110110010000101100
01010001010100010100001100100100
00000010101001011001011000010100
01111110011010111010111100101111
00100011101011100000010110100100
00010000111110011110001100100010
01000010111001110100011000011100
01111110101010111010011101100111
10101010101011000000010111101110
01000000010101010100001110100001
00000111101101011010100001111100
01111001000100001100000000011110
01110010110010010011000101101110
00000000011100010100001010100001
00010010101001111000010000111100
01111010111100011010010101011110
00110011101011000011010000100100
00000000010100110110001110000100
00000010101001101011000000111100
01111011111110111110001101011101
00110001111011100010000100100100
00000010010100010100001110100110
01011010101001111011000000011100
01111011111110011000111100001101
00110001111111100010010100101100
00000111010100110100001100100111
00010010100001111011001000011000
01111010111010011100100100001100
00110001111111100110010000100100
00000011010100010100001110100111
00010010101001011011000000011100
01111010111110011110110100001101
00110011111111100110010100101100
01000001011100010100001110100011
00010010101001111010000000111100
01111110101010011110010100011101
00110011111111000110011100100100
01000001001100011110001000000000
00100010101001011101001000111100
01111110101010111110011101011111
00110011111111010000000110100100
01010101001100101110001000010010
00000000111101100101011000110101
01011111110011111011011101110111
00100010101101111000110110100101
10000101000110000100100111110111
10010001111110010100110111010110
01000111100011010111111000100100
00101010010111111110111101101101
11000001010110010000100101100110
10111111110001011110100101111100
00011111001001000001100000011001
01010001110010000111001001101011
01000000001101010000001010100111
01011100110101110011000000011100
01101011011010001101000001011110
00010111110000000001100000101100
00000011010100010110001110100101
01111010101001111011000000011100
01111010001010111100110100001101
00110011110010000010100000101100
01010011010100010110001000100111
00010010101001111011000000011100
01111010011010011000100100101101
00110001110111000010010000101100
01010011010100011100001100100111
00011010101001011011010000011101
01111010011110011010111100101111
00100011101011110010011110100100
01010001110110011110001100100010
01000010111001011100011000011101
01111110101010011000011110100111
10101010101011000000011011101110
01001000011100010000001111100010
00110011111001011010100101111100
00110101000000001110010001000110
01110011111010010001001101100110
01010001011100010110001011100001
00000010101001101100010101111100
01111001010000111010010111010111
00110011001010010011100001001100
00111000011100110000101111100001
00010010101000111011000001111010
01101011110000111010010110010100
00100010110101011111111000101100
01000000011100011000001110100011
00000010101001111010000000111100
01111110111110111110010100001101
00100001101011110010010100101100
00010001000000010100001000100111
00000010101001101011000000011100
01111010101010011010010100011001
00100001101111000111010100101100
01000001010000010110001110100001
01010010111001011111000100011100
01111110111010011110010101011101
00110011101011000010010100100010
01011101011000011110001000000000
01100010111001101111000001111100
01111111000010111110011101110111
10101011001101011000100010000111
00110101001010100110001000010011
00000011101110100111010111011111
11100101000000001011010000100101
10101010101100011000100000001000
10110110001010100100101011000111
00010001101110000010010011010111
11000110010000011011101000100100
00101010110100111110111100001100
10000100011100010000100111100111
01011111101010011110110011111100
10000111011000010001111000011001
01110000010111000111001011101110
01001000001101110000001000000101
01001110110001111111101001111100
01001111011000000011100101011011
00010101111111000001000111100101
00000000011100010000001010100101
01111100101101110011001000101100
01111011111000111110100000011101
00110011110001010011100001100100
00000000011100010100001110100100
00011010101101111011001000111000
01111010111110111010010101011110
00110011011011100010110100101100
01000001011100010100001100100111
00000010101001111011000100011100
01111010101110011110010100001101
00110011111011100010110100101100
01010001010100010100001100100111
00010010101001011000010000011000
01111010111010111010111100101101
00100011101011100010010010100100
01010001111110011110001100100010
00000010111001111100011000011101
01111110101010011100011110100101
10001010101011000000011111101111
00011000111000101000001100010010
00100011011101111111011100001100
00010101010000001000100000100110
11110011111110011000101011100001
10110011111100000110100011110011
01100001001110000111010100010111
11010111000010011111010000100100
01111010010110111101101000011011
10110000010100000010111111100011
10000010101010011011110101011101
01101001010100011001010000000100
01100000010110010111001000101011
01100000010100010000001011100001
01000110101001111010000000011100
01111000010110011100010100011100
00100001100000000011011000101100
00000001010100010100001100100111
00000010101001111111010100011100
01111010011010011010110100001101
00110001101011000010010000101100
00010001010100001110001100100110
01011010111101011111000000011101
01111111111010011010110100101101
00101011101011100000010010100010
00011101100110101110001010110010
10011000011111100111011001011010
01110111100010101101000000100100
11001010111100101000101001111101
10110110000110101111100110011110
10011001010110000011011100010011
10110101101001000101100000000100
11000010010100100100101000011000
11100100101100000001110111110110
01101101010010101011011001101101
10010100101101000101101100011100
01110001010110000101001010001100
01100100111101010011011000011111
01101111010011111011000111001101
11010101011100000010101100010111
01110001011110101100001011000001
01100100001100000000011000000011
01100110001110011011000011001101
11001000001000001010100000000111
00100011111110111110100000000111
00000000011100000000011001000001
01001010001011011010000011001101
11101001001000011010110110001101
00100000101110111111100010000111
00010000001100010000001011100001
01000010101001111011000001111100
01101010110000011010010110011111
00100011100111111111010000101100
01010000001100010000001100100001
00000010101001111011000101111000
01111110110010111010010100011101
00100011010111110111110100110100
01010001011100010100001100000110
00000010101001111101010000011100
01111010101110111010011100111111
00100011101011110010010110100100
01010001111110011110001100000010
01000010111001011100011000011100
01111110101010011000011111100111
10001011101011000000010111100111
00011000110000100000001110100010
00010001111101101111011100010110
00010001110011001000100010001110
11100011110111011001111001101001
00111111110000011100101111111110
11100001010100110111011100110000
00000111000011010111000001100100
11011011010100000101101001011001
11100001010100110010101011111111
10101101000010011011101101010101
01010101000100010101110000000100
01010011010110110111001000011001
01101000011101010000011011100111
00001111101001111010000001011100
01101010010100011100010010011110
00100001110100010011011000101100
01000001011100010000001000000111
00000010101001111010000100011000
01111110011010111110010100011101
00100011110011000011011100100100
00010000010100011100001110100100
00011010111001111111011000011100
01111111111110011000111100101101
00100011101011100000010010100100
00010010110010000100011111100100
01011000111001100111011010010100
01101011111011011100111110001100
11000001111111100000010110101100
00010110110010110100111111100100
11001011110000111111001010110000
01111111110001110100111100011000
01110101011111000001010110111000
00000110110001110100010100100100
01000111110001111110001010111000
01001101110001110100110100011001
01010101111111000000001110111000
00010111100000111100000110111100
10100111110001111110011100110000
01000111110011110100110100101001
00011111110111000100101000011001
01100111110000111010000110111110
10100101010001011111011100110001
00000101100000110100100100100001
01011111010111100100101001011001
01100111100100111011000000011011
10101000010010011011011100011001
10010101001100110110100000000000
01010011010110100100101000011001
01100011011100001011010011101011
00100110001011001011100001011101
11001001001100011101111000000101
01100001010110111111001000001111
01001000001100000000011011100011
01000110101001011011000001011101
01101010010100011000010110011101
00100001100111111111011000101100
01110001011100010100001100000001
00000010101001011000010100111000
01111110010010111010011100101111
00100011100011110011011100100100
01010001111110011100001100000010
00000010111001111100011000011100
01111110101010011010011100100111
10001011101011110000010110101111
00010000110000000000001110101010
00010001111101101111010100000100
01011001011111001000100101001110
10100001111011010011010000100100
00011110110000001100011110101110
01010001011100100111001110111101
01100011111011111110011110100100
11001011010101001001111101101001
10110111110100011110100001011111
11100101010010110101101101010000
01110111001010010110010000000000
01010111010110000101101001011011
01100000011101010000011011100111
00000110001001111010100001011100
01101000000100011100110000000101
00110011110010010111001000001111
01001000011100010000001011100001
00000110101001111010000001011100
01111010010000111100010110011101
00100001100001010011011000100100
01010010011100010100001100100110
00000010101001101011000000011000
01111111111110111010110100101101
00100001111011110010010100101100
00010010010100000100001110100110
01001010101001111111000000011100
01111010111110011100111100011101
00100001111011100010010100101100
00010010010000010110001110101100
01011010110001111111000000001000
01111011111110011000101100001001
00110001111111000000010100101100
00010011010010010100011111101110
01010011110001111111000000001000
01111111111111011000101100001001
00110001110111010010010100101100
00010011110010010100011111101010
01000011110001111100000000001100
01101011111111011000111100001001
00101001101111110010010100101100
00010111110000000100011111101100
01000011110001111101001110001001
01101011110011011000110110001001
00101001110111100001010100101001
00010111100000111100000111101100
01000001110001111100001100110000
01100111110011010100010100000001
10001111110101000001111000111001
01100111110000111010100101111110
10100001010000111100001100110000
01000101001010100110000000000001
01011111010110000101101001011011
11100011111100011000110011111011
00100110000010011011110100011101
01001001001110010101110000000101
00010011010110110111001000001011
01110000011100000100001001000011
00000100101001011011010001011100
01101000000110011000011010011111
00100011100001011111011000100111
01010000011110011100001100000010
00000010101001011100011000011100
01111110010010011000011010100101
10101010100011011001011100101110
00000000010000000000101111100010
00010001101101111011010000011100
01111101011111001100100101001110
00110011111010010011010000100110
00011010110000000000011110101110
01010001111001101111011110111101
01111011111111011000111110001101
10001001011111100000111100101101
00011111110000011110101110111110
11101001010000110101001100110000
01100111100011110110010000100100
01011011010101000100101101011001
01100111111100011010100000011111
10101100010010011101111101011101
01111100001000000110110000000101
01010111111110010101101001011011
01100000011100000000011011000011
01001110101011111011100001011100
01101011000100011100011010000101
00100011110100110111000000001111
01110000001100010000001011100001
01001010101001111010000001111100
01101011110000111110010110011101
00100001110101110111010000101100
01010000011100110100001000000100
00001010101001111011001000111100
01111010111110111010010100011101
00100011111011100010010100101100
00000001010100010100001110100111
00001010101001111011001000011100
01111011101010011110110100011100
00100011111011100010110100101100
00000000010100010100001100100110
00011010101001111011000000011100
01111011111010011100100110001100
00110001111011100011010000101100
00000010010000011100001110100110
01010000101001111011000000011000
01111111111010011100100100001101
00100011111111100110010000101100
00010010010000010110011110101110
00011000101001111111001000011101
01111111111111011100111100001101
00000001111011100110010000100100
00010110110000000100011110101010
01000010111001101101010000011101
01101011111111011000111110001001
00001001111111100000010100101101
00011111110000001100011111101100
01000001110001110101001100010000
01100011110011010100110110000101
10001101010101000000111100111011
01110111110100011110100001111111
10100101010000010100001100010000
01100101001010010110010000000000
01011111010110000101101001011011
11110001010100011000111001000111
00000110101011011000111101010101
01111000000110010000111000000101
00010011110010110111001000000011
01011000011110111100001111000010
01011010101001011110010000011100
01111111000010011100011000100101
00000010100010000001011011100111
10000000010010000000001010100011
00010111101101111011010001001100
01111001011111001000100000011110
01110010111010010011000000101100
00010010110000000010001110100110
01010010101001101100010000011101
01111010111111011000111100001101
10100011111010110010010100100100
00010110110000000100011110101100
01001001111001101101011110110100
01100011111011010100111110100101
10001001010111100000111011101101
00110111110000111110100100111110
10100001010000111101001100110000
01100111000011110110110100000001
11011111010111000100101001011011
01100111110000011010100010011111
10101101000010011011011101011101
11001100001110010110100000000101
01010010011110010111101000011001
01100000011100000010011001000011
01001110001011011011000001011101
11101000001100011110111010000101
00100001110110110111000000001101
01010000001100010000001001100001
01000110101001111010000001011100
01101010011000111010010110011101
00100001100111110111010010101100
01000000011100010100001010100101
00001010101001111010001000111000
01101110111010111010110100011101
00100011100111110110110000101100
00000000011100010100001010100000
00000010101001111011001000111100
01111110111110111010110100011101
00110011111111000010010100100100
01000000010100010100001100100101
00000010101001111011001000111100
01111010101110011010111100011101
00110011111111100010110100101100
00000001010100010100001100100101
00000010101001111011000000011100
01111010111010011110111100011101
00100011111111100010110000101100
00000000110000010100000110100110
00010000101001101101010000011101
01111110111111011110111100001101
00000011111011110110110000100100
00010110110000010100011110101110
01010000111001001101011100011101
01011011111111011100111010001001
10001001111111100000110100100111
01010111110000011100101101101110
01000001010000110101001100110000
01100111101011010111010001100001
11011011010100000101111101011011
11110001110100011110100001011111
10101100010000011000111101010100
01011110000011100010110000000100
00010010110010110101001001011011
01001000111100010000011100000010
00011110101001111110111001011100
01101011010010001100011010011101
01000011100010000001011011101101
11000000010111100000001110100111
00010111101101111011000001111100
01111001001100011000100000001110
01110010110010010011000000101100
00000010010000010100001110100110
01010010101001111110010000011101
01111110111010011010101101001110
00110011111010100010010000101100
00010010110000000110011111101110
01001010111001101111010000011101
01111011111111011000111100001001
00001001111011100110010010101100
00010110110000000100011110101100
01000001111001111111001000010000
01101011111011010100111110001001
10001001010111000000111100101101
00110111110000111110000110111100
11100001010001111101001100111000
01100111100011110110100100000001
01011111010101000100101001011001
01100111110001111010000100111110
10101100010010111111011101011001
11110101001100110110100000000101
01010011110110000100101000011001
01100011011100011011011000011011
00101110001011011011000001011101
11101000001100001110101000000101
01110011011110110111101000001111
01110000011100000000011001000011
01001110001011011011000011001101
11101000001100011010111110000111
00100011000110111111000000001101
01010000001100010000001001000001
01001110101011111010000011011100
01101010010000111010010110011101
00100001100101111111010000001100
00010010001100010000001000100001
00000010101001111010000000111100
01101110111010111010010110011111
00100011100101110111010000101100
01010000001100010100001000100001
00000110101001111010001000111100
01111110111110111010110101011111
00110011101111100010010100100100
01000011011100010100001000100001
00000010101001011000001000111000
01111110111110111010111101111111
00110011101111010010110100100100
01010010111100011110001100100000
00000010111001011101011000110101
01111110111110111010111101011111
00101011101011010000010110100100
01010110010000111110011000001100
00000000111111100101011110110100
01101011101111111011011111100111
00001010001101111000111111101101
10000101010110110100100101010101
10011101010000010100111101010010
01000110000011010011110000101000
00111010010010100110001001011011
01000000111100010000010000000010
00001010111101111110110001011101
01001010011010001000101010011111
01000011100010000001011011100101
01000000010101010000001110100111
00000111101101111011000001111100
01111000010100011000100100011110
01110010110010010011000000101100
00000010010100000100001110100111
01000010101001111010010100111100
01111010111010011010110100001010
00110011111010100010010000101100
00010011010100010110001110100101
00001010101001111111000000011100
01111110111010011100111100001001
00010011111011100110010000100100
00010010110000010110011110101110
01001010111001101111011000011100
01111011111111011100111100001001
00000001111011110010010100101100
00010110110000000100011111101100
01000001110001111111000000011000
01101011111111011100111110001001
00001001011111100100010100101101
00010111110000100110010110101100
11000001110001111111001100110000
01100011110011010100110110000001
00001101110101000001101000111001
00111111100000111110000100111100
10100001010001111100001100110000
01100101100000110100000100000001
11011111110101000100101001011001
01100111100101111011000000111111
10101110010011111011011100011001
11000100001100100110100000000100
01010011110110000100101000011001
01100011001100001011010000011011
10101110000011011011000001001101
11001000001100011111101000000111
01000010011110110110101000001101
01100000011100000010011000000011
00001110001011011011000011001101
11101000001100011110101100010111
01100010100110111110101000001110
01100000011010010010011000000001
01001010001011011011000011001101
11101000001100011010111110000111
00100010101100111110100110000110
01010000001010010010001000000001
01001010001111011001010011001101
11101100000000011010011010100111
00100010101110111110110110000110
01010100001110111110001000000001
00001010101111011001110011000101
11101100011000001010111010100111
00100010101100111110110110000110
10000100001110000100100010000111
10010001101110000001010111000111
11001110101111011011101000101111
00101010001100111110111100101101
11000001010100010100100101100111
11011111110001011000100101111100
00010111001001000001111100011101
00110000000011000101011011111111
01000000101100010010001000100010
00100010111101111111011000111100
01011110111010001111101001011111
01010111111110000001001011100101
01000000010101010000001110100001
00000111101101111011100001011100
01111001010100011000100100011110
01110001110010010011000000101110
00000000010100010100001110100101
01000010101001111110010000011100
01111010111010011010110101011110
00110011101010100010010000101100
00000000010100010100001110100111
00000010101001111011000001011100
01111010111010011110110100001101
00100011111111000010110000100100
00000000010100010100001100100110
00011000101001111111010000011100
01111011111010011010111100001101
00100011111111100110010000100100
00010000010000010100011110100110
00011010101001111111000000011101
01111111111111011100111100001101
00000001111111100010010000100100
00010110010000000110011110101110
01011000111001111111010000001101
01111011111111011100111100001101
00000001111111100010010100101100
00010110110010000100011111101100
01000011110001111111000010011000
01101011110011011100111110001001
00001001111111000000010100101100
00010111110010100100010101100100
11000011110001111100001110011000
01101001110011010100110110001000
00011101110111000001011110111001
00010111110000111100000110111100
10000001110001111110011100111000
00100101110011110100100100001000
01011111110111000000101100111001
01100011100100111110000100111110
10100111010001111110001100111000
00001100100010110100100100111001
01011111110111100100101000011001
01100111100101111011000000111110
10101110010011001000011100111001
10001100100110110100100100111001
01010111110111100100101100011000
01100111100111101111000000100010
10101110010111001001011000110001
10011100101110110101100100111011
01000110110110100100101110001100
11100111100110111001000000100110
10000100010010011010001000010011
10011100101111010101101100111001
01001111100110100100011110001100
11000100101110010000000011100110
10010111110001011110101000111000
00011110101101000001101101011001
01011101010111110101011111001111
01000001111000010000000000010110
01101110111001101111100000111100
00011111011001000001101101011011
00010101101111000001001010100101
00000100101000000100001010110110
01110001111101100110011010011110
01011111011010001000100001100011
00011011110110010000100000100111
01000000010101010000001110100011
00001111101101111010100001111100
01111001010100001100000100011110
01110010110010010011000100101100
00000010011100010100001110100101
00000010101001111010010000111100
01111010111110011010010100011110
00110011111011100011010000101100
01000001011100010100001000100111
00001010101001101011000001111100
01111010101010011010110101011101
00110011111111100010110000101100
01000011010100010100001100100111
00000010101001111011000001111100
01111010101110011110100100001111
00110011111011100010110000100100
00000011010100010100001100100111
00000010101001111011000000111100
01111010101110011110110100001101
00110011111011100110110000101100
00000010010100010100001100100110
00001010101001101111000000111100
01111110111110011110110100001101
00110011111011100110010000100100
00000010010000010100001110100110
00001010101001101111000000011100
01111010111110011100101101001101
00100001111111100010010000100100
00010110010000010100011110101110
01001010111001111111000000011100
01111010111111011100101100001001
00100001111111100010010100101100
00010110010000010100011111101110
01000010110001111101000000101000
01111011111111011000111110001001
00111001111111100010010100101100
00010010110010010100011111100100
01000011110001111111000000101000
01101011111110011010110111001001
00110001101101000000010100101100
00010111110010010100010111100100
01000011110001111100000010101000
01001011110011011110110100001001
00111001111111000001010100101000
00000111110010010100010111100100
01000011110000111100001110101000
01001111110011011100110101001001
00111001111111000001010100111110
00000100110011110100010001110100
11100111110000111110001010101000
01011111110011011100101101011001
00110101111111000001000100101100
00000101111011110100000000110101
01100111110001111110000010101100
01011111011001001010100100001011
00110001111111100010000100101100
00000000011001010100001000000111
01110110111101111010011000001110
01111111011011001010100000001111
00110011111010100010010100100110
00000100011000011100001110000010
01010010111101010100011000000101
01111110111011011010111000101101
00111011111110111001010010100111
01001000011101010000001110100001
00000111101101111010100001000100
01110101000000001100010101010110
01110010110010010001000101101110
01000001001100010000001100100001
00000010101001111110000001111100
01111100000000111110011101010110
10110010101110010011000100101110
01000001001100010110001100100001
00000010101001011110000001111100
01101100100010111110010101010111
10100010101111011011100100101110
01010001001100010100001100100001
00000010101001011110000001110100
01101100000010011110010101010111
10100010101111011011110100101110
01010001001100010110001100100001
00000010101001011110000001111100
01111100100010111010010101010111
00100010101011011011000100100110
01010001001100010110001100100001
00000010101001111110000001111100
01111110100010011110010101010111
00100010101111010010100100100110
01010001001100010110001100100011
00000010101001011010000001111100
01111100100010011110010101010111
10100010101111011010010100100110
01110001001100010110001100100011
00000010101001011110000001111100
01101100100010011110010101010111
00100010101111011010100000100100
01110001001000011110001100100011
00000010101001011101000000011100
01111100000010011110010101010111
10100010101011011010100100100110
01110001001000010110001100100011
00000010101001011101000000011100
01111100100110011110010111010111
00100010101111011010100100100100
01110011011000010110001100100011
00000010101001011100000000011100
01111100001110011110011101001101
10100001111111011010010100100100
01010011011000010010001100100011
00000010101001011101000000011100
01111100001110011010011101000111
10100001101111011110010100100110
01010011011000010100001100100011
01000011101001011111000000011100
01111100001000011110010111000111
10100001101110011111110100100110
01010011001000011100001100100011
00000011101001011011000000010100
01101100001010011110010111001101
10110011101111011011000000100110
01010001001000011100001100100011
00000010101001011000001000110100
01111100000010111110010101011111
00110011101111011011000100100110
01010000011000011100001110100010
00000010101101000100011000010100
01111100110010011010011111100111
00101010101011011101010110100110
