00101110110111001100011100011101
00011100000001100010000001000010
01010101110011001100001011110001
11011100001000000000100000101010
01110000010011111101101000110001
11011110001010001000100011000010
01010000110011001101101110110001
11011100001010001000010011001011
00010000010011101101101010110001
11001100001010001001010001001010
11010110010011111101001000110001
11110110001010001101010111000010
01000110000011111001001110110001
11010100011000100000010011100011
01100110000110100001011110110000
10011100101000100010000011100011
00100111100110000001011100110000
10011100101000000010000011100011
00100111100110000100011100110000
00011000101000000010101011101011
00110111100110000000011100110000
11011100101010000010001011101011
01110111110100000000011100110100
11011000001000000010001001101011
11110111110100000100001100110100
11011000001010000010101001101011
11110011110100000000001110110101
11011100001010000010101011101011
11110011110100000100001110110101
11011100001010000010101011101011
11110001010100100100001000110101
11011100001010000000001011101011
01100111110110000100011100110100
11011000001010000010101111101011
01110111000110100100011000110101
11011100001010000010001111100011
00110111110111001101011110110000
10011100001010100010001111100010
01110111110111101101011010110001
11011100001000000010000010101010
01010111110011111101001010110001
11110110001000001000010011000010
01110110010011111001000010110001
10010101010010101000010111000011
01010110010011101101101010100001
10011100001010001000110000001001
01010100110011101101001010110001
11011110001010001000110011101010
01110000110111011101101010110001
11011110001010001010010001101011
01110000110011011101101010110001
11011100001010001000110001001011
01110000010011111101101010110001
11011110000010001000010011101011
01110000110011001101101010110001
11011110001010001000010001100011
01010000010011001101101010110001
11011110001010001000110001000011
00110000010011111101101010110001
11011100001000001010010011001011
00100101011011110101101001110111
11000110001001011000010011001011
00101100010111010001110000111111
00010111010001101000001111000011
01001111110111001100001110111000
01111010000001001100101111000010
01010111000011101100001011110000
11001100010010011000110011001010
01010111000011101101001010110000
11011110001010001010110001111000
01010111010011101101001010110010
11011100001010001100110011111100
01000110000011111001101010111010
11011100011010001000010001100001
01100111000010100001011110111010
11011110101000000010100000100011
00110111110110000001011110110110
11011000101000100010101001101011
10110111110100000100011110100100
11011000001000000010101001101111
10110001110100000100001000110110
11011000001000000010101001101110
10110011110100000100101000110100
11011000001000000010101001101110
10110000110100000100101000100110
11011100011010001010101001011100
10110000110100000000101000010110
11011100011010001010101001011101
10110100110100010000101000110110
11011100011010001000001001011100
11110100110100000000101010010111
11011100011010011000001001011101
11110100010100010000101010110110
11011100011010001100001001011101
11111100010000100010101010010111
11001000001011011000001001011101
11111001010000000110101000110110
11011000001010000000101001011111
11110011010100000010001000110100
11011000001010000000101001111111
11110111110100000100001000110100
11011000001010000000101001111010
01110111110110100001001110110100
11010101011010100010101111101000
01010111100111101011001110110000
10011100001000000010100010101000
01010111110001101101001010110010
11011100001000001010110010001010
01010111010011111101000010110010
11011101001010001000110111011100
01010111000011101001001010110010
11011100011010001010110000001000
01010111000011101101011010111010
11011110001010001010110001111000
01010111000011111001001010110010
11011101000000001010111011010100
01000111000011101001101110110010
11011100000010001010110001111100
01000111000011101001101010110010
11011100000010001010110001110100
01000111000011101001001010111011
11011101001010001010110001110000
01000101000011101101011010111010
11011100001000001010110001100100
01100101001011101111100111111010
10001100000000011010010000101011
00101101010101000101110000111110
00011110001001101000011001001011
01010011110011001001001110110001
01011110000000001100101011000010
01010111110011101000011111110001
11001100001100010000110011110010
01010111010110101101011110110010
11011110001010000010111001101111
01010111010011101001010110110010
01011100001000010100111011100001
01110111010010101001011110110010
11011100101000100010100001100001
00110011111100000101010110110110
11011000101000000010101001101111
10110111110100000100010000110110
11011000011000001010101011011110
10110100110100010110101000110110
01010000011111001001101011011110
10110100110100010010101000011111
11010000011111001001001011011100
11111100110100110010101000011111
11010100011111001001011011010100
01111100000100110010101000011111
11010100011111001001011011010100
01101100000110110010101100011111
11010100111111001001011011010100
01111100000111111010101010011011
11011100111111001000011011010100
01101100000110111000101110011011
11011100110111001000010011010100
01111100000010111000101010011011
11011100110111001000010011010101
01111100000010111000100010001111
11011101110111101000011011010101
01111100010000111010101010000011
11011000010110001000011010010101
01011100010000110010101010010110
11011000011111001000001001011101
11011000010000100010101010010101
11011000001010001000101001111111
01110001011100100000001100110100
11011000001010000000101001111111
01010111110110101100011110110100
11011100001010100010101111111000
01010111110011101101011110110001
11011100011000000010101010100000
01010111010011101101011010110010
11011110001010001010110000111011
01010011010010101101011110110000
11011100001010001010111001101111
01010011010011101101011110110000
11011110001000000110110000101010
01010010010011101101011110110000
11011100001000001010111011101011
01010001010011101101011110110011
11011100001000001010110000101001
01010001010011101101011110110010
11011100001010001010110001101001
01010001010011101101011110110010
11011100001010000010110001101011
01010011010011101101011110110000
11011100001000001010110001101000
00110101011011001101010101110010
11001100001000011010110001001011
00101101010111010101110000111110
00011110001001001100011001001111
01010111110011001101001110110001
01011110000010001100101111000010
01010111010011101100001111110001
11001100001010010000110011110000
01010111010110001101001110110010
11011110001000001010100001101111
01010101010010101101011110110010
11001100001000011000111001001111
10110110111100000100110000110110
11011110001000101010001001001110
10110101110100010100100000110110
01110100001001001110001011001110
10111100110101010010100000100110
01010100011111001101011011010110
00111100000101110010101100001111
01010100011111001001011011010100
01001100000111111010101100011111
11010100010111001001011011010101
01001100000011111010101010011011
11010100111111001001010010110001
01001100000011111000011010011011
10011000111111100000010011110001
01001111000011111001011010011001
10011100101100000000010011110001
01001101000111111001011010111001
10011100111100000000010011110001
01101110000111111001011010011011
10011100111100001010010111100001
00101100000111111001011000011011
10011101100100000000010010000001
00101100000111111001110000001011
10011101100100001000011111010101
00111100000111111001100000001011
10011101110101001000011011010101
01111100000100111010101010001011
01011001111111001000010010010101
01111100000000111010101000001111
11011000011111001000011011011101
01111100011100101010001000010101
11011000011011000000001000011111
01110111011100101000001000110100
11011000001010000000101111111011
01010110110111101001010110110100
11010101001010100010101111111000
01010111010011101101011010110011
11011100001010000010100010001000
01010111010010101101001010110010
11011100001010001010110001001101
01010111010011101101001010110010
11011100001010001010110000011010
01010111110111101101011110110000
11011100001010001010111011111010
01010111010011101101001110110010
11011100001010001000110011001100
01010111010011111101001010110010
11011100001010001010110001101100
01010111010010101101001010110010
11011100001010001000110001101010
01010111010011111101011110110000
11011100001000001000110001101010
01110101111011101101110111110010
11001100001000011010010000101011
00101101010111000101110000101110
00011110001001101100011101001011
01010111110011001101001110110001
01011110000010001100101011000010
01010111110011101001001111110001
11001100001000010010110011011000
01010110010010011101001010110010
01011110001000001100110011001110
00110101011010101110011110110010
11001100001100011000010000001101
00110101001110010111110000111110
11010110001001001010001001001010
00111100110111110011100000101111
00010101010101001111011111010110
00001100010001111010100000001111
01110100010111001001011011010111
01001100010011111010101000001011
00010000110111101001010011010001
01001100000011101001011010011011
10011000100111100001010001110001
01001111000011101001011010011001
10011000100100000000110101100001
01001111000011101001011010011001
10011100100000100010110001100001
01000111010011101101011010110001
10011000101000000010110001101001
00010111110011101101011010110000
11001100101000000000110000101011
00110011010111111101011010110000
10011110101000000010110001101011
00110111010111101101011010111000
10001100101000000010110101001011
00100111010111111101010000111000
10011100101000000010011110000011
00100111010111110001010000101010
00010101110100101010011111000001
00111100000111110001110000001011
00010101110101001000011111010101
00111100000111111010100000001111
01011001111111001000011011010101
01111100010100111010101000001111
11011000111111000000011011011101
01111100011000101010001000011101
11011000001011000000001000111111
01010111010110101000001110110100
11011010001010100000101111111010
01010111010011101101011010110001
11001100001010000000101010110001
01011111010011101101011010110010
11011100001010001010110010101001
01010111010010101001011010110010
11011100001010001010110001111000
01010111010011101101011110110000
11011100001010000010111011111110
01010111010011101101011110110000
11011100001010001010111011111100
01010101010011101101011110110010
11011100001010001010110001101100
01010111011010101101011110110010
11011100001010001000110001101101
01010111010010101101011110110000
11011110001000000010110001101110
01110101011011101101010111110000
11001100001000011010110001001011
00101101010111010101110000101110
00011110001001001100011000001111
01110111110011001101011110110001
11011110000000001110101011000010
01010111010011101100001111110001
11001100001110010000111011110010
01010111010010111001011110110010
11011110001010001010111011100111
00100111110011101101011110110010
11001100001000101010110001101001
00100101001111100111010000110000
11011110001001000110111000101010
00100110000111100001010100111100
00010101100000101010011111100011
00001100000011110001010000001011
00010101110101101001010111100001
00001100000011101001011000001011
10011100110101101000010000110001
01001111110011101101011010110001
10011000100000001000100000001001
10010010110001001101001010110000
11011100001000001000100001001010
10010111111000001101001010110000
11011100001000001000100001001010
10010111110001011101000010110000
01010110001000001000100111001000
01010111110001111111001010110000
11001100001000011000110001101001
01010111010000101101001010110000
11011110001000001010100000101011
01010111110000101101001010110000
11011100001000001010100001101010
00110111010001110101001010110000
11011100001000001010110000101010
00110111010101110101010000110000
11010100001000000010110101001010
00110011010111110001010000101110
00010101100001101010011111000011
00111110010111110001110000001111
00010101110101101010011111010101
00101100010100110010101000001111
01010001111111001000011011011101
01111100011010101010101000001111
11011000111111001000000000011101
01000101001100101110001000111100
11011010001010000000101001111010
01010110110010101001010110110100
11000100001010110000101111111010
01011111010011101101011110110010
11011100001000001010100010001001
01010111010010101001011010110010
11011100001010001010100001111000
01010111110010101101011110110010
11011100001010001010111011111110
01010111010011101101011110110011
11011100001000001010111011111100
01010111010011101101011010110010
01011100001010001110110011000100
01010101010010101101011110110010
11011100001010001000110001011100
01010110011011101101011110110010
11011110001000001010110001101110
01110101011011001101010110110010
11000100001000011010010001001011
00101100010111010101110000101110
00010110001001101100011101001011
01010111110011001100011110110001
01011110001010001110101011000010
01010111010011101100011111110000
11001100001100010000110001110100
01010101010010101101011110110010
11011110001010001010101001101111
01010110110011101101010010110000
11011100001000001000111001101101
01010100110001101111001010110001
11001100001010000011110000101011
01010010010001101101000110110000
11011110001000101010110001101010
10010010110011101101010010110000
01011100001000001010110001001010
10010000110011111101011010110001
11011100001000001000110001001010
10010111110011011101001010110000
11011100011010001000110011001010
01010111100011011101101010110000
11011101011000001000110011001000
01010101100001111111101010110010
11011100001110001000110000001100
01010111010000101101001110110010
11011110001010001000110001010101
01010110110010101101011110110010
11011101001110001000110011011101
01010111011001101101001010110010
11011100001010001000100001001100
01010111010001101111101010110010
11011100001010001010110001001100
01010101010001101101011110110000
11011100001000001010110001101001
00110101011001101111001100110000
11011100001000000010110000101010
00110111010111110101010100110100
11010110001000101010111101101011
00111010010111010001010000100110
01010101101001000010011111011111
00011100010011110010010000001111
01010101111111001001011011010101
01001100011010101010111000001111
11010000111111101001000011011100
01001101011010101010001000011001
11011010000011001000000000111010
01010111110010101101011110110100
11011110001010010000101101101010
01010111110111101101011110110000
11011100001010001010101111001011
01010111110111101101011010110010
11011100001010001010101011001011
01010111110011101101011110110010
11011100001110001000111011111110
01010111010110101101011110110010
11011100001010000010111001111010
01010111010011101101011110110010
11011101001010000010111001111110
01010111010010101101011010110010
11011100001010001010110011101110
01010111011011101101011110110010
11011100001000001010110001101110
01110101011011101101011111110010
11001100001000011010010001001011
00101101010111010101110000111110
00011110001001101110011001001111
01010111110011001100001110110001
01011110001010001100101011010010
01010111110011101001011110110001
11001100001000011010110011011100
01010100011010111101011010110010
11011100001000001010110000001110
01010110110011111101000010110010
01010100001010001100110011010100
01010100010011101101001010110011
11001100001110001001110001001101
01010111000111101101001110110000
11011110001010000010110001101100
01010110100011101101001010110011
11011100001010001010110001001100
01010111010011101101001010110010
11011100001010001000010000101100
01010111010010101101011110110010
11011110001010001010101001101000
01010110110011101101010110110010
11011100001010001010101011111100
01010110010011101101010110110010
11011101001010001010111011101100
01010111010011101101011110110011
11011110001010001010110010011100
01010111010011101101011110110010
11011100001010001010110010011100
01010101010011101101011010110010
11011100001110001010110001001100
01010101010011101101011110110010
11011100001010001010110001101100
01010101010011101101011110110011
11111100001000001100110001101111
01110111011010101101011110111010
11001100001000100010100001101011
00110111011111000101010100111100
11011110001000000010101101001111
00111110010111010010010000101100
01010101001011000111011111011111
00011100010011110010010000001111
01010101101111001001011011010111
01001100011010101010011000001011
11010000101111101001010001011000
01001101011010101001011100011001
11011010111010100000100001101000
01010111111011001101001110110000
11011100001000010000100001001010
01010111110101101101011010110000
11011100001010001000101011001110
01010110010011101101011010110010
11011100001110001100101011011111
01010111010010101001011110110010
11011100001110001010101011111010
01010111110110101101011110110010
11011100001010000010101001101010
01010111010110101101011110110010
11011100001010001000101011011110
01010111010010101101011110110010
11011100001010001000100001001000
01010111110011101101011110110000
11011100001000001010101001101110
01110101011011101101011111110010
11001100001000011010110001001011
00101101010101010101110100111110
00010110001001101100011001001110
01000111110011001001011110110001
01011110000011001110101011010010
01010111110011101000011110110001
11001100001100010010111011110010
01010111010011101101011110110011
11011110001010000010110001101010
01010110010011101001010110110010
01011100001010001010110010010100
01000100010011101101011110110011
11001100001010001010110001111000
01010101010010101101011110110000
11011110001010000110100001101101
01010111010011101101011110110010
11011100001010000010111001111001
01010101010010101101011110110010
11011100001010001010110001001100
01010111010011101101011010110010
11011100001010001010111011001100
01010110010011101101011010110010
11011100001010001010111001011100
01010101010011101101011010110010
11011100001010001010101001111110
01010111010011101101011110110010
11010100001010001010111001011110
01010100010011101101011010110011
11010100001110001010110011111100
01010101010011101101011010110010
11011100001110000010110001110100
01000111010011101101011110110010
11011100001010000000110011100011
01000111010110100001011110110010
11011100101000000010000011100011
00100111111110000101011110111010
11011100101000000010100001101011
00110111110101000110010100110100
01011000001001000110101001001110
10111100010101010010010000101110
01010100001111001111011111010110
00001100010011111010110000001111
01010101011111101001011011010101
01001100011010101010011000011011
11011000100111000000010000010000
01000111111010001101011110111000
11011010101000100000100101001010
01010111110011001101010110110000
11011100000000010000100111001010
01010110110111101101010010110010
01011100001010001000111011110110
01010100010011101101011010110010
11011100001110001000110011011101
01010101011010101101011110110010
11011100001010000010111001111110
01010101010010101001011110110011
11011111001010001000101011111110
01010110110011101101011010110010
11011100001010001010101001011110
01010101010010101101011010110010
11011100001110001000111000001110
01010111010011111001011110110010
11010100001010000010111011101110
01110101011011101101111111110010
11001100001000010010110001001011
00101101010101000101110100111110
00011110001001101100011000001011
01010011110111001101011110110001
11011110001010001100101001010110
01000110110011101100011111110001
11001100001010010001100011110010
01010111011010101101011110110010
11011110001010000010100011100011
01010111010111101001010110110000
11011101001000100010111111111100
01010110010011101101011110110011
11011100001010001010110001001100
01010101010010101101001010110010
11011100001010000000110000011101
01010111010010101101011010110010
11011100001010000000110001111100
01010101010011101101011110110010
11011100001010001010110001111010
01010111010111101101011110110010
11011100001010001010111001101000
01010110010111101101011010110010
11011101001010001010111011011100
01010100010011101101011010110011
11011100001110001010111011111100
01010111010011101101011110110010
11011100001010000010111001101010
01000111010110101001011110110010
11011100001000000010111011100001
01000111010110100001011110110010
11011100101000000010100011100001
01100111010110100001011110111010
11011100101000000010101011100011
00110111110100000101011110110100
11011000101000100010101001101111
10110111111100000100111000110110
11111000001001001010101001001110
10111100110101000110100000110100
01010100001111001111101001011110
10011100010101110010100100101101
01010100001111001111011011010110
01001100010011111000110000001011
01010100101111101001010011010001
01001100011010101001011000011011
10001000100111101000010001001011
01000111101010001101011010111000
11011010000000000000100001001010
00010111110011101101010011110100
01000100001110010000101011010010
01010110010111101101010110110010
01011110001010001010111011100011
01010111010011101101011110100010
11011101001010001010110001011001
01010111010011101101011010110011
11011100001110001010110000011110
01010111010010101101011010110010
11011100001010000010111001111110
01010111110111101001010110110010
11010101001010001010111111111100
01010101010011101001011110110011
11011100001110001010110001101101
01010111010010101101011110110010
11011110001000000010110001110100
01100101011011101101011111110010
11001100001000010010110001101011
00101101010111000001010100111110
00011110001001101110011101001011
01001111110111101101011100111101
01110110001010000100101011000010
01000111000011100000010110111111
11001101011000110000001011110011
01100111000110100001011110110010
11011000101000000010101001101011
00110111110110100101011110110110
11011100101010000010101010110110
00110110110110101001011110110000
11011101111000100010101111100000
01010111010011101101011010100011
11011101001000000010110010001100
01010110010011101101011110110011
11011100001010000010110001111101
01000111010011101101011110110010
11011100001010000010110001111101
01010111010011101101011110110000
11011100001010001010101001101010
01010111010111101101011110110000
11011100001010001010111011111100
01010110010011101101011010110011
11011100001110001010110011110101
01010101011010101101011110110010
11001100001000000000110001101011
01110111010110000101010110110010
11011110101000100010101001100011
10110111110100000100010110110110
01011000101000000010101001101011
10110101110100000100011010110110
11001000001000000010101001001111
10110111110100000100101000110110
11010000011010001010101011001110
10111100110100010110101000110110
01010100011111001111101011011110
10011100010101110110100000101110
01010100001111001101011011011110
01001100010011110010101100011111
01010000111111101001011001110011
01001100010010101001011010011010
10011000101100100000010000110001
00001111111010101001011000011000
10011000101000100010000001001010
00010111110111001101001010110000
11111100001000001100100001001010
00010111110011101101001010110001
01000100001010001001100011100010
01010111010010101101011110110000
11011110001010001010101011100010
01010111010111101101010110110010
11011101001010001010110011011000
01010111010011101101011110110010
11011101001000001000110001001101
01010111010010101101011110110000
11011100001010000010111000011100
01010111010010101101011110110010
11011100001010001010111001111100
01010111010010101101011010110010
11001100001110001010110011111100
01010111010011101101011110110010
11011110001000001010110001101100
01110101011001101101011111110010
11001100001000011010110000001011
00101101010101010101110100111110
01010110001001101100011101001011
01001111010011101011011110111001
11011110001100001100001000100010
01110011010010000000010110110110
11001000001000110010001001111011
10111011010100000100010010100100
01011000001011000100101001011111
10110001010100000110001001110111
11001000001010000001101010011111
01110011010100100100011100110100
11010010001010000010101111111010
01010011110111100001011110110001
10011101111000100010101111101000
01010111110111101001011110100011
11011100101000000010110010100000
01010110010010101101011010110010
11011100001010000010110001001101
01010111011010101101011110110000
11011100001010000010111001101010
01010111010111101101011010110010
11010100001010000010101001111110
01010111010011101101011110110011
01001100001010001110111011100101
01110101011010101101011110110010
11001100001000101010110001101011
00110111111100000101110000110110
11011010001000001010101001001010
10110110110101010100100000101110
01000100011001001100001011011110
10110100110100010110101000000110
11000000011111001001001010011110
11111100110100010110101000110100
11010000001011001101011011011110
01011100000101110010100100101101
01010100011111100111011011010101
01001100000011100010111100001111
01010000110111001001011010110001
01001110000010100000011110011000
11011000101111100010000001110011
01001111110010100100011010010000
11011000101000000010100001101011
11010111111100000100011000110100
11011000101000000010101001001010
00010111100110000101011010110100
01010110111010000000101111101010
01010111100111100001011110110000
11001100101110000011100011100011
01000111000110101001011110110000
11011100101000000010101011100010
01010111110011101101011110110010
11011100001000001010110010001010
01010110010011101101011010110010
11011100001000001010110011011001
01010101010010101101011110110010
11011100001010000010110011011100
01010110010011101101001110110010
11011100001010001010110001011100
01010111010011101101011010110010
11001100001110000010110001111000
01010111010010101101011110110010
11011110001000000010110011101110
01110101111011101111110111110000
11001100001000011010110001001011
00101101010101000101110100111110
00011110001001001100011000001111
01110100111010001100111110111000
11011000101000001000101011000010
00110111111101000100100110110100
11011000001000010010101001001010
00111110110101010100100000101110
01110000011011001101001011011111
00111100010100110010001000001111
01000000011111101011001011011101
01111101011000100010001000110101
11011010001011000000101000111110
01010011110110101000001110110100
11010100001010100010101101111010
01010111010011101101011110110001
11001100001000000000101010111010
01010110010011101101011110110010
11011100001010001010110001001001
01010101011010101101011010110010
11011100001010001010110000011110
01010111010010101101011010110010
01011110001010000010101001111010
01010111110010101101011110110010
11001100001010001010101011111111
01110101011010001101011100110010
11001100001000001010100001001010
00110101111111010101110000111110
01010110001001001110111101001010
00110100100111010000100000101110
01010101010101001111011011010110
00111100000101110010101100001111
01000101011111001001011011010100
01111100000011111010101100011111
11010110010111001001011010110101
01001100010011101010100110011111
01011100001111001001011001010101
11011000010010101000101010001011
11011100101111001000010001010001
11011000111000001000101110010011
11011010001011001000010001011001
11111001110100000000101010010100
11011000001010000000100001001011
11110000110100000110101010110100
11011000001010000000101001101011
11010010010100000100001110110100
01011000001010000000101001111011
11010011010100100000011111010100
11001000001010000010101011101011
01010011111100000100011110110100
11011110101010000010101111101010
01010111110110100001011110110000
11011100111000100010101111100010
01010111100111101101011110110000
11011100101000000010101111111001
01010111010011101101011110110010
11011100001100001010110010111100
01001111010010101101011110110010
11011110001010001010110001111101
01010110010010101101011110110010
11011100001010000010110001111001
01010111010011101101011110110010
11011100001000000010110000100110
01000101011010101101010110110010
11000100001000010010110001101011
00101101010111010001110100111110
00011110001001101110011101001011
00100111101010000100011100111100
11011000000001001010100011000010
00110111001101010100100000111110
01010001011001000010111111010010
00111110010101110000110000101110
01010001011111001011011011010111
00111100010000110010000000001111
01010001111111101001001011010101
01111100001000101010001000011111
11011000110111001000001000011110
01010111001000101010001100111100
11011010001010000000101101111110
01010111110011101001011110110001
11001100011000110010101111110010
01011111010011101101010110110010
11011100001000001010110011001000
01010101010011101001011110110011
11011100001010001010110001011101
01010111010011101101011010110010
11011110001010001000110000011010
01010111110011101101011110110010
11011100001010001000101011111100
01110101011010101101011100110010
11001100001000010010100001101011
00110111011111000101010100111100
11010110001001001010111101001010
00100100010011110001010000101111
00010101000101001011111111010110
00101100000011111001010000001011
10010101110101101011010011110101
00101100000111111001111000011011
10011101100101001010010011010001
01001100000111111001111000001011
10011101110101000000010011010001
01001100000011111001101010001011
10001101110101001000010011010001
01111100100010111000101010001011
10011011110101001000010011010100
01111100000000111010101010001111
11011000010111001000010011010101
01111100000000110010101000001111
11011000010111001000011011010101
01111100010000110010101010010111
11011000011110001000001001010101
11011000010000100010101010010101
11011000001010001000001001011101
11010000011100000110001110110100
11011000001010000000101001101011
11010011110100000100011110110100
11011000001010000010101001101011
11110011010110000100011010110100
11011100001010000000101111101010
01010111110110100001011110110000
11011101101000100010101111101000
01010111010011101101011010110010
11011100001010001010110010000010
01011111010010101101011010110010
11011101001010001010110011011001
01010111010011101101011110110000
11011100001000000010111001101101
01110101011001101101011111110010
11001100001000010010010000101011
00101100010101000101010000111110
01010110001001101000011101001011
00110001111000001100011100111100
11111100001000001000000010000010
00110111011111000100110000111100
11010110011000111010111111000010
00111110010111110001110000101110
00010101101101101010011111010111
00101100010011110010110000001111
01010001111111001000011011010101
01101100011000111010101000001111
11011000111111000000011001011101
01111101011000101010001100110100
11011010001010000000101000111110
01010111110110101000011110110100
11011100001010100010101101111010
01010111010011101101011110110001
11001100001000000010101010110010
01010101011010101001011110110010
11011110001010001010110011111011
01010111010010101101011110110000
11011100001010001010110001111101
01010111010011101101011110110010
01011100001010001100110011111101
01100100011010101101011110110000
11001100001000001010010001101001
00000101111111100111010100110000
11011110001001000110101101101010
00100110010111110001010110111100
00010100100000101011111111100010
00001110010011111001010010101001
10011101100100001010010011100000
00101111000111111001011010111001
10011100100000000010110011100000
00100111010111100001011010111000
10011100100000000010110011100001
00101111010111110001011010111011
10001100100000000010110111000001
00101101000111110001010000111010
10010101110101001010010111000000
00101100000111110001110000001011
10010101110101001000010011010001
00101100000111111000111000001011
10011101110101001000010011010101
01111100000011111000100010001011
11011001110101001000010011010101
01111100000001111010101000001011
11011001011111001000010011010101
01111100000100111010101000000111
11011000011110001000011001011101
01011100000100100010101000010111
11011000001010000000001001011111
01110101011100100010001000110100
11011000001010000000101001111011
01010111110110100100011110110100
11010110001010000010101111111010
01010111010111100001011110110001
11011101011000100010101110101000
01010101010011101101011010110010
11011100001000001010110010010010
01010110010010101101010110110010
11011100001000001010111011101101
01010101011011101101011111110010
11001100001000010010110001001011
00111101011101010101110100111110
01011110001001001100011000001110
01000100111011001111011100110000
11011100001000001010100001001010
00110101111001000101010100110100
11011100001000010010101100101010
00110110010111110101010000111110
01010111001000101010111111000011
00111110010011110001110000001111
00010101110101101010011011010101
01001100010000111010101000001011
01011001101111001000011011010101
01111101011000101010001000010101
11011000101011000000101000011110
01010111011110100000001110110100
11011010001010000000101111111010
01010111010111101001011110110100
11001100011010100010101111100000
01010101011011101001011110110011
11011100101000001010100010100010
01010111010010111101010010110010
11011110001010001010110001011101
01010111010011101101011110110010
11011100001010001000111011011101
01010100110010101101011010110010
11011100001010000010110001001101
01010100110011101111001010110000
11011110001010000110100000101100
01010110010011101101001010110000
11011100001000001010110001100010
10010010110011111101001010110001
11011100001000001000110001101001
10010010110011111101001010110000
11011100001000001010110001101010
10010111110001001101001010110000
11011100001000001010110000101010
10110011010101110101001010110000
11011100001000001010110001001010
00110011010101010101010000110000
10010100001000001010111011101010
00110011010111110101010010110000
10001100101000001010111111000010
00100111010111110001010000111001
10010101110000001010111111000000
00101110000111110001010000001011
10010101110101101010010111000001
00111100000111111001110000001011
10011101110101001000011011010101
00111100000111111000100000001011
01011001110111001000010011010101
01111100000000111010101000001111
11011000011111001000010001010101
01111100011000101010101000010111
11011000011111000000001001011111
01110001011100100110001000110100
11011000001010000000101001111111
01010111010110100000011110110100
11010100101010100000101111111010
01010111010111101001011110110001
11011101111000000010101010101000
01010111010010101101011110110010
11011100001000000010110010100110
01110101111010101101010111110010
11001100001000010010110001101011
00101101010111000101110100101110
00011110001001000100011000001011
01000111110011001101011110110001
11011100001000001010100001001110
00110101011001001100011100110000
11001100001000010010101000101010
00110111011111110101010000111110
11010110001000100010101101001010
00111110010011110001010000101110
01010101000001101010011111010111
00111100010011110000100000001011
01010001111111001000011011010101
01011100010000111010101000000111
11011000111111000000001000011101
01111101011000101010001000110100
11011010001011000000101000111111
01010111010110101100011110110100
11011100001010100010101101111010
01010111110111101001011110110001
11001100111000000010100010101010
01010111010111101101011110110010
11011110001000001010110010000111
01010111010010101101010010110010
11011101001010001000111011011101
01010110010011101101011110110010
11011100001010001110110011001100
01010111010011101101011110110010
11001100001010000010110001111100
01010111010110111101011010110010
11011110001010001010111001101100
01010110110011111101001010110010
11011100001010001010110001001100
01010111110010111101011010110010
11011100001010001010110001101100
01010100110011111101011110110010
11011100011010001010110001101100
01010100110000101111101010110010
11011100001010001010110001101101
01010110010001111101101010110000
11011110001000001010110001101111
01010110110001111101001010110000
11011100001000001011111001101011
00110111010000100101001010110000
11011100001000001010100000101010
00110011010111100101010010110000
10010100001000101010111101101010
00110111010111110001010000111001
10000101110000001010111110000010
00111110010111110001010000101011
10011101110001101010011111010001
00111100000011111000100000001011
00010101110101001000011011010101
01111100000000111010101000001011
01011001111111001000011010010101
01111100011000101010101000010111
11011000011111000000111001011101
11111011011100100010001000110100
11011000001010000000101001111111
01010010010110100000011110110100
11010100001010100010101101111010
01010111010111001101011110110000
11011100001000000010101010101110
01010101111000101100011111110110
11001100001000010010100000101011
00101101010110000000110100111110
00010110001001101010001101001011
01010111110011001101001110110001
01011110001010001100101011000010
01010101010011001110001111110001
11001100001000010011110001101000
00110101011101100111010000111000
11011110001000000010111100101010
00110110010111110001010000101110
00010101010001101010011111010010
00111100010011110000110000001111
01010101110101101010011011010101
01111100010000111010101000001011
01011001111111001000011011010101
01111100011000101010101000010111
11011000011111000000101000011101
01110111011100100010001000110100
11011010001010000000101001111111
01010111010110100000011110110100
11010100001010100010101111101010
01010111010111001101011110110000
11011100001000000010101010001010
01010111010011101101011010110010
11011100001010001000111010011010
01010111010110101001010010110010
11011110001010000010111011111001
01000111010011101001011110110000
11011101001010000010100001111000
01010111010011101101011110110010
11011100001000001010101000101000
01010110010011101101010010110010
11011100001010001010111011001100
01010100010010101101011110110010
11011100001010001010111010101100
01010111010011101101011110110010
11011100001010001010111011011100
01010111110011111101011110110010
11011100001010001000111011001100
01010110110011111101010110110010
11011100001010001010110001001101
01010110010011101101011110110010
11011100001010001010110001101101
01010100011000101111001110110000
11011100001000001010110001101001
01010101010001101111001010110000
11011100001000000010100000101010
00110111010001100101011010110000
11010100001000101010100101101010
00110111010111110101010000111000
10010100101000001010111110001011
00111111010011110001010000101111
00010101110000101000011111010001
00111100010011111001110000000011
00011101110101001000111010010101
01111100010000111010101000000011
01011001111111001000011011011101
01111100011000101010101000010111
11011000011111000000001001011111
01110101011100100000001000111100
11011000001010000000101001111110
01010110110110001001010010110100
01010101001010100010101101111110
01110101011010101111011011110111
11001100001100010010000000001011
00101100011100000100010100111110
11011010001011100010011001000011
01010111110011001101011110110001
01011110001010001100101011010110
01010100010011101000001110110000
11001100001000010010110001101100
00010101011000101111011000110000
11011100001000000010100000101010
00110111011111100001010000110100
11010110001000100010111101100010
00111110010111110001010000101110
00010101110000101010111111010010
00111110010011110000100010001011
00010101111101001000011010010101
01111100010000111010101000000011
11011000111111001000010011010101
11111001011000101010101000010100
11011000001011000000101001011111
11110011011100100000001010110100
11011000001010000000101001111010
01110111010100100100011010110100
11010100001010100000101111111010
01010111010111101001011010110000
11011101111000101010101011101000
01010111010011101101011010110010
11011100001000001010110000010110
01010111010110111001011010110010
11010100001010001010111011011100
01010111010110101001011110110011
11011101011010000010111011011100
01010111010011101101011010110010
11011100001010001010111000011100
01010101010011101101011010110010
11011100001010001010111001011100
01010101010011101001011110110010
11011110001010001010111001111110
01010111010011101001011010110010
11011100001010001010111011111100
01010111010011101101011010110010
11011100001010001110111010011100
01010100010010101101011110110010
11011101001010001010110001010101
01010100010010111101011110110010
11011101001010001000110001001101
01010100010010101111001010110000
11011100001010001000110001101101
01010111010000101101011110110000
11011100001000000010100001101011
00110101011001100111011000110100
11011100001000000010101000101010
00110111010111110101010000111100
01010100001000101010101111000010
00110110010111110001010000101111
00010101111000101010011111010001
00111100010011110000100000000011
00011101110101001000111010010101
01111100010000111010101000001011
11011000111111001000011001011101
01111101011000100010001000010101
11011000001011000000101000011111
01010111010100100000011000111100
01011010001010000100101111111110
01010100011011101000111111110100
11000101001010111011000101101000
00101101011101100101110000111010
11111110000101001110010000000110
01010111110011001101011110110001
01011110001010001100101011000110
01010110110011101100011110110001
01001101001010010001111011110100
01010100011010101111011110110000
11001100001000000010110001101111
00110111011101100101011000110000
11011100001000000010100000101010
00110110010111110101010000111100
01010101001000101010111111000010
00111110010011110001110000101111
00010101110101101000011111010001
00111100010011110000101000001011
00011101110101001000010010010101
01111100010000111010101000000011
11011000111111001000011011011101
01111100011100100010101000110100
11011000011011000000101001111101
01110001011100100010001100110100
11011000001010000000101000111011
01010111110110100000011110110100
11010100101010100010101111111000
01010111000111101011011110110000
11001101111010000000101011101000
01010111010011101101011110110000
11011100001000001010100000101010
01010111010010101101011010110010
11011100001000001010111001100100
01010111010011101101010010110010
01011101001010001010111011011100
01011111010011101001011110110010
11011100001010001010110011111001
01010111010011101101011010110000
11011100001000001010111001111000
01010111010011101101011010110010
11011100001010001010111001111110
01010111010011101101011110110010
11011100001010001010111011111110
01010111010111101101011110110010
11011100001010001010111001011110
01010111010011101001011010110010
11011100001010001010111011110100
01010111010011101101011110100011
11011101001010001010110001101101
01010100010000101111001010110000
11011100001010000100110001001101
01010111011000101111001110110000
11011100001010000010110001101111
01010101011001111111011000110000
11010100001000001010001100101010
00110110010111110001010000111100
01010101001000101010011111000010
00111110010111110001110000101111
00010101111101101000111111010101
01111100010011111010100000001011
01010001111111001000011011010101
01111100011000111010101000000111
11011000011111001000001000011101
01110101011000101010001000110100
11011010001010000000101001111110
01010110011010101000010110110100
11001100001000110010101101101011
01101101111001000101010100111110
00011100000101001000010000001011
01010011110011001101011110110001
01011110001000001100101001000110
01010111010011101100001110110001
01001100001000010000110001110100
01010110011010101101011110110000
11011100001010001010110001101101
00010101011001101111001010110000
11011100001000000010110000001110
00110111011111111101010000110000
11010110001000001010111100100010
00110110010111110001010000111100
00010101101000101010011111000001
00111100010011110001010000001011
00010101110101101010010111010101
00111100010011110010100000000011
10011001110101001000010010010101
01111100010000111010101000000111
11011000011011001000101001011101
11111000010000100010101000010101
11011000011011000000101001011101
11010011010100100010001110110100
11011000001010000000101001111111
01010011010110100000011110110100
11011100101010100010101111111011
01010111110110100101011110110000
11011101111000100010101111101000
01010111000111101101011110110000
11011100101000000010100010101000
01010111010011101101011010110010
01011100001010001010100010011010
01010111010011101101011110110010
11011100001000001000110011100011
01010111010111101101011110110000
11011110001010000010111011101010
01010111010011101101011110110010
11011100001000001010110001001100
01010111010010101101011110110010
11011100001010000010110001111111
01010111010011101001011010110000
11011100001010001010111001101111
01010111010111101101011010110010
11011100001010001010111001011110
01010111010011101101011010110010
11011100001110001010111011011100
01010110010011111101011010110010
11011100001010001010110011011101
01010100010011111111001010110010
11011100001010000000110001111101
01010100011010101111011100110000
11011100001000000010110000101110
00110101011111111101010000110010
11010110001000000010111100100010
00110110010111110001110000101110
01010101000000101010011111010011
00111110010011110001110000001111
00010101111101101000011011010101
01111100010000111010101000001011
01011001111111001000011011011101
01011101011000101010001000110100
11011000001011000000101000111110
01000111011010101000001110111100
11011010001000110010101101101010
01101111110011000101110000111101
00011100001101101000001100000011
01010111110011001100001110110001
01011110001010001100101011010010
01010111110011101100011110110001
11001100001110010001110011110100
01010110011010111101011010110010
11011100001010000010110001111100
01010111110011111101011010110000
11011100001000000010110001101101
01110101011000101111011110110000
11011100001000000010110000101110
00110111010111111101010000110100
11010100001000000010111101100010
00110111010111110001010000111000
10010101101000101010011111000000
00111100010111110001110000101011
00010101111101101010110111010101
00111100000001111010100000001011
01011001110111001000010010010101
01111100000000111010101000000111
11011000011111001000011001010101
01111100010100111010101010010101
11011000011111000000101001011101
11011000010000100010001010110101
11011000001010000000101001111111
11010011010100000100011110110100
11011000001010000000101011111011
01010011110110100001011110110100
11011100101010000010101111101011
01010111010111100001011110110000
11011100101010000010101011101011
01010111110110101001011110110000
11011100101000000010100001101011
01010111010011101101011110110010
11011100001000000010100010101010
01010111110111101101011110110010
11011100001000001010110011101000
01010111010011101101011110110011
11011100001010001010110010001100
01010111010010101101011010110010
11011100001010001010111001101110
01010111010010101001011110110010
11011100001010001010111001101110
01000111010111101001011110110010
11011100001010000010111011011110
01010111010011111101010010100010
11011100001010001010110011011100
01010110010010101101011110110010
11011100001010001010110011111100
01010100011010101101011110110000
11011100001000000010110001101101
00110101011011101111011100110000
11011110001000000010110000101010
00110111010111000101010100110110
11010110001000100010101101001011
00111110010111010001010000101110
01010101101101101010011111010101
00011100010011111010010000001111
01010101101111001001011011010101
01001100011010101010011100001001
11011000101111000000000000011101
01000111011000101110001110111100
11011010001010000010000001101010
00100111110101000001110000111100
00011110001001100000001101000011
01010111110011001101011110110001
01011110000011001110101011010110
01010111110011101000011111110001
11001100001110010010111001110110
01010100010010101101011010110010
11011110001010001010110001100111
01010111010011101101010010110010
11011101001010001000110001111101
01010110010011111111001010110000
11001100001000001010110001101101
01010101011001101111001000110000
11011100001000000010110000101110
00110111010111111101010010110000
11010100001000101010111101100010
00110111010111110001010000111010
10010101101000001010111111000010
00111100010111110001110000001011
00010101110101101010011111010101
00111100000111111010100000001011
01011101110101001000110010010101
01111100010000111000101000001011
01011001110111001000011011010101
01111100010000111010101000000111
11011000011110001000011001011101
11111101011000100010101010010101
11011000001011000000101001011111
11110011010100000010001110110100
11011000001010000000101001111111
11010011010100000000011110110100
11011100001010000000101011111011
01010011110100000000011110110100
11011100101010000010101011101011
01010111110110000001011110110100
11011100101010000010101010101011
01010111110110100101011110110010
11011100101010000010101011111011
01010111110110101001011110110000
11011101111010100010101111101000
01010111010111101101011110110000
11011100001000000010110010101100
01010111010011101101011110110010
11011100001010000010110000101111
01010111010010101101011110110010
11011100001010001010111011101010
01010111110010101101011010110010
11011101001010001010101011111100
01010111010010101101011010110010
11011100001010001010100001111100
01010111010010101101011010110010
11011100001010001100110001101100
01100111011010101101011100110000
11011100001000100010110001101011
00110111011111000101010100110100
11011110001000000010101000001011
00111110010111010000010000101110
01010101001011000111001111011111
00011100010111111010010000001111
01010101101111001001011011010101
01001100011010101010011000001011
11011000101111001001000010111100
01100111011000001100001110111100
11011010001010000000100001101010
00101111010101000000110000111100
00011110001001100000001101001010
01010011110011001100011110110001
01011110001011001100101001000010
01010111110011101100011111110001
11001100001000010010110001110000
01010111010011101101011110110010
11011100001010001010110011001110
01010111010010101101011010110010
11011100001010000010110011011100
01010110010011101101011110110010
11011101001010001000110001101101
01010100010011101111011110110000
11011100001000000010100001101101
01010111010001101111001010110000
11011100001000000010110000101011
00110111010001110101011010110000
11011100001000001010111000101010
00111111010111110101010000111000
11010101101000101010111111000010
00110110010111110001010000101011
00010101110100101010011111000000
00111100000111110001110000001011
10011101110101001000011010010101
01111100000011111000100000001011
10011101110101001000010011010101
01111100000000111010101000001011
11011001011111001000011011010101
01111100011000110010101000010111
11011000011111001000001001011101
11111000010100100010101010010111
11011000001011000000001001011101
11110001010100100010101010110111
11011000001010001000101011011011
11110011010100000000101110110100
11011000001010000000101011111001
11010011110100000110001110110100
11011000001010010000101000111011
11010011010100000100011110110100
11011100101010000010101011111011
01010111110110100001011110110100
11011100101010000000101111101011
01010111100110100001011110110000
11011100101000000010100011101011
01010111000110100101011110110000
11011100101000000010101011101011
01010111010110100101011110110010
11011100101000000010101011101011
01000111010110100101011110110000
01011100101000000010101011100011
01010111010010100001011110110010
11001100101000010010100001101011
01100111111110000100011100110010
11011110101000000010101001101011
10110111110101000110010100110100
01011000001001000010101001001110
10111110010101010010100000101100
01110100001111001111111011011110
00011100010111110000110000001111
01010101011111101001011011010100
01001100011010101000011110001011
11011000101111001001010000010000
01010101011010001100101100110100
11011010001010000000000001101010
00101111010110000100010000111100
00011110001001101000001101001011
01010111110011001100001110110001
11011110000011001110101011010010
01010111010011101000001110110001
11001100000010010000111001110000
01010111010011101101011110110010
11011100001010001010110001001101
01010111010011101101011110110010
11011100001010000010110001011100
01010101010010101101011010110010
11011100001010001010110011011100
01010101110011111101011110110010
11011100001010001010110011011100
01010101010011101101011110110000
11011100001000001010110001001101
01010111010001101111011110110000
11011100001000001010111001101011
00010111010001100111011010110000
11011100001000001010101000101010
00110111010011110101010000111000
11010100001000101010101101100010
00110111010111110001010000111001
10010101111000101010111111000000
00110101000111110001010000101011
10011101110001001010011111000000
00101100000111110001110000001011
10011101110101001000011111010101
00111100000111111000101010001011
11011101110101001000010010010101
01111100000111111000101000001011
11011101111111001000011011010101
01111100010000111010101010001111
11011000010111001000011000011101
11111100010100100010101010110110
11011000001011001000001001011111
11110000010100100000101010010101
11011000011110001000001011011101
11110000110100100010101110110001
11011000001010001000101000111001
11010001110100000000001110110100
11011100001010000000101001111011
11110000110100000000001110110100
11011100001010000000101011101011
11110001110100000100001110110000
11011100001010000010101001101011
11110001110100000000011110110100
11011100001010010010101001101011
11110011110100000100011110110100
01011100001010000110101001101111
11110001110100000100111111010100
11001100001000010010101001101111
10110001111100000100101000110110
11011000001000000010101001001110
10110100110101000110100000110100
01110100001011000111101011011110
00011100010101110010100100101111
01010100011111001011011011010110
01001100010111111000111110001111
01010100101111101001010001010000
01001100011010101000011010011011
11011000101110000000010001011000
01100111011010001100111110111000
11011110001000000010010001101010
00101111100111000000010000111100
00011110001001100000001101000010
01010011110011101100001110110001
11011110000011001010101011010010
01010111010111101100001110110001
11001100001000010010111001110000
01010111010011101101011110110010
11011100001000000110110011100001
01010111010011101101011110110010
11011100001000000010110001001100
01010111010011101101011110110010
11011100001010001010110001111100
01010101010011101101011010110010
11011100001010001010110010100110
01010101010011101101011110110010
11011100001010001010100011001001
01010111010011101101011110110000
11011100001010001000101001001000
01010111010011101101011110110000
11011100001000001010110001101101
01010110010001111111001010110000
11011100001000001010110000101010
00110111010001110101011010110000
11011100001000001010111001101010
10110111010111110101010000110000
10010100001000101010100100101010
00110111010111110001010000111001
10010101101000101010111111000000
00110110010111110001010000101011
10011101110100001010110111000000
00111100000111110001111000101011
10011101110101001000011010010101
00101100000111111001110000001011
10011101110101001000011111010101
01111100000011111010101010001011
11011101110111001000010010010101
01111100000110111000101010001111
11011000111110001000011011010101
01110100010100111010101010001111
11011000011110001000011011010101
01110100000100111010101010011011
11011000011110001000011011010101
01110100110100101010101110010111
11011100001110001000011011010101
11110100110100001000101110010101
11011100001110001000001011011101
11110100110100000000101110010101
11011100011110001000001011011100
11110100110100010000101110110111
11011100011110001000001011010100
11110100110100000010101110010111
11000100011111011001011011011100
11111100110100010110101000110111
11010100010111001101011011011100
11011100010101110010100100111111
01010100001111001101011001010011
01001110010111111010100100011111
01010000111111100001011011010001
01001110010011111010011010011011
10011000101101100001010011010001
01001111011010101001011010011000
10011000101000100000010001000000
00100111111010001101010110110000
11011000001000000010110001001010
00101111110101000100010000110100
01011100001001001000101001001010
01010111110011101100001110110001
11011110000011000010101011010010
01010111010011101101001110110001
11011100001000010000111001110000
01010111010011101101011110110010
11011100001010000010110001101011
01010111010011101101011110110010
11011100001010000010110001111110
01010111010011101101011110110010
11011100001010001010111001111100
01010111010011101101011110110001
11011100001010000010110001101100
01010101010010101101011110110010
11011100001010000010100000101110
01010111110010101101011010110010
11011100001010001000101011101110
01010111110011101101011110110010
11011101001010001010101011101001
01010110010011101101011110110000
11011100001010001010111001101101
01010100010001101111001010110000
11011100001010001010110000101111
01010110010001101111001010110000
11011100001000001010101000101010
00110111010001110101011010110000
11011100001000001010101001101010
00110110010111110101010010110000
00010100101000101010111111100010
00110111010111110001011011111000
10001100100000011010111010000001
00100111010111110001010000111010
10011101101000001000110111000000
00110100000111110001010000001011
10000101110100101010011111000000
00101100000111111001111000001011
10011101110101001010010011010100
00101100000111111001111000001011
10011101110101001000011011010101
01101100000111111000101000001011
11011101111101001000010011010101
01101100000111111000101010001011
11011101111111001000011011010101
01101100000111111010101110011011
11010100110111001000011011010101
01101100000111111010101110011011
11011100110111001000011011010101
01001100000110111010101010011011
11011100110111001000011011010100
01001100000111111010101010011111
11010100111111000001011011010101
01001100000111111010101000011111
01110100111111000101010011010101
01001100000011110010101110001011
00010000110111100001010010010001
01001100000011101001010010011010
10011000100111100001010001110001
01001111011010101001011010011000
10011000100100100000000001101000
00001111111000001101011010110000
11011000101000000000110001001010
10110111111000011101000010110000
11101100001000001000110011001010
00110110110101010100110000101110
00010100011001101000011001000010
01010111100011001100001110110001
11011110000010000110101011010010
01010111110011101100001110110011
01001100001000010000110001110000
01010111010011101101011110110010
11011100001010001010110011101011
01010111010010101101011110110010
11011100001010000010110001111110
01010111010011101101011110110010
11011100001010001010111001111100
01010111010010101101011110110010
11011100001010001010110001101100
01010101010010111101011010110011
11011100001010001000110001001100
01010111010010101101011010110010
11011100001010000010100001001111
01010111110011101101011110110010
11011100001010001010101001001110
01010111010111111101010110110010
11011100001010001000111011011100
01010110010011111101011010100010
11011101001110001000110011011101
01010100011011101111011110110000
11011100001010001010110001001101
01010100010011101111001110110000
11011100001000001010100001101101
01010110110001101101001010110000
11011110001000001010111001101011
10010011010001101101001010110000
11001100001000011010110001101011
00010111010001110101001010110000
11011100001000001110110000101010
00110110010011111101011010110000
11010100001000001010111011101010
00100111010111111101010010110000
10011100101000001010111011100000
00100111010111111001011010111000
10011101101000000010111111100000
00100111000111110001011010111010
10011101101100000010111111000001
00101110000111111001011000011011
10011101111100001010010111000001
00101110000111111001011000011011
10011101111100001010010011110001
00101110000111111001010010001011
10011101101100000000010111010001
01001110000111111001011010001011
10011100111100000000010011110001
01001100000011111001011010011011
10011100101101000000010011110001
01001100000011101001011010011011
10011100100101100000010011110001
01001110000011101001011010011001
10011000100100100010110001100001
00001111011010101101011010010000
11011000100000000000110000001011
10010111111010001101011010110000
11111000001000001000100001001010
00010111110001011101001010110000
11011100001000001100100011001010
00110111011001000101100000110010
11000110001000001000110010001011
00101100010101000101110100111110
00010110001001101010001101001111
01010111110011101101001110110001
11011010000010000010101001010010
01010111010011101100001110110000
01001100001000010010110001111010
01010111010010101101011110110010
11011100001010000010110001111001
01010111010111101001011110110010
11011100001010000010110011011100
01010111010011101101011110110010
11011100001000001010110001101010
01010111010011101101011110110010
11011100001010001010110001111010
01010111110111101001011110110010
11011100001010001010110001111100
01010111010111101101011110110010
11011100001010000010110001011100
01010111010011101101011110110010
11011100001010000010111001111100
01010110010111101001011010110010
11011100001010001010111001111100
01010111010011101001011110110010
11011100001010001010110011111100
01010101010010101101011110110011
11011100001010000010110001111100
01010111110111101101010110110010
11011100001010001010110001001100
01010111010011101101001010110010
11011100001010001110111011001100
01010110010011101101001110110010
11011100001010001010110001001101
01010110010001101101001110110000
11011100001010001010110001101101
01010110010001101101001010110000
11011100001000001010110001101001
01010111010001101101001010110000
11011100001000001010110000101011
01110111010101101101001010110000
11011100001000001010110001101010
00110011110001101101001010110000
11011100001000001010110000001011
00110011010100101101001010110000
11011100001000001010110001001011
00110011010111111101011010110000
11011100101000001010110001001010
00110110010111111101011010111000
10011100101000000010110111100000
00100110010111111101010010111000
10011101101000100010110101100001
00011110110011101101011010100001
10011100101100000010110000000001
10011010010000001101001010110001
11011100001000001000110000001011
10010010110001001101000010110000
11011100001000001000110001001010
10010111110000011101001010110000
11011100001010001000110001001010
00010111110000011101001010110000
11011110001010001100110001001010
01010110010011101101011110110000
11010100001000001000110011101101
01110101011000101100011110110010
11001100001000011010110000001011
00101100010101000101110100111110
01011110001001101000011001001111
01011111110011001101001100110001
01011110001011000100101011000010
01010111010011101100011111110001
01001100001000010001110011110010
01010111010010101101011110110010
11011100001010000010110011100011
01010111010010101101011110110000
11011100001000000010110001101011
01010111010010101101011110110010
11011100001000001010110001101011
01010111010010101101011110110010
11011100001000001010100001101011
01010111010111101101011110110010
11011100001000001010110001101011
01010111010011101101011110110010
11011100001010000010110001101001
01010111010011101101001110110010
11011100001010001010110001101001
01010111010011101101011110110010
11011100001000001010110001111011
01010111010010101101011110110010
11011100001010000010110001111011
01010111010011101101011110110010
11011100001010000010110001101010
01010111010011101101011110110010
11011100001000001010110001101010
01010111010011101101011110110010
11011100001000001010111001111010
01010111010011101101011110110010
11011100001000001010110011111100
01010101010010101101011110110010
11011100001000001000110011001101
01010111010010101101001110110010
11011100001010000010100011101100
01010111010010101101011010110010
11011100001000001000110011001111
01010111010010101101001010110000
11011100001000001010100001101010
01010111110001101101001010110000
11011100001000001000110001101000
01010111010001111101101010110010
11011100001000001010110000101001
01010111010001101101001010110000
11011100001000001010110001101011
10010111010000101101001010110000
11011100001000001010110000101011
10010111110101111101010010110000
11011110001000001000110101001010
00010111110011111101011010110000
11000101011000001000110111001000
01010111110010111101001010110010
11011100011000001000110010001000
01010111100011111101101010110010
11011110001000001000110011001000
01010111010010111101001010110010
11011100001110001000110011001100
01010110010010101101001010110010
11011100001010001000110001100111
01010110010010101101011110110010
11011100001010000110110011110110
01110101011010101100101110110010
11001100001000011010110001001011
00101101010101000101110100111110
01011110001001001010011001001010
01000111100111001100011100111100
01011110001010000100101011000010
01000111000111100000011110110000
11001100101000010010101011110011
01000111000110100000011110110010
11011100101000000010100011100011
01000111000110100001011110110000
11011100101000000010101011100010
01010111100110100001011110110000
11011100101000000010101011100011
01010111100110100001011110110000
11011100101000000010101011100011
01010111100110100001011110110010
11011100101000000010101011100011
01010111100110100001011110110010
11011100101000000010101011100011
01010111000110100000011110110010
11011100101000000010101011100111
01010111100110100000011110110010
11011100101000000010101011100111
01010111010110100000011110110010
11011100101000000010101011101111
01010111010110100000011110110000
11011100101000000010101011101011
01010111000110100001011110110000
11011100101000000010101011110111
01010111000110100000011110110110
11011100101000000010101011110110
01000111100110100000011110110010
11011100101010000010101011100110
01000111100111100000011110110010
11011100101000000010101011101110
01010111110110100001011110110010
11011100101000000010101011100101
01010111100110100001011110110010
11011100001010000010101011100101
01000111110110100000011110110000
11011100101010000010101011111111
01000111010110101000011110110000
11011100101000000010101011100011
01010111000110100000011110110010
11011100101000000010101011100001
01010111100110100001011110110000
11011100101000000010100011101101
01010111100110100000011110110000
11011100101000000010101011101101
01010111000100100000011110110000
11011100101000000010101000101010
01010111110110100000011110110000
11011100101000000010101011101011
01010111110110100101011110110000
11011100101000000010101011101010
01000111110110100000011110110010
11011110101000000010101011100001
01000110000110101000011110110010
11011100101000000010100011100101
01000111000110101000011110110010
11011100101000000010100011100101
01000111000110100001011110110010
11011100101000000110101011100110
01100111101110100000011110110100
11001100001000010010100001101011
00101101100111000000010100111110
00011110001001000110001000000110
01011000110101001001111110111001
11011110001111001000001000100111
01110110110100001000011110110111
11011000001010110000101011110111
01110100110100001100001110110011
11011000001010000000101001000111
01110101110100000001001110110011
11011100001000000000101011000111
01110100110100001101101110110011
11011100001010000000101011000111
01110100110100001001101110110011
11011100001010000000101011010111
01110100110100001001111110110011
11011000001010000000101011010111
01110100110100001101001110110011
11011100001010000000101011000111
01110100110100001100111110110011
11011100001010000000101011010111
01110110110100001000011110110011
11011100001010000000101011010111
01110100010100000000101110110011
11011100001010001000101011011101
01110100110100001100011110110011
11011100001010000000101011110101
01110110110100001000111110110011
11011100001010000000101011011111
01111100010100001000011110110011
11011100001011000000101011010111
01110100110100001000111110110011
11011100001010000000101011010111
01110100110100001100011110110011
11011100001010000000101011001101
01110100010100000100011110110011
11011100001010000000101011010111
01110100110100001000001110110011
11011100001010000000101011010111
01110100010100000100101110110011
11011100001010001000101011010111
01110100010100000000101110110011
11011100001010000000101011010111
01110101110100000000011110110011
11011100001010000000101011110111
01111101110100000000011110110011
11011100001010000010101011011111
01111100110100000100011110110011
11011100001010000000101011011101
01110100110100000000111100110011
11011100001010001000101001001111
01011110110100000100101110110011
11011100001010000000101011011111
01110100110100000010101110110011
11011100001010001000101011001111
01110100110100000101011110110011
11011100001010000000101001110111
01110010010100001100011110110011
11011100001010000000101011011111
01110100010100000100011110110011
11011100001010000000101001000111
00110101110100000100011110110011
11011100001010101000101001001111
10110101110100000100111100110101
11011100001001000010100001001111
00101100110101000100110100111101
00011100001001001101101101001110
