00000000000000000001000100100001
00000000000000000001000100100001
00000000000000000001000100100000
00000000000000000001000100100001
00000000000000000001000100100001
00000000000000000001000100100001
00000000000000000001000100100000
00000000000000000001000100100001
00000000000000000001000100100001
00000000000000000001000100011111
00000000000000000001000100100001
00000000000000000001000100100001
00000000000000000001000100100001
00000000000000000001000100011101
00000000000000000001000100100001
00000000000000000001000100100000
00000000000000000001000100011111
00000000000000000001000100100000
00000000000000000001000100100000
00000000000000000001000100100001
00000000000000000001000100100001
00000000000000000001000100100001
00000000000000000001000100100001
00000000000000000001000100011011
00000000000000000001000100100001
00000000000000000001000100011111
00000000000000000001000100100010
00000000000000000001000100100001
00000000000000000001000100011111
00000000000000000001000100011111
00000000000000000001000100100000
00000000000000000001000100100000
00000000000000000001000100011111
00000000000000000001000100100100
00000000000000000001000100011101
00000000000000000001000100100000
00000000000000000001000100011111
00000000000000000001000100100000
00000000000000000001000100100000
00000000000000000001000100100000
00000000000000000001000100100001
00000000000000000001000100100010
00000000000000000001000100100011
00000000000000000001000100011110
00000000000000000001000100011110
00000000000000000001000100011111
00000000000000000001000100100000
00000000000000000001000100100000
00000000000000000001000100100001
00000000000000000001000100100000
00000000000000000001000100100001
00000000000000000001000100100001
00000000000000000001000100100000
00000000000000000001000100011111
00000000000000000001000100100000
00000000000000000001000100100000
00000000000000000001000100100010
00000000000000000001000100100001
00000000000000000001000100100000
00000000000000000001000100100001
00000000000000000001000100100000
00000000000000000001000100100010
00000000000000000001000100011111
00000000000000000001000100100001
