11111012000121102111110101322210
21220111111210001211013331101011
01012100012201122200022111110122
21323000110100121121100110121333
10220110220221111101102101011121
21002300111201122111011111021001
12121120022123212010110210111110
22121111111110022221100010002201
21211301121300111110210310200200
02101101312211001212101200110020
10131120000011012311221101201022
21210111212211101200201211101211
12101122001131000122221000212111
20101011200102112211101000002321
22222200000111111201211111100223
11011001011232101110332211211211
01200021221000110102211221002110
22212212101212111101023012002112
10001110132011000000111211101112
21110002221220001112111001232100
12111113101001112112111212200022
11111111111010241121121020011121
01101121222102100111002100121221
00111201211112200110223111011201
11101112121222112112113111002013
12120101101011212320011000001121
21022012122200012110211201201111
11111013012111022111210121100200
11200201100111110211001001222231
10110221121220110121220211024112
12000221221211221110111101112212
10100202120001211021021120010121
21200011022101100022102211122122
01113102011233110011010110111111
12221011111122202102202221011110
00011310211211500200011023200011
32221111111110001000101210110121
10221212000221311100110211112212
02112100011121100012132200111112
11122010011121010121010020131021
22220000101221011012221000002320
21000212221011202121000022122111
22122001000121112221111101112111
21211000001123321221111101111011
10012202221210021122200012201112
00111111232110200100001211222001
23320001111101101112231001121010
11112210000000111123202100101201
11100100232322100111222001011311
31031012102202100121221100020121
22211200111111010022010210211111
12001211012012112000222110000211
20132101210122101201111212103100
00012101221131100021210100121001
