00011010000100111010110000001010
11000100101010111001100110000101
10011010100100111110100011001110
00110110101110001011100100111101
10011010100100111010100011001110
10110110101010011011100100011101
10011010100110111110100011001110
10110110101110011011100100011101
10011010100100111100100011001110
00110110101110011011100100111101
10011010100110111010100011001110
00110110101010111011101100010101
10011010100110111110100010011110
00110110101110011011100100111101
10011010100100111000100011001110
10110110101010011011100100011101
10011010100110111000100010011110
10110110101010011011101100011101
10001010100110011100110000011110
10010110101010010011101100011101
10001010100110011100110001011110
10000110101110010011101100011101
10001010100111011100110001011110
10000110101110011011101100011101
10001010100111011100110001001110
10010110101110011011101100011101
10001010100111011100110001001110
10000110101110001011100100011101
10001010100111011100110001001110
10000110101110001011100100011101
10001010100100011100110001001110
00000100101110101011100100111101
10011010100110011000110001001110
00000100101110101011100100110101
10011010100110011000100011001110
00110100101010101011100100010101
10011010100110111110100010001110
00110110101110001011100100111101
10011010100100111110100011001110
10110110101110011011100100011101
10011010100100111110100011001110
00110110101110111011101100011101
10011010100110111110100011001110
00110110101110011011100100111101
10011010100100111110100011001110
10110110101010011011100100011101
10011010100100111110100011001110
00110110101110011011100100111101
10011010100110111110100011001110
10110110101110011011100100011101
10011010100110111110100011001110
00110110101110011011100100011101
10011010100110111110100011001110
00110110101110011011100100011101
10011010100110111110100011001110
00110110101110011011100100011101
10011010100110111110100011001110
00110110101110011011100100011101
10011010100110111110100011001110
00110110101110011011100100011101
10011010100110111110100011001110
00110110101110011011100100011101
01010010000110001001100010100010
11010100000011111011101011010101
01010010010101111000110100000000
11000101001001111001110000011101
10110010100110111100000111010100
01001100111100100011110011111101
11110010100101111100100111000000
01000100011101101011110011111101
11110010110111111100100111000100
01010100011101101011110011111101
10110010110111111100100111010100
01000100111100101011110011111101
11110010100111001000100110011000
01010100101110111011110111011101
11110010101111000000010010011000
11011110101010111011111011011101
11100010101111000100010000011011
11011110101010110011011001011100
11100010101111001100010001011111
11011010101010110011011001011100
01100010101111001101010000001111
11011000001011100011011001011110
01100010101111001101011100000111
11011000011111100011011001011110
01100110101111000101011100010101
11011000011111100011010001111110
01100110101111000101011100010001
11001000011110100001010001111110
01100110101011010101010100011101
10001000011110100001010001111110
01100110101111010100010100011001
10001000111110100001010001111110
01100110101001010100010001011111
10001000111110100001010001111100
00100010101101011000010001011011
00001000101110101001010001111100
00101010101101011001010001001111
00001100001110101001010000111100
00111010101111011001110001000010
00000100001101101001010000111101
00110010100111011001110110000000
01010100001101101001110000111101
10110010100111111100100110010000
01010100001100101011110111111101
10110010100110111100100111000100
01010100001100101011110011111101
11110010100111111100100111000100
01010100011101101011110011111101
10110010100110111100100111010100
01010100111100101011110011111101
11110010110101111100100111000100
01000100011100101011110011111101
10110010100111111100100111010100
01010100011100101011110011111101
10110010100111111100100111010100
01010100011100101011110011111101
10110010100111111100100111010100
01010100011100101011110011111101
10110010100111111100100111010100
01010100011100101011110011111101
10110010100111111100100111010100
01010100011100101011110011111101
10110010100111111100100111010100
01010100011100101011110011111101
01110010000111001000101110000011
01010100001001111111111011010100
01010011010101111000110100000000
11000101001001111001110000011101
10110010100110111100000111010100
01010100111100101011110011111101
11110010110101111100100111010000
01010100011100111011110011111101
10110010110101111100100111010101
01000100011100101011110111111101
11110010101111010000110110011000
11011110101010011011110011011101
11110010101111000000110010011000
11011110101010111011011011011100
11100010101111000100010001111111
11011010001010110011011001011100
01100010101111001101011101000111
11011000011011100111011001011110
01100110111111001101011101000111
01011000011101100111011001111110
01100111111111001001001100000001
01011001011101100111010011111010
01100111111011001011001100000001
01011001011101100111010011111010
01100101111001101011001110000001
01011001010101101100010011111010
01110101111001101010001110000001
01011101010101101100010011111010
11110101111011100010001110010001
01011001010101101100010011111010
11100101111001100110001110010001
11001011010101111100010011111010
11100101111011110100011100010001
11001011111100110000010011111010
11100101111001110100010101010101
11001011111110110001010001111010
11100101111001010100010101011101
10001010111110110001010001111000
00100111101101011100010001001111
00001000111110101001010100111100
00111010101101011001010101000000
00000100011101101001010000111101
00110010100111011001110110000000
01010100001001101001110010111101
11110010100111111100100110010000
01011100101100101011110011111101
10110010110101111100100011000111
01001100011100100011110101111101
10110010100111111101100111000100
01010100001101101011110011111101
11110010110101111100100111000100
01000100011100101011110011111101
10110010100111111100100111010100
01010100011100101011110011111101
10110010100111111100100111010100
01010100011100101011110011111101
10110010100111111100100111010100
01010100011100101011110011111101
10110010100111111100100111010100
01010100011100101011110011111101
10110010100111111100100111010100
01010100011100101011110011111101
10110010100111111100100111010100
01010100011100101011110011111101
01110010000111001000101110000011
01010100001001111111111011010100
01010011010101111000110100000000
11000101001001111001110000011101
10110010100111111100100111010100
01010100101100101011110011111101
11110010110101101100100111000100
01011100011100101011110011111101
10110010100101111100000111010100
01001100111100100011110011111101
11110010101111001001100110010000
11011100001001111011111011011100
11100010111111001001101110000011
11011110001001111110011011011110
11100110111111001101001101010111
01011001010101100110011011111110
01100111111001001111001101000111
01111001011101100110011011111010
00111101110011111011001110010001
01110001010101000101000011100010
10011101110000111010001111010001
01100101010101100101100110101011
10011101110000111010001111010000
01100101010101111101100110100001
10011101110000111010101111010000
01100101010101111101100110100101
10011111110000111010101111000000
01110101010001111111100110100101
10011111110000101010101111000000
01110101010001111110101110000101
11010111110000101110101111000100
01110111010001111110101110000101
11010111110010101011101110000100
11110111010001101110101010010111
11110101110010100111001110010100
11011111010001100110101011011111
11100101111010110110011100010101
11001011110100110000010011011011
11100101111001110100010101011101
10001011111110110001010101101011
00100111101101011100010001001101
10001000111110111001010100101001
00110010100101011001010101000000
00000100001001101001010000111101
00110010100111011001100110000000
01010100001001101011110010111101
10110010110110111100000110010100
01010100111100100011110111111101
11110010110101111100100111010101
01000100011100111011110011111101
10110010100111111100100111000100
01010100011100101011110011111101
10110010100111111100100111010100
01010100011100101011110011111101
10110010100111111100100111010100
01010100011100101011110011111101
10110010100111111100100111010100
01010100011100101011110011111101
10110010100111111100100111010100
01010100011100101011110011111101
10110010100111111100100111010100
01010100011100101011110011111101
10110010100111111100100111010100
01010100011100101011110011111101
01110010000111001000101110000011
01010100001001111111111011010100
01010011010101111000110100000000
11000101011001111001110000011101
10110010100111111101100111000000
01010100011101101011110011111101
11110010110101101100100111000100
01010100011101101011110011111101
10110010110110111100000111010100
01010100111100101011110011111101
01110010110111001001100110000011
01010100001001111111111011011100
01110010110111001011101110000011
01010101010001100110111011010110
11101111110010101110101111010101
01110001010101000110101111110110
10011101110000110110001111011101
01100101110100000101100110101001
10011101110000111010100111010000
01100101100000111001100110101101
10011011110000111010100011011000
11100111100010111001100110101101
10011010100100111010100011011010
11100110100010111001100110001101
10011010100100111110100011001110
11100110100010111011100110001101
10011010100100111110100011001110
11100110100010111011100110001101
10011010100100111010100011001110
01110100100010111011101110000101
10011010100110111010100011001110
01110100100010001111101110010101
10011010100100101010101011001110
01110100000001101111101110010101
10011010100110101011101110000010
01110100000001101110101010010101
11010010110010100111101110000100
11010111000001101110101011010111
11100101111010110110011110010100
11001011110110100100001001111011
11100101111001110100010001011101
10001011111110110001010100101001
00110111101101011000010001000001
10001101011100111001010100101101
00010010100111011001110100000000
01000100001001111001010010011101
10110010100111011001100111000100
01010100001101101011110011111101
11110010110101111100100111000100
01001100011100101011110011111101
10110010100111111100100111000100
01010100011100101011110011111101
10110010100111111100100111010100
01010100011100101011110011111101
10110010100111111100100111010100
01010100011100101011110011111101
10110010100111111100100111010100
01010100011100101011110011111101
10110010100111111100100111010100
01010100011100101011110011111101
10110010100111111100100111010100
01010100011100101011110011111101
10110010100111111100100111010100
01010100011100101011110011111101
01110010000111001000101110000011
01010100001001111111111011010100
01010011010101111000110100000000
11000101011001111001110000011101
10110010100101111100100111010001
01000100011100111011110111111101
10110010100111111100100111010100
01010100011100101011110111111101
10110010100110111100100111000100
01010100001100101011110011111101
01011010110101001000100011000011
01010100011001111111111111011101
10011010100100001010101011011011
01110100011101000111101111110100
10011011100010110110101011011100
00110100100100000111101110100101
10011011100010110010000010011100
11100110100110001001100110101101
10011010100100111110110011001110
11000110101010111001100100001101
10011010100100111100110011001110
11000110101010111001100100011101
10010010100100111100100011001110
11000110101010111011100100011101
10010010100110111101100011001110
11010110101010101011100100011101
10011010100110111100100011001110
01000110101110101011100100111101
10011010100100111100100011001110
01000100101110111011100100111101
10011010100100011000100011001110
01010100101110111011100110111101
10011010100100111100100011011010
01110100101110010011101110111101
00011010100100001010100011001010
01110100001011111111101110010101
10011010100110001011101010000010
01110100000001001110101011010101
11100010111010100111101110110100
11011010100001000110101011010111
11100101111000110110011101010101
10001011110110100100000001101011
01110101111001110100010101000101
10001011111110111001010100101001
00110011000101011000010101000000
11000100001001111001010000001101
10110010100111011001100110000000
01010100001101101011110010111101
10110010100111111100100111010100
01010100011100101011110011111101
10110010110101111100100111010100
01000100011100101011110011111101
10110010100111111100100111010100
01010100011100101011110011111101
10110010100111111100100111010100
01010100011100101011110011111101
10110010100111111100100111010100
01010100011100101011110011111101
10110010100111111100100111010100
01010100011100101011110011111101
10110010100111111100100111010100
01010100011100101011110011111101
10110010100111111100100111010100
01010100011100101011110011111101
01110010000111001000101110000011
01010100001001111111111011010100
01010011000101111000110100000000
11000101001001111001110000011101
11110010110101111100100011000111
01001100011100101011110001111101
10110010100111011100100110010000
01010100001100101011110011111101
11110010101111111100100111010100
01011100101100101011110011111101
10111010110101001100100011011011
01000100111110010011110111111101
10011010100100001000100011011011
01110100101110010011101110111101
10011010100110110010100010011110
00110110101110000011100110101101
10010010100110111101110011000110
11000110101010101001100000011101
11010010100110111101110011000110
11011110101011101011110000011101
11110010100100111101100011000110
01001110101111101011110001111101
11110010110101011100100111000111
01000100011101101011110001111101
10110010100111101101100111000100
01010100011101101011110011111101
10110010110110111101000111010100
01010100011100101011110011111101
11110010110101111100100111010101
01001100111100101011110011111101
10110010110101111100100011010001
01000100111100111011110111111101
10111010100110111100100011010100
01010100101100101011110111111101
10011010100101001000100011011011
01000100101110010011111110111101
10011010000111001000100010011010
01010100001001011111101111010100
10001010100110001011101010110110
01110100000001000110101011010110
10101101111010110111011101010100
00101010110110000100101001101011
01110101110000110110010101000100
10001011111100101001000000101001
01010011010101111000010101000001
11000101011001111001110100001101
00110010100101111000110111000000
01000100001001111001110010011101
10110010100111111100100111000100
01010100011100101011110011111101
11110010100111111100100111000100
01010100011100101011110011111101
10110010100111111100100111010100
01010100011100101011110011111101
10110010100111111100100111010100
01010100011100101011110011111101
10110010100111111100100111010100
01010100011100101011110011111101
10110010100111111100100111010100
01010100011100101011110011111101
10110010100111111100100111010100
01010100011100101011110011111101
10110010100111111100100111010100
01010100011100101011110011111101
01110010000111001000101110000011
01010100001001111111111011010100
01010010010101111000110100000000
11000101011001111001110000011101
10110010100111111101100110010100
01010100111100101011110011111101
11110010110111101000100111000000
01010100011101111011110011111101
11110010110101101100100111000101
01011100011101101011110011111101
10110011110111111100000110011000
01000100111100000011110111111101
10111010100101111000100011011011
01000100101110111011110111111101
10110010100110111101100011000110
01010110001101101011110011111101
11110010110110111101100110000100
01001110111101101011110011111101
11110010110101101100100111000101
01010100011101101011110011111101
11110010110110111101100111000100
01010100011101101011110011111101
11110010110101111100000111010101
01000100111100101011110111111101
10110010100101111100100111010001
01000100101100111011110111111101
10110010100111111100100111010100
01010100101100101011110011111101
10110010100101111100100111000110
01001100011100101011110001111101
10110010100111111100100111000100
01010100011101101011110011111101
11110010100111111100100111010000
01011100001100101011110011111101
10111010110101101100100011011111
01000100111110110011110111111101
11110010000111001000100010011011
01010100001001011011111111010100
10101010101111001010101010111111
01110100000011010110101111010110
10101101111010110111001001011110
00101010110110000110101101101011
00010111100000110111010101000100
10001011111100101001100000101001
01010011010101111000010100000000
11001101011001111001110000001101
11110010110101111000110011000001
11001100011000111001110000011101
10110010100111011100100111000000
01010100001100101011110011111101
10110010100101111100100111000100
01000100011100101011110011111101
10110010100111111100100111000100
01010100011100101011110011111101
10110010100111111100100111010100
01010100011100101011110011111101
10110010100111111100100111000100
01010100011100101011110011111101
10110010100111111100100111000100
01010100011100101011110011111101
10110010100111111100100111010100
01010100011100101011110011111101
10110010100111111100100111010100
01010100011100101011110011111101
01110010000111001000101010000011
01010100001001111111111011010100
01010011010101111000110100000000
11000101011001111001110000011101
10110010100111111100000111000100
01000100001100101011110011111101
11110010110101001100100111000100
01010100011101101011110011111101
10110010100110111100100111011100
01000100111100000011110111111101
10110010100110111100000111000100
01000100001100101011110011111101
11110010110101101101100111000100
01010100011101101011110011111101
10110010110111111100100111010100
01000100111100101011110111111101
10110010100111111100100111000100
01010100001100101011110011111101
11110010100101111100100111010101
01000100111100101011110111111101
10110010100111111100100111010100
01010100001100101011110011111101
10110010100111111101100111000100
01010100001101101011110011111101
11110010100111101100100111000100
01011100011100101011110011111101
11110010110101101100100111000101
01011100011101101011110011111101
10110010100111111100100110010100
01010100111100101011110011111101
10110010110101111100100111010100
01000100011100101011110011111101
11110010100111001100100111000100
01011100011101101011110011111101
11110010101111000000110110011000
11011110101010011011111011011101
11110010001101001000100010011011
11010100001011111011011011010100
10101010101111001100101011011111
01010100001111000110001111010110
10101101101010110111001101011100
00101010110110000110100101101011
00010111100000110111010101000100
10001011111100101001100000101001
01010011010101111000010100000000
11000101001001111001110010001101
11110010110100111100000111000101
01001111011100111001110110111101
11110010110111111100100111010000
01011100011100111011110011111101
11110010110101111100000111010101
01001100111100100011110111111101
10110010100101111100100111000100
01000100011100101011110011111101
10110010100111111100100111010100
01010100011100101011110011111101
10110010100111111100100111010100
01001100011100101011110011111101
10110010100101111100100111000100
01000100011100101011110011111101
10110010100111111100100111000100
01010100011100101011110011111101
11110010100111101100100111000100
01010100011101101011110011111101
01110010000111001000101110000011
01010100001001111111111011010100
01010010000101111000110100000000
11000100001001111001110000011101
11110010110101111100100111000111
01001100011100101011110001111101
10110010100101111100100111000000
01010100011100101011110111111101
10110010100110111100100111010100
01010100101100101011110011111101
11110010110101111100100111010100
01001110111100101011110011111101
10110010100101011100100011010111
01001100101100101011110111111101
10110010100111011100100111000110
01001100011100101011110001111101
10110010100111011101100111000000
01010100011101101011110011111101
11110010100111111100100111000100
01010100011101101011110011111101
10110010100111111100100111010100
01000100011100101011110011111101
10110010100101111100100111000100
01010100011100101011110011111101
11110010110111101100100111000100
01010100011101101011110011111101
10110010110110111100100111010100
01000100111100100011110111111101
10110010100111111000100111010000
01011110101100111011110011111101
11110010101111000100110010011000
11011110101010111011110011011101
11100010101111000000110000011010
11011110101010011011011011011100
11100010101111001000110000110111
11011110001010111011011001011100
01100010101101001000101001000011
01011100011001110111011001010110
00101110101111001111101111000111
01110000011101000111001111110110
10001101100010110111001110010100
00100010110100000101100100101011
10010101110000110010010100000000
10001111111000111001100000101001
01010010010101111000110011000001
11000111001011111001110000011101
11110010100100111100100111000110
01001110011101101011110001111101
11110010100111101101100111000100
01010100011101101011110011111101
10110010100110111101000111010100
01010100011100101011110011111101
11110010110101111100100111010101
01000100011100101011110011111101
11110010110101111100100111000100
01010100011101101011110011111101
11110010110111111100100111000100
01010100011101101011110011111101
11110010110111111100000111010100
01000100111100101011110011111101
10110010110101111100100111010101
01000100011100101011110011111101
10110010100111111100100111010100
01010100011100101011110111111101
01110010000111001000101110000011
01010100001001111111111011010100
01010011010101111000110100000000
11000101011001111001110000011101
10110010100110111100000110010100
01010100111100101011110011111101
11110010110101111100100111010001
01000100111100111011110111111101
10110010110101001100100111000111
01010100011101101011110011111101
11110010100111101101100111000100
01010100011101101011110011111101
11110010110111101100100110010000
01011100011101101011110011111101
11110011110100111100000111010101
01001100111100100011110111111101
10110010100101111000100111000000
01000100011100101011110011111101
10110010100111111100100111010100
01010100011100101011110011111101
10110010100111111100100111010100
01010100011100101011110011111101
11110010110101111100100111000100
01000100011100101011110011111101
10110010100101111100100111010100
01000100011100101011110111111101
11110010101111000000110110011000
11011110101010011011110011011101
11100010101111000100110000011011
11011110101010110011011001011100
11100010101111000100010001011111
11011010101010110011011001011100
01100010101111001001110100100010
11011100001011111011011001011110
01100010101111001101111101000111
01011000011101100111011001011110
01101110111101001100101101001111
01010001011101000111011101110010
10001101100000111010001101011101
00100001111100000111100110100000
10011101100010110010010110010100
00100110100100101001100110101001
01010011110000110010010110000000
11001110101010111001100000001101
11110010110101101100110011000011
11001111011011111001110100011101
10110010110101111100000111000111
01001100011100100011110101111101
10110010100111111100100111010000
01010100011100101011110111111101
10110010100110111100100111010100
01010100001100101011110011111101
11110010100111111100100111000100
01010100011100101011110011111101
10110010100101111100100111000100
01000100011100101011110111111101
10110010100111111100100111010100
01010100001100101011110011111101
10110010100111111100100111000100
01010100011101101011110011111101
11110010110111111100100111010100
01011100111100101011110011111101
10110010100101111100100111010100
01001100011100101011110011111101
01110010000111001000101110000011
01010100001001111111111011010100
01010011010101111000110100000000
11000101011001111001110000011101
11110010101111010000110110011000
11011110101010111011110011011101
11100010101111000100010000011111
11011110101010110011011001011101
10101010101101011100010001001111
00001010111110100011010101111101
00111010100111011001110101000010
00000100001101101001010000111101
10110010100111011001100110000000
01010100001001101011110011011101
10110010110110111100000111010100
01001010111100100011110001111101
11110010100101111100100111000000
01000100011100111011110010111101
10110010100111111100100111000100
01010100011100101011110011111101
11110010100111111100100111010100
01010100001100101011110011111101
10110010110101111100100111000101
01001100011100101011110011111101
10110010100111111100100110010000
01011100101100101011110011111101
11110010101111001001110110010000
11011110001011111011011011011100
11100010111111000101110100110111
11011110001011110110011011011110
11100110111011000100011101010111
01011010011110100110011001111110
01100110111101001001101101000111
01011001011101100111011001010110
01100101111011001011001100010001
01010001011101000111011011110010
10101101111001110110001101011101
00100001111100000101000111101010
10001101100000110010010001011000
10100110101110010001100100101001
00010011100000110010010001001100
10000110101010111001100000001101
01010010100101011101010001000110
11001110001011111001110000011101
01110010100101001101110111000110
01001100011001101001110000011101
10110010100111111101000111000100
01001000111100101011110011111101
10110010100101111000100111000000
01000100011100101011110011111101
10110010100111111100100111010100
01010100011100101011110011111101
11110010100111111100100111010100
01011100011100101011110011111101
10110010100111111100100111010100
01001100111100101011110011111101
10110010100101111100100111000100
01000100011100101011110011111101
10110010100111111100100111000100
01010100011100101011110011111101
10110010100111111100100111000100
01010100011101101011110011111101
11110010110111111100100111010100
01011100011100101011110011111101
01110010000111001000101110000011
01010100001001111111111011010100
01010011000101111000110100000000
11000101001001111001110000011101
11110010101111001001110110010000
11011110001011111011011011011100
11100010111111000100010000110111
11011010001010110111011001011110
11101111111001010100010001011111
00001010111110100101010101111110
00111111101101011000010001000011
00001000011100101001010100101100
00110010100111011001110100000000
01010100001001101001010010011101
10110010100110110101000111010100
01011100101100101011110011111101
11110010110101111100100111000101
01001100011100101011110011111101
10110010100111111100100111000100
01010100011100101011110011111101
11110010100111001100100111000000
01010100001101101011110011111101
10110010110101111100000111010101
01001100111100100011110111111101
11110010100111001001100111000000
01010100011001101011110011011101
01110010111111001001100110000010
11010100001001111111111011010100
11100110111111001101101110000111
01011101010001000110011011010110
11100101111011000110001110010101
01111001010101000110011011111010
11101101111001100110001100011001
01100101111100010111001111111010
10101101101001110010001001011001
01000100101110110011000111101011
10101001101010110110011000011100
10000110101110100001100100101001
11100010101011110100010000111100
10001110101010111001000000001101
01100010101001010100010001001110
10001010101010111001010000011101
01100010101101011100010001001111
10001010111110111001010001111100
00100010101101011001010001001011
00001100001110101001010001111100
00111010101111011001010001000110
00001000001111101001010000111100
00110010101111011001110101000000
01000100001101101001010000111101
10110010100111011001100110000000
01010100001101101011110011111101
10110010100111111101100111000100
01010100011101101011110011111101
11110010110110111100100111000100
01010100011101101011110011111101
11110010110111111100000111010100
01000100011100101011110011111101
10110010110101111100100111010101
01000100011100101011110011111101
10110010100101111100100111010100
01010100011100101011110011111101
10110010100111111100100111000100
01010100011100101011110011111101
01110010000111001000101110000011
01010100001001111111111011010100
01010010010101111000110100000000
11000101001001111001110000011101
01110010111111001001101110000010
11010100001001111111111011010100
11100010111111001101101110010101
01011001010001000110011011010110
11100101111010110100011101011101
00101011110110000100001001111010
00100101111001110100010001011101
10001011111110100001010100101001
00110011000101011000110101000000
11000100001001111001010000001101
10110010100111011001100110000000
01010100001101101011110010111101
11110010110111111100100111010000
01001100111100111011110011111101
11110010110101111100000111010101
01001100011100101011110111111101
11110010100111001100100111000000
01010100011101101011110011111101
10110010100110111100000111010100
01010100111100100011110011111101
11110010110101101100100111000011
01010100011101111011110111111101
01010010110101001000100011000011
01010101011001111111111111010100
10011110110110001011101110000011
01110101010101000111101111010110
10001101110010101111101110010100
01110101010101000110101111100111
11011101110010101110101111000100
01110111010101100110101110100011
11010101110000101110101110000000
11110111010001111110101010000011
11010101110010110110001110010100
11110111010001101100100010001011
11110101111010100110001110000100
11011111010001111100000011011011
11100101111001100110011100010101
11001011010001110100010011011010
11100101111001110100011100010101
11001011111100110000010001111010
11100101111001010100010101011001
11001011111110110001010001111010
01100111101001010000010001011001
10001010111110110001010001111100
00100010101101011000010001001111
00001000111110101001010000111100
00111010101101011001010001000010
00001100001111101001010000111100
00111010101101011001110101000010
00000100001101101001010000111101
10110010100111011001100110000000
01010100001101101011110010111101
10110010100111111100100111000100
01010100011100101011110011111101
10110010100111111100100111000100
01010100011100101011110011111101
10110010100101111100100111010100
01000100011100101011110011111101
10110010100111111100100111010100
01010100011100101011110011111101
01110010000111001000101010000011
01010100001001111111111011010100
01010010010101111000110000000000
11000101011001111001110000011101
01010010000101001000100010000011
01010100001001111111111111010100
11100010100111001011101110010010
01010100000001010110101011010110
11100101111010110111001110010100
01111010110110000110001001111011
11100101111000110100010101011101
10001011111110100001000100101001
01110111000101111000010001000001
11000101011000111001010100001101
00110010100111011001110110000000
01000100001001111001110010011101
10110010100111011101100111000100
01010100011101101011110011111101
10110010110110111100000111010100
01001100111100101011110011111101
10110010110101111100100111010001
01000100011100111011110111111101
10110010100110111100100111010100
01010100101100101011110011111101
11110010110101111100100011010101
01000100111100111011110111111101
10011010110101001000100011001011
01110100011100010111111111111101
10011010100100001010100011011011
01110100001100000111101111110101
10011010100110111010100011011110
01110100100100000111101110100101
10011010100100111110100011001110
01110110100110000111101110100101
10011010110100111010101011000110
01110100100001111111101110000101
10011010110110101110101011000110
01110110000001101111101110000101
11010010110110101110101110000100
01110111010001101110101010010101
11010111110010101110101110000100
01110111010001100110101011010111
11010101110010100111001110000100
11110111010001101110101011011111
11110101111010100110001110010101
11011011010001111100011011011011
11100101111001110100011100010101
11001011110100110000010001111010
11100101111001110100010101011001
11001011111110110001010001111010
01100111111001010100010001011111
10001000111110111001010100111000
00111111101101011001010001000001
00001100011100101001010100101100
00110010100111011001110100000000
01000100001001101001010000111101
10110010100111011001100110000000
01010100001101101011110011111101
10110010100111111100100111010100
01001100011100101011110011111101
10110010100111111100100111000100
01000100011100101011110011111101
10110010100111111100100111000100
01010100011100101011110011111101
01110010000111001000101010000011
01010100001001111111111011010100
01010011010101111000110100000000
11000101001001111001110000011101
01011010110101001000100011001011
01010100011001111111111111011100
10011010100111001011101110000010
01110100000001011111101011010100
10100000101010100111001110110100
01111010100100000110101011110111
11100101111000110100010001011101
10001011110110100000000001101011
01110111111101111100010001000101
10001111111110111001010100101001
00110010000101011001110100000000
11000100001001111001010010011101
10110010100101011100100111000000
01000100011100101011110111111101
10110010100111111100100111000100
01010100001100101011110011111101
11110010110101111100100111010100
01000100011100101011110011111101
10110010100111111100100111000100
01010100011101101011110011111101
11110010110111111100100111000100
01011100011101101011110011111101
10111010110101111100100011011011
01000100111110010011110111111101
10011010100100111000100011011011
01100100101110010011100110111101
10011010100110111000100011011110
01110100101110010011101110111101
10011010100110111100100011011110
01010110101110001011100100111101
10011010100100111100100011001110
01000100101110010011100100111101
10011010100110011010100011001110
01110100101010011011101110010101
10011010100110001010100011001110
01110100101011001111101110010101
10011010100110101110101011001110
01110100100111000111101110110101
10011010100110101011101011000110
01110100000001101111101110010101
11010010110110101011101110000100
01110111000001101110101011010101
11010101110010100111001110010100
11110111010001100110101011011111
11100101111010100110011110010100
11011011110001110100001011011111
11100101111001110100010100011101
11001011111110110000010001111011
01100101111001110100010001011111
10001011111110110001010100101001
00110011101101011000010001000011
00001100011101101001010000101101
00110010100111011001110100000000
01010100001001101001010010111101
10110010100111111101100110000000
01010100011101101011110011111101
11110010110111111100000111010100
01000100011100101011110011111101
11110010110111111100100111010100
01010100011100101011110011111101
01110010000111001000101110000011
01010100001001111111111011010100
01010011010101111000110100000000
11000101001001111001110000011101
10011010110101001000100011011011
01010100011100010011111111111101
00011010000111001010100010011011
01110100001001011111101111010100
10001010100110001011101110110110
01110100000001000110101011010110
11100101111010110111011110010100
10111011110110000110001001111011
11100101111001110100010001011101
10001011111110110001010100101001
00110011000101011000010001000011
11001100011001111001010000001101
00110010100111011001110110000000
01010100001001101001010010111101
10110010100111111100100111000000
01010100011101101011110011111101
11110010110111111100100111000100
01010100011101101011110011111101
11110010110101111100100111010100
01010100011100101011110011111101
10110010110111111100100111010100
01010100011100101011110011111101
10110010100110111100000111010100
01010100101100101011110011111101
11110010110101111100100111000101
01001100011100101011110011111101
10110010100101111100100111000100
01010100011100101011110111111101
10110010100111111100100111000100
01010100011101101011110011111101
10110010110100111100100111010100
01000100111100101011110111111101
10111010100101111100100011011011
01000100101110110011110111111101
10011010100100111000100011011011
01000100101110010011100110111101
10011010100100111000100011011010
01110100101110010011101110111101
10011010100100011010100011011010
01110100101110010011101110111101
00011010100110001010100011001010
01110100001011011111101110010101
10011010100110101011101011000110
01110100000001001111101011010101
11010010110110101011101110000100
11110110000001101110101011010111
11100101111010100111001110010100
11011011010001100110101011011111
11100101111000110100011100011101
11001011110110110000010001111011
11100101111001110100010001011101
10001011111110110001010100101001
00110011101101011000010001000011
00001100011110111001010100101101
00110010100111011001110100000000
01000100001001101001010000111101
10110010100111011001100110000000
01010100001101101011110011111101
11110010110101111100100111000111
01000100011100101011110011111101
01110010000111001000101110000011
01010100001001111111111011010100
01010011010101111000110100000000
11000101001001111001110000011101
10111010100101101100100011011011
01000100011100111011110111111101
00011010100101001000100011001011
01110100001001111111111111010100
10011010100110001011101110010010
01110100000001000111101111010100
11000010101010100111001110110100
11111010100101000110101011010111
11100101111000110100011101010101
10001011110110100000000001111011
01110111111001111100010001001111
10001011111110111001010100101001
00110011100101011001010101000000
00000100001001111001010000101101
00110010100111011001110110000000
01010100001001101001110010111101
10110010100111111100100111010100
01010100011100101011110011111101
10110010100111111100100111010100
01010100101100101011110011111101
10110010100111111100100111000100
01000100011100101011110011111101
10110010100111111101100111000100
01010100011101101011110011111101
11110010110111111100100111010100
01010100011100101011110011111101
11110010100111111100100111010000
01010100111100101011110011111101
10110010100101111100100111010101
01000100011100101011110111111101
10110010100111111100100111000100
01010100001100101011110011111101
11110010100111111100100111000100
01010100011100101011110011111101
10110010100111111100100111010101
01010100101100101011110111111101
10110010100111111100100011010110
01000100101100101011110011111101
10111010100101111100100011011111
01000100101110110011110111111101
10011010100101001000100011011011
01110100101110010011101110111101
10011010100100001010100011011010
01110100001110010111101110110101
00011010100110001011101011000010
01110100000001101111101111010101
11010010100110101011101110000100
01110110000001001110101011010111
11100001111010100111001110010100
11011011100001100110101011011111
11100101111000110100011101010101
11001011110110110000010001111011
01100111111001110100010001001101
10001011111110110001010100101001
00110011101101011000010101000001
00000100011001111001010000101101
00110010100111011001110110000000
01010100001001101001110010011101
10110010110101111100000111010101
01000100111100100011110111111101
01110010000111001000100110000011
01010100001001111011111011010100
01010011010101111000110100000000
11000101011001111001110000011101
10110010100101111100100111010101
01000100011100101011110111111101
10011010110101001000100011011011
01110100011100010011111111111101
00011010100111001010100011001011
01110100001001011111101111010100
10000010100110001011101110000010
01110100000001000110101011010111
11100101111010110111001110010100
11011011110110000110101001111111
11100101111001110100010101011101
10001011111110110001010000101011
01110111111101011100010001001011
10001101111110111001010100101001
00110010101101011001010101000000
00000100001001101001010000111101
00110010100111011001110110000000
01010100001101101001110000111101
10110010100111011001100110000000
01010100001101101011110011111101
11110010110101111100000111010101
01001100111100100011110011111101
10110010100101111100100111000101
01000100011100101011110111111101
10110010100111111100100111000100
01010100001100101011110011111101
11110010110111101100100111000100
01010100011101101011110011111101
11110010110111111100100111010100
01010100011100101011110011111101
11110010110101111100100111010100
01000100011100101011110011111101
11110010110101111100100111000100
01010100011101101011110011111101
11110010110111101100100111000100
01010100011101101011110011111101
11110010110111111100000111010100
01011100011100101011110011111101
11110010110101111100000111010101
01001100111100101011110111111101
10111010100101111100100011011011
01000100111100110011110111111101
10011010100101111000100011011011
01000100101110010011100110111101
10011010100101001000100011011011
01110100001110010011101110111101
00011010100110001011101010000010
01110100000001001111101111010101
11010010100110001011101110000100
01110110000001001110101011010111
11100101111010100111001110010100
11011011110100000110101011111111
11100101111000110100010101011101
10001011111110110001000100101011
01110111111101111100010001000001
10001101111110111001010100101001
00110010000101011001110101000000
01000100001001111001010000011101
10110010100111011001100110000000
01010100001101101011110011111101
01110010000111001000100010000011
01010100001001111011111011010100
01010011010101111000110100000000
11000101011001111001110000011101
11110010110101111100000111010100
01000100111100101011110011111101
10111010110101111100100011011011
01000100111110110011110111111101
10011010100101001000100011011011
01110100001000010111101111011101
00011010100110001011101010000010
01110100000001001111101111010100
10000010100010100111101110010100
01110110000001000110101011010111
11100101111010110111011110010100
11011011110110100100001001011111
11100101111001110100010001011101
10001011111110110001010100111011
01110111101101011000010001001001
10001100111110111001010100101100
00111011101101011001010001000001
00000100011101101001010000111101
00110010100111011001110110000000
01010100001001101001110010111101
10110010100111111101100110000100
01010100011101101011110011111101
11110010110110111100000111010100
01000100111100101011110011111101
11110010110101111100100111010000
01000100011100111011110011111101
10110010100101111100100111010101
01010100011100101011110111111101
10110010100111111100100111000100
01000100011100101011110011111101
10110010100111111100100111000100
01010100001101101011110011111101
10110010100101111100100111010100
01010100011100101011110011111101
10110010100101111100100111010100
01010100011100101011110111111101
10110010100110111100100111000100
01010100011101101011110011111101
11110010110110111101100111000100
01010100011101101011110011111101
11110010110101111100100111010100
01000100011100101011110011111101
11110010110101111100100111010100
01000100011100101011110011111101
10111010110101101100100011011011
01000100111110010011110111111101
10011010100101001000100011011011
01110100001110010111101111010101
00011010100110001011101010000010
01110100000001001111101111010101
11000010100010000011101110110100
11110110000001000110101011010111
11100101111010110110011100010100
11001011110110100100001001111011
11100101111001110100010001011101
10001011111110110001010100101001
00110111000101011000010001000001
11000100011001111001010100101101
00010010100111011001110110000000
01010100001001101001110010011101
01110010000111001000101110000011
01010100001001111111111011010100
01010011010101111000110100000000
11000101001001111001110000011101
10110010100111111100100111000100
01010100011100101011110011111101
11110010100111111100100111010100
01011100011100101011110011111101
10111010110101001100100011011011
01000100011110010011110111111101
00011010100101001010100011001011
01110100001101010111101111010100
10011010100110001011101110000010
01110100000001001111101011010101
11000010110010100111101110000100
11110110000001100110101011010111
11100101111010110110011110010100
11001011110110100100001001111011
11100101111001110100010001011101
11001011111110110001010000111001
01100111101001010100010001011001
10001010111110111001010100101000
00111010101101011000010001000011
00001100001110101001010000111100
00111010100111011001110101000000
00000100001101101001010000111101
10110010100111011001100110000000
01010100001101101011110010111101
11110010110111101100100111000100
01010100011101101011110011111101
11110010110111101100100111000100
01010100011101101011110011111101
10110010110110111100000111010100
01000100111100101011110111111101
11110010100111111100100111010000
01000100011100111011110011111101
10110010100111111100100111010100
01011100011100101011110011111101
10110010100101111100100111010100
01000100011100101011110011111101
10110010100111111100100111010100
01000100011100101011110111111101
10110010100111111100100111010100
01010100001100101011110011111101
10110010100111111100100111000100
01010100001100101011110011111101
11110010100111111100100111000100
01011100011100101011110011111101
10110010100101111100100111000100
01000100011100101011110011111101
10011010100101001100100011011011
01000100111110010011110111111101
00011010100101001000100011011011
01110100001001010111101111010100
10011010100110001011101010000010
01110100000001001110101011010100
11100010111010100111001110110100
11111010100111000110101011111111
11100101111000110110011101011101
10001011110110100000000000101011
01110111110101111100010001000001
10001101111110111001010100101001
00110010000101011001110100000000
11000100001001111001010010011101
01110010000111001000101110000011
01010100001001111011111011010100
01010011010101111000110100000000
11000101011001111001110000011101
10110010100101111100100111000100
01000100011100101011110011111101
11110010100111001100100111000000
01010100011101101011110011111101
10110010110101111100100111011101
01000100111100100011110111111101
10011010100101001000100011011011
01100100101110010011111110111101
00011010100100001010100011001011
01110100001001011111101111010101
10011010100110001011101010000010
01110100000001001111101111010101
11010010110010100111101110000100
11110110000001001110101011010111
11100101111010100110011110010101
11001011110100110100001001011111
11100101111001110100010100010101
11001011111110110000010001111011
11100101111001010100010001011101
10001011111110110001010100111000
00100011101101011000010001001011
00001100111110111001010100111100
00110010101101011001010001000010
00000100001101101001010000111100
00110010101111011001110100000000
01000100001101101001010000111101
10110010100111011001100111000000
01010100001101101011110011111101
10110010100111111101100111000100
01010100001101101011110011111101
11110010110101111100100111000100
01010100011101101011110011111101
11110010110111111100100111000100
01010100011101101011110011111101
11110010110111111100100111010100
01010100011100101011110011111101
11110010110101111100100111010100
01000100011100101011110011111101
10110010100111111100100111010100
01000100011100101011110011111101
11110010100111111100100111000100
01010100011101101011110011111101
11110010110111111100100111000100
01010100011101101011110011111101
10110010110111111100100111010100
01000100011100101011110011111101
10110010110101111100100111010001
01000100111100111011110111111101
10011010100101001000100011011011
01010100011100010011111111111101
10011010000111001010100010011010
01010100001001011111101111010100
10001010101010000111101110110110
01110110000001000110101011010110
11100101111010110111011101010100
10101011110110100100100001101011
01110111111001110100010101000101
10001011111110101001000100101001
01110011000101111000010101000001
11000100011001111001010000001101
01110010000111001000101110000011
01010100001001111011111011010100
01010011010101111000110100000000
11000101001001111001110000011101
11110010110101111100000111010101
01001100011100101011110111111101
10110010100101101100100111000000
01010100011101101011110011111101
10110010100110111100100110010100
01010100111100101011110011111101
10110010110101111100100011011111
01000100111100110011110111111101
10011010100101001000100011011011
01100100101110010011111110111101
10011010100100001010100011011011
01110100001100010111101111110101
00011010100110001011101011000110
01110100000001101111101011010101
11010010110010101111101110000100
01110110000001001110101011010111
11100101111010100110001110010100
11011011010001110110101011011111
11100101111001110100011100010101
11001011110110110000010001111011
11100101111001110100010101011101
11001011111110110001010001111010
01100111101101010000010001011011
10001100111110111001010000111100
00100010101101011000010001001011
00001100001110101001010000111100
00110010101101011001010001001010
00001100001111101001010000111100
00110010101111011001110101000010
01000100001101101001010000111101
10110010100111011101100111000000
01000100001101101011110001111101
10110010100111011101100111000100
01010100001100101011110011111101
10110010100111111100100111010100
01010100001100101011110011111101
11110010100111111100100111010100
01011100101100101011110011111101
10110010100101111100100111000100
01001100011100101011110011111101
10110010100111111100100111000100
01010100011100101011110011111101
10110010100111111100100111010100
01010100011100101011110011111101
10110010100111111100100111010100
01011100001100101011110011111101
11110010100101111100100111010100
01001100011100101011110011111101
10111010100101001100100011011011
01000100111100110011110111111101
11010010000111001000100010011011
01010100001001011011111111010100
10101010101111001010101010111110
01110100000011000110101011010110
10101101111010110111011101010100
00101010110110000110101001101011
01110111110000110110010101000100
10001011111110101001000000101001
01010011000101111000010101000000
11000101011001111001110000001101
01110010000111001000100110000011
11010100001001111011111011010100
01010011010101111000110100000000
11000101001001111001110000011101
10110010100110111100100111010100
01010100011100101011110011111101
10110010110101111100100111010101
01000100011100101011110111111101
10110010100111111100100111000100
01010100011101101011110011111101
11110010110110111100100111010100
01010100011100101011110011111101
10110010110101111100100011011001
01000100111100110011110111111101
10011010100101001000100011011011
01100100101110010011101110111101
10011010100100001010100011011011
01110100101110010011101110110101
00011010100110001011101011000010
01110100000001101111101111010101
10011010100110101111101110000110
01110100000001101110101011010101
11010111110010100111001110000100
11110011010001100110101011010111
11100101111010100110011110010101
11011011110001110100001011011011
11100101111001110100011100010101
11001011111100110000010001111010
11100101111001010100010101011001
11001011111110110001010001111010
01100111101001010000010001011001
10001110111110111001010001111100
00100010101101011000010001001111
10001000101110101001010001111100
00100010101111011001010001001010
00001100101110101001010001111100
00100010101101011101010001001110
00001000001110101001010001111100
00110010101111011001110001000110
00001100001101101001010001111101
00110010101111011101110111000000
01011100001101101011010001111101
10110010100111011101000111000100
01001100011100101011110011111101
10110010100101111100100111000100
01000100011100101011110011111101
10110010100111111100100111000100
01010100011101101011110011111101
11110010100111001100100110010000
01011100001101101011110011111101
11110010111101111100000111000111
01001100011100100011110001111101
11110010101111000000110110011000
11011110101010011011110011011101
11110010001101001000100010111011
11010100001010111011011111010100
10101010101111001100101011001111
01110000001111000110001111010110
10101101101010110111001101010100
00100010110100000110100001101011
00010101110000110111010101000100
10001011111100101001100000101001
01010011010101111000010101000000
11001111011001111001110000001101
01110010000111001000100010000011
11010100001001111011111011010100
01010011010101111000110100000000
11000101001001111001110000011101
10110010100111111100100111000100
01010100011100101011110011111101
11110010100111111100100111000100
01010100011100101011110011111101
10110010100101111100100111010100
01000100011100101011110111111101
10110010100111111100100111000100
01010100001100101011110011111101
10110010100111111100100111000100
01010100011100101011110011111101
10110010100101111100100111010101
01000100111100101011110111111101
10011010100101111100100011011011
01000100101110010011110111111101
10011010100101001000100011011011
01110100101110010011101110111101
10011010100110001010100011001010
01110100001110000111101110110101
10011010100110101011101011000110
01110100000001001111101111010101
11010010110110101111101110000100
01110111000001101110101011010111
11010111110010100111001110000100
11111111010001101110101011011111
11110101111010100110001110010101
11011011010001110100001011011011
11100101111001100100011100010101
11001011010000110000010001011010
11100101111001110100010100011101
11001011111110110001010001111010
01100111111001010000010101011001
11001010111110111001010001111010
01100111101001010100010000011001
10001000111110110001010001111100
00100010101101010000010001011011
10001000101110111001010001111100
00100010101101011000010001011011
10001100101110111001010001111100
00100010101111011001010001001110
10001100101110101001010001111100
00100010101111011001010001001110
10001000101110101011010001111100
10100010101111011101010001011110
10001100101110101011010001111100
00100010101111011001110001001010
10011100101010101011010001011100
10100010101111010101010000011110
10001010101110000011010001111100
01100010101111001001110000100010
11011100001011111011011001011100
01100010101101001001101001000111
01011100011001100111011001010110
10101110101001001110101101011111
00110000011101000111001111110010
10001101100010110111011101010100
00100000110100000101100100101001
00010011100000110011010101000000
10000111101000101001100000101101
01010011010100111000010111000000
11001111011001111001110000011101
01110010000111001000100010000011
11010100001001111011111111010100
01010011010101111000110100000000
11000101001001111001110000011101
10110010100111111100100111010100
01010100011100101011110011111101
10110010100111111100100111010100
01010100011100101011110011111101
10110010100111111100100111010100
01010100011100101011110011111101
10110010100111111100100111010100
01010100011100101011110011111101
10110010100111111100100111010100
01010100011100101011110011111101
10110010100111111100100111010100
01010100011100101011110011111101
10110010100111111100100111010100
01010100011100101011110011111101
10111010100101111100100011011011
01000100111110010011110111111101
10011010100101001000100011011011
01110100101110010011101110111101
10011010100100001010100011011010
01110100101110010111101110110101
10011010100110101010100011001110
01110100000101000111101110010101
10011010100110101011101010000110
01110100000001001111101110010101
11010010110110101111101110000100
01110111000001101110101011010101
11010111110010101111101110000100
11110111010001100110101011010111
11110101110010100111001110000100
11011111010001101110101011011111
11110101111000100110001110010101
11001011010101110100010011011011
11100101111011100110011100010001
11001011010001111000010011011010
11100101111001110100011100010001
11001011011100110000010001011010
11100101111001010100011100010001
11001011011100110001010001111010
01100111111001010000011100010001
11001000011110111001010001111010
01100110101111010001011100010001
11001000011110101001010001111110
01100110101111010001011100010001
11001000011110101001010001111110
01100110101111001001011100010001
11001000011101101001010001011110
01100110101111001001011100000001
11011000011101101011010001011110
01100110111101001001011101000011
01011001011101100111011001011110
01101111111101001010101101010011
01110001011101000111011111110010
10001101100000110010001111011101
00100001111100000101100110100011
10011101100010110010010110010100
00100111100100101001100110101001
11010011110000110010010111000000
11000111101010111001100000001101
01010010110100111100110011000011
11001111001011111001110000011101
01110010000111001000101010000011
01010100001001111111111011010100
01010011010101111000110100000000
11000101001001111001110000011101
10110010100111111100100111010100
01010100011100101011110011111101
10110010100111111100100111010100
01010100011100101011110011111101
10110010100111111100100111010100
01010100011100101011110011111101
10110010100111111100100111010100
01010100011100101011110011111101
10110010100111111100100111010100
01010100011100101011110011111101
10110010100111111100100111010100
01010100011100101011110011111101
10110010100111111100100111000100
01010100011100101011110011111101
10110010100111111100100111010100
01010100011100101011110011111101
10110010100101111100100011011001
01000100101100111011110111111101
10011010100101111100100011011011
01000100101110010011110111111101
10011010100100011000100011011011
01100100101110010011100110111101
10011010100100001010100011001010
01110100101110010011101110110101
10011010100110001010100011001110
01110100000101000111101110110101
10011010100110101010101011001110
01110100000101000111101110100101
10011010110110101011101111000110
01110100000001101111101110000101
11011010110010101111101111000100
01110111010001100110101110000101
11010111110010101111101110000100
11110111010001101110101010010111
11010111110010101111001110000100
11110111010001101110101011010111
11010101110000101110001110000101
11110111010001100110101011111011
11110101110000100110001110010001
11111111010101110100100011111011
11110101111000100110001110010001
11001111010101110100010011111011
11110101111001100110001110010001
01001101010101110100010011111010
01110101111001101110001111000001
01001101010101100100010011111010
01110101110001101010001111000001
01110101010101100100010011101010
11011101110000101010001111010001
01100101010101100111100110101011
10011101110000111010001111010001
01100101110100000101100110101001
10011101110000110010000111011000
01100111110100010001100110101001
10010011110000110010010011010000
11000110100010111001100110001101
01010010110100111100010011000100
11001110101011111001100000011101
11110010110101101100100111000111
11001110011011111001110000011101
01110010000111001000101010000011
01010100001001111111111111010100
01010011010101111000110100000000
11000101001001111001110000011101
10110010100111111100100111010100
01010100011100101011110011111101
10110010100111111100100111010100
01010100011100101011110011111101
10110010100111111100100111010100
01010100011100101011110011111101
10110010100111111100100111010100
01010100011100101011110011111101
10110010100111111100100111010100
01010100011100101011110011111101
10110010100111111100100111010100
01010100011100101011110011111101
10110010100111111100100111010100
01010100011100101011110011111101
10110010100111111100100111000100
01010100011100101011110011111101
11110010110111101100100111000100
01010100011101101011110011111101
11110010110111111100000111010100
01011100111100101011110011111101
10110010110101111100100111010101
01000100011100101011110111111101
10011010100101111100100011011011
01000100101110010011110111111101
10011010100100111000100011011011
01100100101110010011100110111101
10011010100100111000100011011010
01110100101110010011101110111101
10011010100100011010100011001110
01110100101110010011101110010101
10011010100110111010100011001110
01110100100110000111101110110101
10011010100110101010100011001110
01110100100011001111101110010101
10011010100110101010101011001110
01110100100001001111101110100101
10011010110110111110101011000110
01110100100001001111101110000101
10011010110110111110101011000100
01110111100001101111101110000101
10011011110000101110101111000100
01110111010001101110101110000101
10011011110000101110101111000100
01110111010001101110101110100101
10011111110000111110101111010100
01110111110100110111100110101101
10011111110000111110100011011100
01100111110100110111100110101101
10011011110000111010100011011000
01100111100100011011100110101101
10011011100000110010100011011100
11100110100010011001100110101101
10011010100010110110010011001100
11000110100010111001100100001101
01010010100100111101110011000110
11001110101011111001100000011101
11010010110100101101110011000110
11001110011011101001110000011101
11110010110101001100100111000111
01010100011101101011110011111101
01110010000111001000101110010011
01010100001001111111111011010100
01010011010101111000110100000000
11000101001001111001110000011101
10110010100111111100100111010100
01010100011100101011110011111101
10110010100111111100100111010100
01010100011100101011110011111101
10110010100111111100100111010100
01010100011100101011110011111101
10110010100111111100100111010100
01010100011100101011110011111101
10110010100111111100100111010100
01010100011100101011110011111101
10110010100111111100100111010100
01010100011100101011110011111101
10110010100111111100100111010100
01010100011100101011110011111101
10110010110101111100100111000101
01000100011100101011110011111101
10110010100101111100100111000100
01010100011100101011110011111101
10110010100110111100100111000100
01010100011101101011110011111101
11110010110110111100100111010100
01000100011100101011110011111101
11110010110101111100100111010100
01000100011100101011110011111101
11110010100111111100100111010100
01010100011100101011110011111101
11110010100101101100100111010101
01010100011100101011110011111101
10111010100101111100100011011011
01000100111110010011110111111101
10011010100100111000100011011010
01000100101110010011100110111101
10011010100100111000100011011010
01100100101110010011100110111101
10011010100100111000100011011110
01110100101110010011101110111101
10011010100110111000100011011110
01110100101110011011101110011101
10011010100110111010100011001110
01110100101110001011101100011101
10011010100110111110100011001110
01110100101110001011101110111101
10011010100110111110100011001110
01110100101010001011101110010101
10011010100110111110100011001110
01110110100010001011101110011101
10011010100110111110100011001110
11100110100110001011100100101101
10011010100110111110110011001110
11000110101010111011100100011101
10010010100110111101110011001110
11010110101010101011100000011101
11010010100110111101110011000110
11011110101011101011100000011101
11110010110100011101100011000110
01001110011111101011110000111101
11110010100101011101100111000100
01000100011101101011110011111101
10110010100101111100100111010000
01000100111100101011110111111101
01110010000111001000100010000011
01010100001001111111111011010100
01010011010101111000110100000000
11000101001001111001110000011101
10110010100111111100100111010100
01010100011100101011110011111101
10110010100111111100100111010100
01010100011100101011110011111101
10110010100111111100100111010100
01010100011100101011110011111101
10110010100111111100100111010100
01010100011100101011110011111101
10110010100111111100100111010100
01010100011100101011110011111101
10110010100111111100100111010100
01010100011100101011110011111101
11110010100111101100100111000100
01010100011101101011110011111101
10110010110111111100100111010100
01010100011100101011110011111101
10110010110101111100100111010101
01000100011100101011110111111101
10110010100111111100100111010100
01010100011100101011110011111101
10110010100111111100100111000100
01010100011100101011110011111101
11110010110101111100100111000100
01010100011100101011110011111101
11110010100111111100100111000100
01010100011101101011110011111101
10110010110111111100100111010100
01010100011100101011110011111101
10110010100110111100100111010100
01010100111100101011110011111101
11110010110101111100100111000100
01001100011100101011110011111101
10110010100111111100100111000100
01010100011100101011110011111101
10110010100111111100100111010100
01010100011100101011110011111101
10110010100101001100100111010101
01010100001100101011110111111101
10111010100101111100100011011110
01010100101100100011110111111101
10011010100100111100100011011110
01000100101110100011110111111101
10011010100100111100100011011110
01000100101110111011100110111101
10011010100110011100100011000110
01010100101110101011100110111101
10010010100110111101100011000100
01010110101110101011100010111101
11110010110110111101100111000100
01011110001001101011110000011101
11110010110101101101100111000100
01011100011101101011110011111101
11110010110110101101100111000100
01010100011101101011110011111101
11110010110100111100000111010101
01000100011100101011110011111101
11110010110101111100000111010001
01000100111100111011110111111101
11110010100111111100100111010000
01011100101100111011110011111101
01110010000111001000100010000011
01010100001001111111111111010100
01010011010101111000110100000000
11000101001001111001110000011101
10110010100111111100100111010100
01010100011100101011110011111101
10110010100111111100100111010100
01010100011100101011110011111101
10110010100111111100100111010100
01010100011100101011110011111101
10110010100111111100100111010100
01010100011100101011110011111101
10110010100111111100100111010100
01010100011100101011110011111101
10110010100111111100100111010100
01010100011100101011110011111101
10110010100101111100100111010100
01000100011100101011110111111101
10110010100111111100100111000100
01010100001100101011110011111101
11110010100111111100100111000100
01010100011100101011110011111101
10110010100111111100100111000100
01000100011100101011110011111101
10110010100111111100100111000100
01010100011100101011110011111101
10110010100111111100100111010100
01010100011100101011110011111101
10110010100111111100100111010100
01010100011100101011110011111101
10110010100111111100100111010100
01010100101100101011110011111101
10110010100111111100100111000100
01011100011100101011110011111101
11110010100111111100100111000100
01011100011100101011110011111101
10110010100111111100100111010100
01011100011100101011110011111101
11110010100111111100100111000100
01011100011100101011110011111101
10110010100101111100100111000100
01010100011101101011110011111101
10110010100111111100100111000100
01010100011101101011110011111101
11110010110110111100000111000100
01010100011100101011110011111101
11110010110101111100100111010100
01000100011100101011110011111101
10110010110101111100100111010001
01000100111100111011110111111101
10110010100111111100100111010100
01010100001100101011110011111101
11110010110101111100100111000100
01000100011100101011110011111101
10110010100101111100100111010100
01000100111100101011110111111101
10110010100110111100100111010100
01010100101100101011110111111101
10110010100110111100100111000100
01010100001100101011110011111101
11110010100111111100100111000100
01010100011101101011110011111101
11110010110111001101100111000100
01010100011101101011110011111101
01110010000111001000101110011011
01010100001001111111111111010100
01110010011101011000010001001011
11001110101010111001010000011101
00100010101111010101010001111111
10001000101110101011010001011100
00100010101111010101010001111111
10001000101110101011010001011100
00100010101111010101010001111111
10001000101110101011010001011100
00100010101111010101010001111111
10001000101110101011010001011100
00100010101111010101010001111111
10001000101110101011010001011100
00100010101111010101010001111111
10001000101110101011010001011100
00100010101111010101010001111111
10001000101110101011010001011100
00100010101111010101010001111111
10001000101110101011010001011100
00100010101111010101010001111111
10001000101110101011010001011100
00100010101111010101010001111111
10001000101110100011010001011100
00100010101111010101010001111111
10001000101110101011010001011100
00100010101111010101010001111111
10001000101110101011010001011100
00100010101111010101010001101111
10001000101110101011010001011100
00100010101111010101010001101111
10001000101110101011010001011100
00100010101111010101010001111111
10001000101110100011010001111100
00100010101111010101010001111111
10001000101110101011010001011100
00100010101111010101010001111111
10001000101110101011010001011100
00100010101111010101010001111111
10001000101110100011010001011100
00100010101111010101010001111111
10001000101110100011010001011100
00100010101111010101010001111111
10001000101110101011010001011100
00100010101111010101010001111110
10001000101110101011010001011100
00100010101111010101010001111110
10001000101110101011010001011100
00100010101111010101010001111111
10001000101110101011010001011100
00100010101111010101010001101111
10001000101110101011010001011100
00100010101111010101010001111111
10001000101110100011010001011100
00100010101111010101010001111111
10001000101110101011010001011100
00100010101111010101010001111111
10001000101110101011010001011100
00100010101111010101010001111111
10001000101110101011010001011100
00100010101111010101010001111111
10001000101110100011010001011100
00100010101111010101010001111111
10001000101110100011010001011100
00111010101101001001101001000011
01010100001011111111011001010100
