00000000000000000001001000110100
00000000000000000001001000110101
00000000000000000001001001010001
00000000000000000001001000110010
00000000000000000001001001011101
00000000000000000001001000101001
00000000000000000001001000111001
00000000000000000001001000101100
00000000000000000001001000101000
00000000000000000001001000111001
00000000000000000001001000110010
00000000000000000001001001011010
00000000000000000001001001101000
00000000000000000001001000101100
00000000000000000001001000101111
00000000000000000001001001000011
00000000000000000001001001001011
00000000000000000001001001011110
00000000000000000001001000111011
00000000000000000001001000101001
00000000000000000001001001110001
00000000000000000001001001010110
00000000000000000001001001000100
00000000000000000001001001000010
00000000000000000001001001001101
00000000000000000001001001001111
00000000000000000001001000011010
00000000000000000001001000101111
00000000000000000001001001011000
00000000000000000001001001011110
00000000000000000001001000010110
00000000000000000001001001011000
00000000000000000001001000110110
00000000000000000001001001101001
00000000000000000001001000111111
00000000000000000001001001001000
00000000000000000001001000011010
00000000000000000001001001011010
00000000000000000001001001010011
00000000000000000001001000110010
00000000000000000001001001010000
00000000000000000001001000110110
00000000000000000001001000010111
00000000000000000001001000111001
00000000000000000001001000101110
00000000000000000001001001011110
00000000000000000001001000110101
00000000000000000001001000110011
00000000000000000001001001000111
00000000000000000001001000101001
00000000000000000001001000110010
00000000000000000001001001000011
00000000000000000001001001001111
00000000000000000001001001010010
00000000000000000001001000101011
00000000000000000001001001000010
00000000000000000001001001001100
00000000000000000001001001011101
00000000000000000001001000111011
00000000000000000001001001001100
00000000000000000001001000111001
00000000000000000001001000101111
00000000000000000001001001011110
00000000000000000001001000111101
00000000000000000001001000101011
00000000000000000001001000100100
00000000000000000001001001010000
00000000000000000001001000111011
00000000000000000001001000111001
00000000000000000001001001011000
00000000000000000001001000011100
00000000000000000001001000101011
00000000000000000001001000110110
00000000000000000001001001010011
00000000000000000001001000101011
00000000000000000001001001000011
00000000000000000001001000101100
00000000000000000001001000110100
00000000000000000001001001000001
00000000000000000001001000011111
00000000000000000001001001010001
00000000000000000001001000110111
00000000000000000001001001010011
00000000000000000001001000011010
00000000000000000001001000101110
00000000000000000001001000111100
00000000000000000001001000011111
00000000000000000001001001000100
00000000000000000001001000101001
00000000000000000001001000101111
00000000000000000001001001000010
00000000000000000001001001010000
00000000000000000001001000101001
00000000000000000001001000100111
00000000000000000001001000101101
00000000000000000001001000011111
00000000000000000001001001010111
00000000000000000001001000100001
00000000000000000001001001010111
00000000000000000001001000101000
00000000000000000001001000111101
00000000000000000001001001100001
00000000000000000001001001010000
00000000000000000001001000011101
00000000000000000001001000101110
00000000000000000001001000111101
00000000000000000001001000101001
00000000000000000001001001011001
00000000000000000001001000101100
00000000000000000001001000111110
00000000000000000001001001011100
00000000000000000001001000001110
00000000000000000001001000101000
00000000000000000001001000111001
00000000000000000001001001010110
00000000000000000001001000010111
00000000000000000001001000110000
00000000000000000001001001001111
00000000000000000001001000101110
00000000000000000001001001000000
00000000000000000001001000110101
00000000000000000001001000110000
00000000000000000001001000100001
00000000000000000001001001100111
00000000000000000001001000001111
00000000000000000001001000010111
00000000000000000001001000001001
00000000000000000001001000111000
00000000000000000001001001001011
00000000000000000001001000100000
00000000000000000001001000110010
00000000000000000001001000010111
00000000000000000001001000101011
00000000000000000001001001000000
00000000000000000001001001000000
00000000000000000001001000100111
00000000000000000001001000110000
00000000000000000001001000100101
00000000000000000001001001001010
00000000000000000001001000110001
00000000000000000001001001100001
00000000000000000001001000100000
00000000000000000001001000111011
00000000000000000001001001000000
00000000000000000001001001001000
00000000000000000001001000111110
00000000000000000001001001011110
00000000000000000001001000110001
00000000000000000001001000011001
00000000000000000001001000101010
00000000000000000001001001000110
00000000000000000001001000110000
00000000000000000001001000110110
00000000000000000001001000111001
00000000000000000001001000111111
00000000000000000001001001000101
00000000000000000001001001001110
00000000000000000001001000101000
00000000000000000001001000110111
00000000000000000001001001010110
00000000000000000001001000101101
00000000000000000001001001011101
00000000000000000001001000101011
00000000000000000001001001001001
00000000000000000001001000111101
00000000000000000001001001011110
00000000000000000001001000110110
00000000000000000001001001000001
00000000000000000001001001000010
00000000000000000001001000011111
00000000000000000001001000111011
00000000000000000001001001000110
00000000000000000001001010001000
00000000000000000001001001011001
00000000000000000001001000100101
00000000000000000001001001010000
00000000000000000001001000111011
00000000000000000001001001010001
00000000000000000001001001110000
00000000000000000001001001001110
00000000000000000001001000101010
00000000000000000001001000111100
00000000000000000001001001000001
00000000000000000001001001000011
00000000000000000001001000101011
00000000000000000001001001001101
00000000000000000001001001010000
00000000000000000001001001000011
00000000000000000001001000100111
00000000000000000001001000111000
00000000000000000001001001011101
00000000000000000001001000101010
00000000000000000001001001011010
00000000000000000001001000111111
00000000000000000001001001010011
00000000000000000001001001000111
00000000000000000001001000111011
00000000000000000001001000100011
00000000000000000001001000101100
00000000000000000001001001000111
00000000000000000001001001010001
00000000000000000001001000110101
00000000000000000001001000110101
00000000000000000001001001011011
00000000000000000001001001001011
00000000000000000001001000101001
00000000000000000001001000111110
00000000000000000001001000101101
00000000000000000001001001000101
00000000000000000001001000111001
00000000000000000001001000101100
00000000000000000001001001011100
00000000000000000001001001011000
00000000000000000001001000111111
00000000000000000001001000111001
00000000000000000001001001011101
00000000000000000001001000111000
00000000000000000001001000110101
00000000000000000001001001010000
00000000000000000001001000110101
00000000000000000001001001010100
00000000000000000001001001001010
00000000000000000001001000101010
00000000000000000001001000100001
00000000000000000001001000110100
00000000000000000001001000100111
00000000000000000001001001001101
00000000000000000001001001000101
00000000000000000001001000101001
00000000000000000001001000100010
00000000000000000001001000110110
00000000000000000001001000111100
00000000000000000001001000111000
00000000000000000001001001000110
00000000000000000001001000110011
00000000000000000001001000011011
00000000000000000001001001010111
00000000000000000001001001011101
00000000000000000001001001011110
00000000000000000001001000110111
00000000000000000001001000111010
00000000000000000001001000101010
00000000000000000001001001010000
00000000000000000001001000110001
00000000000000000001001001000100
00000000000000000001001000111111
00000000000000000001001000110011
00000000000000000001001000111101
00000000000000000001001000100101
00000000000000000001001000111010
00000000000000000001001000101110
00000000000000000001001001001000
00000000000000000001001001001001
00000000000000000001001000111110
00000000000000000001001001000110
00000000000000000001001001000111
