00000000000000000001000100001111
00000000000000000001000100010111
00000000000000000001000101000110
00000000000000000001000100011011
00000000000000000001000100011001
00000000000000000001000100011101
00000000000000000001000100011011
00000000000000000001000100101110
00000000000000000001000100000000
00000000000000000001000100101101
00000000000000000001000100011011
00000000000000000001000100011001
00000000000000000001000100011101
00000000000000000001000100001101
00000000000000000001000100011110
00000000000000000001000100100011
00000000000000000001000100011001
00000000000000000001000100011000
00000000000000000001000100011011
00000000000000000001000100101101
00000000000000000001000100101011
00000000000000000001000100011000
00000000000000000001000100101001
00000000000000000001000100100011
00000000000000000001000100100101
00000000000000000001000100001001
00000000000000000001000100110100
00000000000000000001000100011011
00000000000000000001000100100110
00000000000000000001000100101001
00000000000000000001000100100101
00000000000000000001000100101011
00000000000000000001000100101111
00000000000000000001000100011000
00000000000000000001000100011101
00000000000000000001000100010101
00000000000000000001000100001001
00000000000000000001000100010100
00000000000000000001000100101001
00000000000000000001000100100010
00000000000000000001000100101000
00000000000000000001000100000000
00000000000000000001000100100110
00000000000000000001000100011111
00000000000000000001000100011011
00000000000000000001000100010010
00000000000000000001000100010110
00000000000000000001000100011010
00000000000000000001000100010110
00000000000000000001000100100001
00000000000000000001000100001001
00000000000000000001000100010000
00000000000000000001000100101110
00000000000000000001000100110101
00000000000000000001000100011001
00000000000000000001000100011010
00000000000000000001000100101111
00000000000000000001000100101000
00000000000000000001000100011111
00000000000000000001000100011100
00000000000000000001000100100000
00000000000000000001000100001010
00000000000000000001000100010101
00000000000000000001000100011001
