00000000000000000001000100101001
00000000000000000001000100100111
00000000000000000001000100100110
00000000000000000001000100010110
00000000000000000001000100111011
00000000000000000001000100011100
00000000000000000001000100000010
00000000000000000001000100100011
00000000000000000001000100010101
00000000000000000001000100100101
00000000000000000001000100011011
00000000000000000001000100101001
00000000000000000001000100100101
00000000000000000001000100101011
00000000000000000001000100010111
00000000000000000001000100010101
00000000000000000001000100011110
00000000000000000001000100001010
00000000000000000001000100100101
00000000000000000001000100010000
00000000000000000001000100100011
00000000000000000001000100011110
00000000000000000001000100100111
00000000000000000001000100011001
00000000000000000001000100010001
00000000000000000001000100011111
00000000000000000001000100101000
00000000000000000000111111111111
00000000000000000001000100101001
00000000000000000001000100111010
00000000000000000001000100100101
00000000000000000001000100011100
00000000000000000001000100011101
00000000000000000001000100111001
00000000000000000001000100101100
00000000000000000001000100011000
00000000000000000001000100011110
00000000000000000001000100101001
00000000000000000001000100101110
00000000000000000001000100011000
00000000000000000001000100011000
00000000000000000001000100101000
00000000000000000001000100010011
00000000000000000000000100100011
00000000000000000001000100010010
00000000000000000001000100100101
00000000000000000001000100101000
00000000000000000001000100110011
00000000000000000001000100100001
00000000000000000001000100011010
00000000000000000001000100101000
00000000000000000001000100011111
00000000000000000001000100011010
00000000000000000001000100110011
00000000000000000001000100100101
00000000000000000001000100011000
00000000000000000001000100100100
00000000000000000001000100100100
00000000000000000001000100100010
00000000000000000001000000000000
00000000000000000001000100010000
00000000000000000001000100111100
00000000000000000001000100011010
00000000000000000001000100011101
