00000000000000000001010001110010
00000000000000000001010001110000
00000000000000000001010010010000
00000000000000000001010001101111
00000000000000000001010001101100
00000000000000000001010001110011
00000000000000000001010001110110
00000000000000000001010010000001
00000000000000000001010001100101
00000000000000000001010010100100
00000000000000000001010001101010
00000000000000000001010001110110
00000000000000000001010010101111
00000000000000000001010001110100
00000000000000000001010010001100
00000000000000000001010001100011
00000000000000000001010000111110
00000000000000000001010010110101
00000000000000000001010001011100
00000000000000000001010001111101
00000000000000000001010010000011
00000000000000000001010001111110
00000000000000000001010001011110
00000000000000000001010001110011
00000000000000000001010001111000
00000000000000000001010001001111
00000000000000000001010010001010
00000000000000000001010001011111
00000000000000000001010001011000
00000000000000000001010001110000
00000000000000000001010001101000
00000000000000000001010010010100
00000000000000000001010001001111
00000000000000000001010001100101
00000000000000000001010001011010
00000000000000000001010001110011
00000000000000000001010001101111
00000000000000000001010001110001
00000000000000000001010001111010
00000000000000000001010001111100
00000000000000000001010000111100
00000000000000000001010010010000
00000000000000000001010001110010
00000000000000000001010001011000
00000000000000000001010001111101
00000000000000000001010001101111
00000000000000000001010001100010
00000000000000000001010010000001
00000000000000000001010010010110
00000000000000000001010010000111
00000000000000000001010001111101
00000000000000000001010001100110
00000000000000000001010001110111
00000000000000000001010001110010
00000000000000000001010001100100
00000000000000000001010010000111
00000000000000000001010010000101
00000000000000000001010010010110
00000000000000000001010010001101
00000000000000000001010001100110
00000000000000000001010010010101
00000000000000000001010001110011
00000000000000000001010001011111
00000000000000000001010010000000
00000000000000000001010001101011
00000000000000000001010010000101
00000000000000000001010010000011
00000000000000000001010001011001
00000000000000000001010001101110
00000000000000000001010001011010
00000000000000000001010001111011
00000000000000000001010010010111
00000000000000000001010001111110
00000000000000000001010001101110
00000000000000000001010000111001
00000000000000000001010010000111
00000000000000000001010001100111
00000000000000000001010010001000
00000000000000000001010001011100
00000000000000000001010010101111
00000000000000000001010010001000
00000000000000000001010001100110
00000000000000000001010010001010
00000000000000000001010001111010
00000000000000000001010001101110
00000000000000000001010010010111
00000000000000000001010010001001
00000000000000000001010010001011
00000000000000000001010001100101
00000000000000000001010001111110
00000000000000000001010001110111
00000000000000000001010001111110
00000000000000000001010010001000
00000000000000000001010010011011
00000000000000000001010001101110
00000000000000000001010001110110
00000000000000000001010001100110
00000000000000000001010001000000
00000000000000000001010010010000
00000000000000000001010001011011
00000000000000000001010001101011
00000000000000000001010010000001
00000000000000000001010010001011
00000000000000000001010010001111
00000000000000000001010001011110
00000000000000000001010001101110
00000000000000000001010010001010
00000000000000000001010010000000
00000000000000000001010010000101
00000000000000000001010010010101
00000000000000000001010010001110
00000000000000000001010001010100
00000000000000000001010010000100
00000000000000000001010001100111
00000000000000000001010010000111
00000000000000000001010001110010
00000000000000000001010001111111
00000000000000000001010001110000
00000000000000000001010010010000
00000000000000000001010001110011
00000000000000000001010001111001
00000000000000000001010001110100
00000000000000000001010001101110
00000000000000000001010001101011
00000000000000000001010001100001
00000000000000000001010010000011
00000000000000000001010010010101
00000000000000000001010001011011
00000000000000000001010001110000
00000000000000000001010001101101
00000000000000000001010010000010
00000000000000000001010010001010
00000000000000000001010001101101
00000000000000000001010001100101
00000000000000000001010001111001
00000000000000000001010001011110
00000000000000000001010001110110
00000000000000000001010010000001
00000000000000000001010010001000
00000000000000000001010001101011
00000000000000000001010001010101
00000000000000000001010001111000
00000000000000000001010001111010
00000000000000000001010001110000
00000000000000000001010001111100
00000000000000000001010001000010
00000000000000000001010010001011
00000000000000000001010010000000
00000000000000000001010000111010
00000000000000000001010010001111
00000000000000000001010010010001
00000000000000000001010010000100
00000000000000000001010010000101
00000000000000000001010001110011
00000000000000000001010001110101
00000000000000000001010010100011
00000000000000000001010010110001
00000000000000000001010010010100
00000000000000000001010001101101
00000000000000000001010001110101
00000000000000000001010001110110
00000000000000000001010001101111
00000000000000000001010010000011
00000000000000000001010001110010
00000000000000000001010010000110
00000000000000000001010010000001
00000000000000000001010000111101
00000000000000000001010010001010
00000000000000000001010001010110
00000000000000000001010001100000
00000000000000000001010010001111
00000000000000000001010010010010
00000000000000000001010001111001
00000000000000000001010001101111
00000000000000000001010010100111
00000000000000000001010010101100
00000000000000000001010010011100
00000000000000000001010010000010
00000000000000000001010001100111
00000000000000000001010001111110
00000000000000000001010001100000
00000000000000000001010001110100
00000000000000000001010010010010
00000000000000000001010001110101
00000000000000000001010010000100
00000000000000000001010010000000
00000000000000000001010001101101
00000000000000000001010001101100
00000000000000000001010010000001
00000000000000000001010001111111
00000000000000000001010001111111
00000000000000000001010001111011
00000000000000000001010001111010
00000000000000000001010001110010
00000000000000000001010010001000
00000000000000000001010001101000
00000000000000000001010001100001
00000000000000000001010001010000
00000000000000000001010001110011
00000000000000000001010010000010
00000000000000000001010010010000
00000000000000000001010001101110
00000000000000000001010001111100
00000000000000000001010001011010
00000000000000000001010001101101
00000000000000000001010001101010
00000000000000000001010010000100
00000000000000000001010001101101
00000000000000000001010010000001
00000000000000000001010010001110
00000000000000000001010001111000
00000000000000000001010001111110
00000000000000000001010001101101
00000000000000000001010001100001
00000000000000000001010001100010
00000000000000000001010010001010
00000000000000000001010010100010
00000000000000000001010010001001
00000000000000000001010001011000
00000000000000000001010010010100
00000000000000000001010010000000
00000000000000000001010010110001
00000000000000000001010001111000
00000000000000000001010001110100
00000000000000000001010010001101
00000000000000000001010010000000
00000000000000000001010001111100
00000000000000000001010001100100
00000000000000000001010010100100
00000000000000000001010001110001
00000000000000000001010010001100
00000000000000000001010010001011
00000000000000000001010010010111
00000000000000000001010001111010
00000000000000000001010010010111
00000000000000000001010010100111
00000000000000000001010001110101
00000000000000000001010001010110
00000000000000000001010010000111
00000000000000000001010001101111
00000000000000000001010001101010
00000000000000000001010001110110
00000000000000000001010001101100
00000000000000000001010000100001
00000000000000000001010001110011
00000000000000000001010010001110
00000000000000000001010010000101
00000000000000000001010001101101
00000000000000000001010010011100
00000000000000000001010010011000
00000000000000000001010001010100
00000000000000000001010010001110
00000000000000000001010001111101
00000000000000000001010001011000
00000000000000000001010001111000
00000000000000000001010001100111
