00000000000000000001010011100110
00000000000000000001010011001010
00000000000000000001010010110001
00000000000000000001010010111100
00000000000000000001010010111111
00000000000000000001010010100100
00000000000000000001010010010100
00000000000000000001010010101111
00000000000000000001010010110101
00000000000000000001010011110011
00000000000000000001010010100111
00000000000000000001010011011011
00000000000000000001010010110100
00000000000000000001010010001101
00000000000000000001010010101111
00000000000000000001010010011111
00000000000000000001010011001110
00000000000000000001010010111100
00000000000000000001010010111110
00000000000000000001010011000000
00000000000000000001010011000011
00000000000000000001010011000010
00000000000000000001010011000110
00000000000000000001010010110001
00000000000000000001010011011001
00000000000000000001010010110011
00000000000000000001010010111101
00000000000000000001010011000111
00000000000000000001010011011000
00000000000000000001010010011001
00000000000000000001010010111000
00000000000000000001010011100011
00000000000000000001010011001100
00000000000000000001010011001011
00000000000000000001010011010110
00000000000000000001010011010100
00000000000000000001010011000011
00000000000000000001010010100000
00000000000000000001010010110010
00000000000000000001010010101101
00000000000000000001010010101011
00000000000000000001010010101010
00000000000000000001010011000010
00000000000000000001001010000111
00000000000000000001010001111111
00000000000000000001010010111010
00000000000000000001010010100110
00000000000000000001010010100001
00000000000000000001010010111111
00000000000000000001010010101111
00000000000000000001010011001101
00000000000000000001010011100110
00000000000000000001010010110110
00000000000000000001010010110101
00000000000000000001010010110011
00000000000000000001010010111111
00000000000000000001010010110110
00000000000000000001010011010011
00000000000000000001010010111011
00000000000000000001010011001110
00000000000000000001010010110001
00000000000000000001010010100100
00000000000000000001010011000101
00000000000000000001010010110010
00000000000000000001010010101011
00000000000000000001010010111001
00000000000000000001010010111001
00000000000000000001010010101100
00000000000000000001010010010111
00000000000000000001010010100111
00000000000000000001010010101011
00000000000000000001010010101101
00000000000000000001010010101011
00000000000000000001010010010011
00000000000000000001010010011101
00000000000000000001010010101011
00000000000000000001010010101010
00000000000000000001010001111000
00000000000000000001010011110100
00000000000000000001010010111100
00000000000000000001010011011011
00000000000000000001010011001010
00000000000000000001010011011000
00000000000000000001010010001111
00000000000000000001010010110001
00000000000000000001010011101111
00000000000000000001010010001110
00000000000000000001010011001110
00000000000000000001010010100111
00000000000000000001010010011001
00000000000000000001010011010011
00000000000000000001010011001000
00000000000000000001010011010101
00000000000000000001010011100000
00000000000000000001010011001101
00000000000000000001010011100101
00000000000000000001010011000000
00000000000000000001010010101100
00000000000000000001010010011001
00000000000000000001010011010111
00000000000000000001010010110000
00000000000000000001010010110101
00000000000000000001010010101010
00000000000000000001010010000101
00000000000000000001010010100010
00000000000000000001010010101001
00000000000000000001010010001001
00000000000000000001010010101100
00000000000000000001010010101101
00000000000000000001010010111110
00000000000000000001010010011000
00000000000000000001010010100000
00000000000000000001010011101010
00000000000000000001010011111010
00000000000000000001010010100100
00000000000000000001010011100100
00000000000000000001010001101010
00000000000000000001010010101000
00000000000000000001010011000110
00000000000000000001010011010100
00000000000000000001010011001000
00000000000000000001010010110001
00000000000000000001010010111100
00000000000000000001010010110110
00000000000000000001010011001101
00000000000000000001010010100101
00000000000000000001010010001101
00000000000000000001010010100011
00000000000000000001010010100100
00000000000000000001010010110101
00000000000000000001010011010111
00000000000000000001010011101000
00000000000000000001010010101011
00000000000000000001010010011010
00000000000000000001010010110100
00000000000000000001010010101111
00000000000000000001010010110011
00000000000000000001010010011110
00000000000000000001010010100000
00000000000000000001010011000100
00000000000000000001010010110000
00000000000000000001010011001011
00000000000000000001010011000011
00000000000000000001010010100110
00000000000000000001010010100011
00000000000000000001010010100111
00000000000000000001010010101000
00000000000000000001010001110001
00000000000000000001010010011100
00000000000000000001010011001101
00000000000000000001010010111111
00000000000000000001010010110101
00000000000000000001010010111011
00000000000000000001010010000011
00000000000000000001010010110001
00000000000000000001010010111011
00000000000000000001010010111101
00000000000000000001010010001100
00000000000000000001010010111110
00000000000000000001010010101010
00000000000000000001010010100110
00000000000000000001010010110000
00000000000000000001010001111101
00000000000000000001010010011101
00000000000000000001010011001111
00000000000000000001010011000101
00000000000000000001010011100001
00000000000000000001010010011101
00000000000000000001010010110001
00000000000000000001010011001100
00000000000000000001010011001000
00000000000000000001010011000000
00000000000000000001010010001001
00000000000000000001010010101011
00000000000000000001010010111101
00000000000000000001010011000000
00000000000000000001010010000011
00000000000000000001010011000100
00000000000000000001010011011111
00000000000000000001010011001001
00000000000000000001010011010110
00000000000000000001010011100101
00000000000000000001010010011010
00000000000000000001010011001110
00000000000000000001010011011011
00000000000000000001010001111101
00000000000000000001010010110100
00000000000000000001010010101000
00000000000000000001010010000100
00000000000000000001010010100110
00000000000000000001010010011001
00000000000000000001010010100110
00000000000000000001010011011111
00000000000000000001010010101011
00000000000000000001010010001101
00000000000000000001010010011000
00000000000000000001010011010001
00000000000000000001010010101011
00000000000000000001010010101110
00000000000000000001010010110111
00000000000000000001010011011111
00000000000000000001010010101110
00000000000000000001010011001001
00000000000000000001010011000001
00000000000000000001010010010101
00000000000000000001010011000101
00000000000000000001010010011100
00000000000000000001010010101111
00000000000000000001010011101010
00000000000000000001010010101101
00000000000000000001010011001010
00000000000000000001010010001101
00000000000000000001010010110010
00000000000000000001010010110001
00000000000000000001010010110011
00000000000000000001010011110011
00000000000000000001010010110011
00000000000000000001010010111001
00000000000000000001010010011001
00000000000000000001010010010110
00000000000000000001010011000101
00000000000000000001010011011010
00000000000000000001010010110110
00000000000000000001010011100000
00000000000000000001010010111101
00000000000000000001010010011011
00000000000000000001010011011010
00000000000000000001010010110101
00000000000000000001010010100010
00000000000000000001010011000001
00000000000000000001010010111101
00000000000000000001010011010110
00000000000000000001010011001100
00000000000000000001010010101001
00000000000000000001010011000101
00000000000000000001010010010001
00000000000000000001010010100111
00000000000000000001010011010010
00000000000000000001010010111010
00000000000000000001010011011101
00000000000000000001010010101111
00000000000000000001010011010110
00000000000000000001010010111000
00000000000000000001010010110000
00000000000000000001010010101011
00000000000000000001010010100110
00000000000000000001010011000000
00000000000000000001010010100010
00000000000000000001010010111110
00000000000000000001010011001010
00000000000000000001010010100100
00000000000000000001010011011000
00000000000000000001010010100101
00000000000000000001010011000101
00000000000000000001010010011101
00000000000000000001010011011110
