01000101001100011011000100110000
00000100101111101011101111111010
11111010100101000011101110111001
11111101100010110001111010110100
01010011001101101100000100111010
10110010000111111001100001011010
11100110011001010111101110001101
11111111100011100000101110101111
11010000010001101011111000010111
00101000101101110001001100010000
10000010000001111110011110111010
11001111110110101110100011010011
11111101101101001001101011001011
10011101101001111000000011000000
10100010110000110111100111001001
00011101011110101000110110111110
01111000011110000010010111111101
10011010010010001111110110101011
01111111000101001001010010000010
10000010101001010110011010011011
01111010100010111110100010101110
00100111110100111110101010000001
00011101001111101100101000110001
01010101111101010110001001001001
11001100001111010101101010100011
10010001001011100100110010000011
10111011011110100110101011101000
00111101001110001000010110110111
01100111110111100111011001110010
11010110001110100100000010111110
10110011110101110011100011101010
00010011000100001000101100100011
11011100100000110111001010010001
00101001111000110000001011000000
00000111011110110100000101001000
00001101010011000110000111011001
00000010011110010100110101000111
01010011100111001111110100111111
01111101101001101011110010101010
11100010001111111110011000100001
10111010010101110101100000001000
11110101110001111111100000100000
00101100001110010101111101100011
00000000111101011111100111101110
10011101000010101100100000111100
01100000101101110101001100011001
10000110101111011110011110101010
01001100000100000110011011000011
00001101100011110110001001001011
00010101010110100100011011111010
01001011011010010100110100001000
01100101101000101010101110101001
10010010110000001101100000001001
11101001111011011111101101111000
10010111100110011111110111000011
11000010100100010110100111000110
01111001100011001011011011111111
00010000110111101100000010000000
10001110010101110111010100110100
10001000110100101000010011000100
10100111011110110100011001100101
11010110011000000101100010001100
10111110110100101011100111001111
00101001101100110101111100101010
00100011110110101000111111000110
11010010010100111011000100001110
01000100010100011101011010010110
11000000000110001000011101010001
11011111110110101101000010111111
11001101110100010010100001011100
10010000010000010111101011011001
11010011100001010101011000101100
11000101000101101011001100001110
00101110001011101100011011100001
01100010011001110010110111100111
01111100110010000010010011110111
11001000100001010111000010011010
00111100011111110000001110000011
00000000111011110100101100101100
01110101010000000111000001111001
00111001100101101001011111101011
11010100111110011100001101110110
11000100110000010010001100010100
01001000100100001000011100010011
11011101101101010101101101101001
11001010101101010000000001010101
10000001100000000010101100100010
01111111100000110000111101110110
11000101100100111001001010010011
11100001011001110000011011000100
10000000111000110011101000001000
00011110000000101100000110000111
10101100111101010100011101010111
01010011010010000011110110001100
10111011001001001001100001010010
01010011101000111101110010010000
11100001011100101011110110110000
10101000101001101011001011011101
10000000100100000110000110000101
01110110010011101011001011010010
11000100111011111001010010110101
00001111000011101000001000000100
00011110001101111100010010010101
00100110111000000110110011001101
10010101001100001011101010100100
01101101001001001011011011011101
11100000111000100101000111101101
01111101011111100000010111110110
10010001011100110101100100001010
11111011101111110000001010001010
10100011101010110010101010010010
01000101010010101000101111110011
00111110010000100000111011010010
11001000101111110001000000000010
10100100100001100010011010100001
10001001010110101000001001101001
00100010100000010001101000101101
10010101010001011100000100110000
11110010001000110101001101011001
10001101111100010001101110111100
01101000001110000000110110001001
10100000100011010101100100010111
01000011110111011010010110100110
11101011000111001000101111011001
10011001010111101101101100011010
10110010100111101111001000011001
01000100001111010100111010101010
01101100111111101111100011100111
10010111110110101100011111100100
10111110110000101101100001111011
00101101000100011011000000000100
00110111010000010111101100101101
11110010111001001110010101011000
00001010100011000101100100011011
01111100100001001001110010010110
10100010010000010111111101111111
11111101100010101101100100110100
10000101011000011010101101011010
00000101001111011010011111011110
11001010100010000101100111010011
10101110110111110100101001001001
11010110111000100101100110111100
10111110011001100001100001011000
01111101111001111110000100100101
10011100011101001100001001110001
11010001000111000101110110011111
11011110111100010010000111101111
00100001000100001000110100100010
01011010110110001100011011011101
11000010110110001101100100001001
00011111010110001000011011001010
10000011010100010101011000001001
01010000101000001010000011010101
00100000111000010010111101110110
11000101000000101111000001011000
10000001111101100000111101010101
11110101111101000001001111110001
11000010111000010000000011000100
10100000110000100011000001100001
01110111001110101010111110101010
11011101001100100001011010100101
10111011001111100101101000001101
00111010110100110010101011101101
01111111010011100000111110110110
11000011100100101001111100000110
10101110001000011101101001010001
10100000111011001000101101101110
00111111000010010011111000111110
00110001000001001011111111010110
00001000101111111111000010110100
00100100000001111101011010010010
11001000001110000000111001010101
01110111100100010101000111000111
10010101110100011010011000001100
00101100000100010101000001000001
10110000101111101000011000111110
00011010000011100111011000001111
00111010000001011110010010100001
01100111111110100000110000110001
10001000011100010100100001000100
01001111111010000110011101110010
01110010110100110101110110001110
10100011111111101001001101000100
00000011010100101000010111001001
10001111001001000111101000010011
01101001010111001100011000001101
00000101111010001100111000010010
01000100101101001001110001010010
00001011100011010111100000011111
01111000010001011110011010101001
01100011111010111110110100011011
11010100001100100101110001011100
10101111001001011001101100001011
00101001000111010101011001100111
01100011101011101100111000100010
01011001001100101001101011011001
11000010010100101000100010011001
11100001011000010001101101010000
10100011101010100010101101000000
10010011110000010111001011111101
11010010110001011011100010000010
00101001101011100000001000001011
00100000101001000001100000111100
00101110000000010111001111011011
00111001010001101100100100011001
11000010111101110001001100000000
00000111001111111110011011111010
11001110110100101110110011000011
01001101101110001101000101110010
10000100111011110111000001110000
00000001010010011110101100001000
11010001100011101011111100111001
01011000101000111011101110001010
00111001000000111010000011011001
00000100011010000111001111101101
01101100000110100010000011111110
11001101011101011000101010011001
10011001101111100001001111000101
01110010111111110010011110111101
01011111011110100110100010001011
01000010011100010011110000010000
00100100001110100011100010000101
00001001001010010000011011111100
01101000111111100011010000011010
01110001101000011011100110010010
00001001011000010010111011000000
00000111101011000100001110010101
11100101100111010010011001011000
10011010110001101000000111001100
01100100101010001010100011110010
10011100001001001101000111010100
10110101011000010111100111101101
11000110100110010110101000010010
11001110111100110100000010110010
10110000111010001001001011001010
00111000000011010001011000000100
10100101100101101001101010010100
01001110011001111000001110010110
10010010010101111000001110010110
11111010010100100100000001001011
11010000100001101011101000010110
00101101111100110001001110000010
10110010000000000001100001011010
00100100100001000011100011010111
10001000000000100010001100000010
01100001100111100101000100001110
01010100110100010001111010111010
11001000001100001110101101110001
01010000110001100111001111110110
00010100010000111010000001100000
10010010000101000010001011010001
10011100110100101111001011101110
00101110100011111110111001001111
01011100000011101111010000100101
01110111001101110101110001110111
10001010011111010111110011001101
10011101101001000110000100000000
00100101010010010100100101001000
00001011011010111110100100110011
01010101011000110111100111010111
11000100111111000100011101000010
11110010101111100100110110001110
00101011000000101011101011101010
01000011011011101010110000000011
10011010101001101111011111011010
10111011100111100100000101100000
01111110001101010101111011010101
01001110111100000100100101010111
00111110101100111101000000111100
01010111011001101110000011011000
10101111001100100110001101111010
11111111100011110011010010001011
11101110111011000111011111011100
10011111010010011100100010001010
00011001011100100111100000000101
01011111111101111001011110111100
00110110111110010110010111000101
01010110110000001110110011111110
10111001100000001001100010000000
10010001101111011001111000111000
01100101010001010010011101010011
00011111100111111100011100100111
00011011100001101100011000010010
11010110101100011010111001010001
01100100100000110110100101000000
00001110101101110010100011110001
00100001101100000001010110110001
00110000001010010011111001111100
00110011010100100110111001100110
01010110111100110100000000001100
00100111100000101001000000000010
00100010001110001110101011001011
01011101100000101100111010110100
10100011100100110111000100110001
00000101010110001000011111010010
00111000000101010100011100001011
10010101101011001101000110011010
10101001111001110010001010011100
00000000010000010110001010001000
01011111110010101001000111001000
00010001010000001011100010100100
01100100100000011101001101000011
11000110100010100111000110110001
10000000011110100000010001100110
11001000100001011011001110110001
00111110100011000000001011010011
10111110111100010101001001010101
01001100111011001000000001110111
00000011111001010010011110011011
01111011010111111111011100000111
00001101101000010100111100010010
01001100101100001001110101010111
11000101101001010111000110100011
00001111001010000000111011111101
10001011101001000010100100001110
00110100100000010000111101110110
10001111011110001000010100001001
11100001111011110111100110000010
11000000010110111110111111101110
01000001101110101000110100110011
00110100101000011010000101000110
00001111001111001010011110100110
01001110001100100001010110010000
10001000101111010000110001010100
10001100011001000100011000111011
11001010100011000110110101001110
10110111011101100111010001110110
11000011001100101100010110000001
01000000001000001101100100011010
10001010100111110001000010100011
00110000100000000100011110100011
01001000100100100001101011110110
01010111000001101011111000010011
01111001000101011101010110000101
01110011110010110100111010110111
11001110001100000100100001000111
00100111111001011111011111100111
01011111010000001100110101100110
11111100010100101001000101001101
10011111101000010100111110101000
01101000101000010001111100110010
11011010111111011010011011110001
10110011101011100110100100100010
11010110001111111011011110110101
11011000000001101111000011110101
00100110110010000011100011011000
10111011000010101001010111101111
10100111100001010011101111100100
00010011000000100011101011010011
01010100010100111101000001000100
10100001010011111100011000011000
01011000000110001110011001001100
11000011000001101011011101010111
01001001010111110101001100001111
01010000000100011011110110110110
10010110100100000101110110010001
01011111000110011101111011000110
11100001011100100011000011101100
10000100111010100010001101011000
00001001001111101000110111001000
11100010111001100011011101010111
01101011111100100000001100001100
00010100000110011101101001010011
01010110101000011111111101000111
01100011011111100010010100111000
10000010111110111110000100110000
01000100000101010011011100010110
11010010100100101101111100101011
01101010011000011001000110101011
00101001110111010010001000000001
01010011101111100100001000101001
10001111111101111111100011010001
10001101101110100100101010101010
11100110111000100110100110101100
00101001111010011110101001001000
01100001100011101011101100101110
11000001010100100001101011110010
11011110011100101100011001011110
10111000010000000011100100011010
00010100000110011001011000001110
01111101101010011011100011010111
00111111011001001011110011011001
10111110011100100001000110100001
11101100111010110010010011110101
10101110111011000111011101011010
01111011011111100101111110000111
01011111000011011001111011111011
01111110101100011110110110000010
01001101010110100101111001101110
11010101000100101100000000110001
10110001011100110011101101000110
01011011000100001010100110101010
10110111111010110101011101100101
01100101111010011010100100001100
00110111000110101111100011001001
11001001111010100010100000101100
11101100101010011001001101101110
10011010000111001011011110110001
10110100101101001101100011100011
01101000111011010011111100101100
00111111011001010100110101001101
01110111111000010110100000001100
00001111000010010111111001010000
00000101101000101100100111000100
01011100100011011110000010001101
00100110100000110010100011110001
10110110000011100000001111111000
00001001011101110110000011100000
00101101100110010111011000110101
01100101011100110100101000101100
01000001010011111010101001011000
01011101011010101111011011010010
11011100100010101110111100010100
00101010110100100101001100010000
00011011111110011000011111011010
10001000010111010011011001011000
01110000011000011011010100110100
00001010011001001010101001001010
01000110100001100101001101111111
11101000110011010111000001011110
01000101010111000101010000011011
11110100001110110110000110110100
01111011110110111111011001001000
00010011100100101101100010100011
10110010000001100111001000001011
00101011000101011001001000101101
00000011101010110100111000110001
01001100001100001101110001001101
01000011101101011010010111001001
00001010000010000110110111110011
11111001111001011001011100111010
00010011001111110010111010010000
11000010011100100001000000111000
10101001001011111101011101111001
10110010101010000110100000000111
10100010000010010001011001111111
11010010011101101101101101001100
11001101011000101000001011000000
10110010000000100011100111001001
00101111010110100001000110101110
00110111110011010000110111110001
11000110101000001110000010000101
10110011100000101001000011110010
10010001001111101011011000001000
10111101011001110101101001110101
11111111011011101110111011001110
11101111011110111001100100010010
01110101111011111010100110011001
11000101011101110101100101010010
10001001101101100011110001111101
00010001101011000011010001000000
00110011000001000001000100101101
01100100001011010100111101000011
00011000100111001101110100100101
01010000101101011001000101010011
00100010101001001110111110101001
01101000100011010110111001001111
01000110000101100101000010100111
01111101011011111001110100111100
00000001011100010110100110001001
01000110000110110101111010101011
01011111000111101101010110101011
01011000110111011000110110111111
01000100000100111100010011001001
00001101011011010110010000001001
11110001110111100101111110001110
01001111001000110111111011011000
01000001111011101110100101010001
10011011110010101101100010001011
11111101010000011110100111000010
00101001011110100110100001011100
01010101111100011101101111110110
00110110001101011110011101000101
11001011001011000001111110111111
01101011101001101001110100100111
10100011001011110100111100011001
11101010010010101101100101001000
10011110110100010100101000001001
00010011100001001001000010010011
00000011010100010111101001100001
10110101110000010010100111100100
00101100111100100000101001101100
01000101101110000101000110010000
11010000011010110011001001010010
11100001000101101001010000010010
11000001111011110001001100010100
10010110000011101110111101011110
11110111000100000111011100000011
10001000100110100101010011111001
10011010100100110100100110001100
01011100000100010011010011110001
11001010010100101101000010100011
01000101100101000011111000100010
10111111001010001100101011110111
11100011111001100011100101001110
00110111000001011001111110111010
01000111110111100101011111011011
10110010000000110100000111010001
10111100010111100010111001101001
00011011010100101100010100110111
10110000110001001110011011000110
00010000110100110100000000000100
10000101000010101001100011110010
10001000011110100110100001000001
10010110110010110111111000101101
01111111010000111101011100011010
01111011011110111111111111011111
01010010111000110111100011011101
01010100100000001010000110010100
00111001100100011110100011100011
11000101010110111110000111110001
00001000000111101000110011010001
00001011010011100111010010011011
00110101110110011010000101000010
00000101011111111110101000010001
10010111010100100100110111000001
10111110111110010111110000100101
01110101000110100101110010101101
11111111101011101000100110111100
00110101011001110110001100010001
10101100011001001100010101010101
01001110101011010010111101010100
00110110001101101101000100010101
11110111101010111110001111010001
11111111010110010101011110101011
10111111110100001110111011101100
00101101100111101110100010101000
00010111001100111001101001001100
10010111011001110110100100011001
11111111010110100010101110001010
00101101001000010011100110100001
01100101111011110111101111110011
10110110101110010110011101000100
01010111001000001010110010111111
10111001100000000001000011000010
10110001101101010001111101001100
11011000100001010010100010000100
00101000100011010010101111000001
01011110100111011100001010110001
00001111111101010110010001010001
10011000100001101100111001010110
11111110111110101100000110100100
00001100010101011000001011011110
00001000110101001111001001010001
10110000110010101110100011100100
10101110110100100101001110011101
10111010110100000001000011100001
10100000010100110010011000000111
11111000000000011001100010101000
00100010111000000010001011010000
10100010001010010100000111001101
11101101110110000001000011101010
10001000011010110101011101101000
11011010100011111101110110100100
10011101011100100011101001100001
00000111011010101011111110010011
01011000100001111010010101010010
00000110110110011110110001011000
01001101001011011100111111000110
11000011101111001010101101010001
11010111110110101100101001100100
10010101001100001101000110011110
11111010110100001011000110101011
00101000100101000001001110101010
10111000111111010100100011110110
10111110101000100100010011011100
00101111011111100111001001001101
01100101011001110010010001101110
00001100100011000110001110001001
10111101110110101100011010001100
01001100011111110100101011101001
01001100011100111000000001011101
00001011010000000001100000001010
01010000010111011101001110100111
01100010011010110101111100011011
11001000011100000101100111010111
11100001001101010001011110010101
10010111110000001001010000010100
11101110010000001111000101000110
01110011101011001010000110011101
11010010010011000100011100010011
11000010100111000101000110000111
11110111110110011010111110111010
10000011000100000000111100000000
11100000101001010011011111000010
10010111001010000010010001110111
10110001100010000001100001110000
00110001001100001001011100011100
11000000100001110011111011010010
00001110100100100100000000001001
00110010111000100001000100110000
00000000001110010010011001111101
11001111011100010111011000111000
11101010010000010001101110001110
10000011110110100111001101111110
01001111111011101001100111001110
01000101110100101110010111100001
11001111010000001110110111101110
11011011100000101010100110001001
10010101011000110000011110100100
00011111100011101111101001001111
10111101011110101110011001111000
00001000011010100000101001011001
00010100001001101000110000000110
11000011001100110011100100000010
00101101001001110001011001110010
10100010111011110110101100001010
01111111000010001011100111111111
11011001000001001001100010110101
10000000110001010010110001010001
10100010101010001110001111001111
11001011010110101001000110100110
11000000111001100110000100000000
00100000010111110100100100101111
00010111000000101001110011111010
00000000001010000111100011011000
00100100111001010011011010000101
01111110110010000100011110000100
00011110110100111101101010111001
01001010101101010110011001010001
10001101110010100100111010011001
10110000000111110111000100000011
01011000010111110110111000101001
01001011110000101100000010100011
00111101100011011010011101001011
01011111100011010110011010100111
01001101101111111100000000100110
10100101001111001100111110010001
00011110011110101101000000101000
10111010001011110101100111101001
11111001111100000110101011101111
00101001010000100111100100100011
00000111000100101101001011111000
11010011000111111001001011101010
10100011010110010010111110001100
11011101000110101000100110101010
01110000000000010010110111000100
00000000111110010011111100010111
11000100100000000101010110111010
11100000110001010110101001010010
10011111001000010100100100110010
00101011011000010010001001001100
00000101001010000110011100011001
11110101100011110111101011011000
00111000100011011100111011001100
01010010100000000101010000000100
00100100110100111001010011110000
10000001011111101110011000000001
10000010010001010010101100010011
00101001110111011111011100001111
00000101100010000100111100110011
11000100101100000101000001010100
01010100101000010110010110100001
00111111100100000100111000100100
10111011111110001000101010000010
01001001111111111000011101010010
01001111011010010100011001011111
10010000000101100011110111000001
00111010101001011111011000101010
01001011100110100101010000000000
11001110111000110111100000011001
00101001010001100000001011001000
00010110011111110110101000111001
01001100011010101110100011101100
01011100001100001100000010111000
11000100101011000011111111000010
11011010000111111100000010110010
11101011100110101100000111110001
00001111100010101101111000111011
11011001000011110100001011111100
10100000110101010010001010000110
00001100010110101001110100111110
01100000011111010001010011111011
10010011100011101011111111110011
11101010001100111011001110001001
10110010110000101010100110111001
00001001100100101100000011111001
11000101111000101010001011010100
10100000001110100110001111001100
11010100010110101000000011001010
11001100111100010000100010110101
10000000010110000111111111111011
01011111101010001000101100001010
10110001101011010011111000111001
11100011010101110001001111011100
10011011100101010010001000101001
00110000100000011011011000010001
10011010001010110101111000101110
10100111110101110101011101000111
01011111011010011100000110100111
11101010101000101001100100000111
00110011001010011011011100111101
01101011000000101011111111010110
00001001011101011011001001010010
01000000111110010010011100010100
10111110000100001001111101011011
11111001011100110100010011101101
10000000011110000010110111110001
11011010101100001011000110001100
10100011100011010111001110101001
11010011011110100101100100001101
11111011011011110101001100011010
01110000111011000010100011001001
01110100001000010101110100111110
01101100111110010000111111101101
10010110111000001110110011010000
10111011010000101011000011001000
10110011001001110011001110111001
11011110101000110011100010100101
01101111010010001000111011111001
11011110100111011100001010011100
10101111101011110111000101111100
11100011001100111001100110010101
10101101000011001011111101011111
01110100101001001000010000111111
11110110101010110011000010111100
00011000100010110110100110000110
00110100110100101110100001011000
00001101011010100000000011001000
00000001011111001010101101100101
01001100110110101100011010001001
11110001101011101101100100010011
11111110110101111011111001101010
00101011011110101100110100100011
00110101110110101100111111100110
01000110111100001000110001111100
11100011101010101011010000001110
10110011001101010001011100000100
00000011100000011001100000111001
11110011010010101001011001001110
10100011001110111110001111111100
11011111110010100111100011011111
10110001111110100101000101111101
11001111111000101110100001011110
11111000010100000011110111000111
10110100001011110001100100111110
00000011010110101101111001001010
01011111001100111000000011111000
10100010001000100011100001100001
01011100010100001011000010101110
11111010110100010100000110011101
10100010100000000111100010011000
11111111010110001001000111100110
00000011011011100110000010001001
01001001100100100001101010010010
10111110001011111011101101110011
11110011111111110110111101001100
01011110010010000011000111111111
00000011011101010001100000001011
10000001010011011111010001111010
01110100001010000000111000011000
00011110101000110101010110111101
00110010011001011110000110010101
01111000011100001111111101000110
01000111000010111100011010011011
10000010111111010110101011000100
10010001001100001110000001100000
01000001001111000111101000101110
01100110110010010010010110010111
11100000100110000010111011110010
10001010110110110011101010101110
11111110010100111110100000100010
10110011111100000001100101000101
10110101001101011001001010101110
10011100000110001000000001010001
10111010101111101111000111010111
11011010011110011010000111101010
11101100000111100010110110111011
01100101111101111101111111000111
11110110101100101100010011110100
00101001010111111010100100110000
01010011001010110100010110110001
10011010111101010101110000101000
11110111000011000101011011100011
11111111111011101001000000101010
00101111011100010011110010111011
10100010110001110011001010010110
01111110111000111000001000100000
10110100111001100101101001100101
00000101011101010011001001000100
10011000011000100010001100111000
01100010110101010111101000001100
00000111100010010111110011111111
11000010110111100111101011101010
11000000110100011101101000011010
00111010110101100100001000110001
10111010101010000011001100111010
01101100111110001011000010111110
11000011110110000011100010101000
10101100011110111110101101111011
00001010111011001010111110001110
01110100001000000011110010111110
01111000101001011010010011010110
00000101111001010000001101010100
10010011001000101101000101010100
10100111110001100101000101101111
11011111011000100011111000110010
01111010101110100101001100000101
10001111110001111000101011101010
01101101011101001110111011110011
01100000001000011011100110110001
00001000111101001011011011110110
01011010100011001100011010111100
11111010101011111100011001010000
10011110000110101111111001101100
11010001011000100001000010101100
11100010011100100001100111111101
00001000110110110110100010101100
00001011101000011001000110111001
10101001111111011010001101011110
10000000101010011010001110000100
11001010010110001000000111111001
01110010000010101011001011101111
00101000000001001010001000000101
01110100101100110101111010110101
11001101110100010000000101000110
01000010100000011001010101000011
11011001110010010010000001100010
10010110101000100010000000000000
10010011011110111001101100001001
01110100100001010111011111010110
00010110111100100100110010111100
00111100100100010001100011010101
01110100001001111010111001000100
10011100011001100110010100011011
00101011000111100100111100101111
01001101101111111100111000001010
01000101011001001110101111010001
10101111001100111011111000100101
10011011001010001111011111001111
01100001011111101100100101101111
10110101011111011011110110111101
01111110101100011000000011100001
10000001111010001010111011000110
10001010101000000111000110010001
10101110100111111000010101010010
10001011010100101010100100110000
11100000001011110001101111010010
11000011100011101110111100001110
11010101110101111011001011111110
11001101000101010001001111100110
10110011001010100100100010110000
10101001010000010011101001011100
01110111101001111110010000101000
00100110111111010000011110100001
10110110110110101111111111000111
11110001010100101101000011100101
11010011101111101000011110100000
01010000100010001110100010100100
00100100111100111110100001110000
00000101001010101110011111011000
11000001010010001010001111011001
10101111111110010100011001101101
11001111011000000010111011011110
10111010111000100101100011001001
11110111011111111011011010001000
11010000000100110011110100010010
00100010101100010010001100111010
01000101101010010011110100011000
00100110000000000111101001011101
11100010010010100000101001001111
00011010100111001011110100010011
01110100100101001111110000110011
01100010011100101000101100100110
10010100001010110111101000011001
00100011000100100100100110001101
01100100011011110101110010001011
01001100011011100010010011110101
01100001011100010001010111100010
01000000101010010000000101100100
10010011100010101011000000110010
10010011000110111101111100101000
10010000010100100101001011001111
10111010100000100101000110000101
10110010110100110010101011100001
01101110010010100000110000100111
10110011110110001000011101100100
11110110001110001110010011111110
11111011101100101011100111000011
00110011001111010001011010101110
11111101111100010100011111101110
11011111101100101100010010101100
00001000110100000111000010000100
01110101001011110011011000101100
01000101101000010101100110001010
10110101100011110000110100100001
00000001011110100110111000110000
01011000101100101100111111110010
11000001000100100101111010010010
10101100111100110101100100111001
10010011110010011010001110001010
00000000000000001111100001011101
11010111110111100001010010101101
11111111000000101101000111110010
11110010110111111010101011001000
00011111011110111000111110101011
11100011110000010001000111111001
10001101011000010000100101011100
00000000100101001110101100000001
11110010111000111101001101001100
01101110110011110011011001001110
01111110000000101100010010000001
10111111111111101000100000100011
01011110011101010010010001100110
01111100101000010010100010100100
00000010111011001111111101111011
01011001111011001100010100110111
11100001111011011010111111011001
11101011110111011010111001100010
01111110000001101110001010100101
10111011101011100001010011111111
01111111011011110010011010011110
01001110011111000100011000101011
10111001000011010111110111000011
01111111001111100110011110101011
01001010111111101000111111110010
01001101101110011111111000100011
00000101101000001011100011110000
11100011111011101000000101001000
00110101001111111010101110110100
10110100011001111011101010100100
01100110111000001011111001011100
10111111000000100101100001111001
11111100111011110010111000000110
10010100111100000100000110110000
01110010111000100111100101010000
00110111100010011010100001010010
01110011001010101110001000101101
11110100100101111101011101011100
11010010010000001100000011011010
10111011000100000001000111110010
11101011001000111010110110110001
11101101110110100110111011111010
11010110010000100110100100011000
00001100010100111111010011010000
11010011100001111100111111110110
10100110111110110100000111101101
11000001010000011011110101011011
11111100011100001101110111100101
11101111001010110101110101101110
00011111000000001110100010100001
00110101011000010111101001011000
01000011001010101010011100011110
11010101111111010001101011111110
10010001000000101011001000110110
10101000101111001011001101111000
01100100101110000100110010000011
11111110110111011000001101110110
11110000010011001010000110010010
00101000100111001000010100000111
01110100111100010001010011110101
00100000011101000000011001000011
11000100101100000101100100000001
10001011101010010110110111110010
01111000111110000011100101100011
10111100000010010110010110110001
10000101110000100101100010001001
10001001001110110000101000111010
00000001101111000010101110001000
00001111000000010101100110110101
10011111111101100101010100001010
10010001000011110100110101011000
10100001111010010010111001000000
00111110001000101001101100100110
10010110011100101101100001111100
11001110001111111001111000111011
11110001100001000111101011000111
00111110011000010111111110111111
00111100100011010110111001000011
01110000100110001111110010001101
00101101000110111101011111110010
01001000111111101010011010010100
01100111111011110000001111111011
10010111110000111010111000001000
00010001001100100011100000010101
11010111110001111001001111011111
00111100011010010110011101010011
01001011000111100111011110101100
00001101100100111010011000110110
11011000101110101100011011000001
10011000100011101011000001111110
00000000101011111000011011000010
11000100000000010001111011110101
10000100110110001010000111010110
00001111001110000100110001101101
10010001110111000111110101111010
01011001011110011010011110001010
11010001001110001000111100111011
01011000101000110100100110011000
10100000110100110110001001101000
00000001011010110110100100011000
01010101111001011111000011011101
00110011011100011000000110010001
00000001010111111111111101001110
00000001010110010101111010110100
11000110100010100110011011011000
11000000100011101110100110010000
00100100111100100100001100001111
10010000100011010001100011111001
01000100010000010011001000000101
00110010010001101001111111001111
01001011010000011110000000001100
00110100011100010101111101110010
10000010010100001111000001001010
10000100101110100100000101101000
10011011010011100101110110101110
11001001000100010011110010110010
01001000000000001101100100010011
10110101011000011010010111000100
01011101101110000101111110101111
11111110101100011011000111000111
10101010100111010100011000000011
01010100000110001000010011101100
10000100101000010111101111110010
11101110110101100000010111000001
10111001110111001010000110001001
10000011010100100001100000100100
11100001001000111000000001010010
10000001100010000110001101111100
11010110001010010011100011001010
11000011010000101011100000011000
00101000001111111001001110000001
01010010111011110100111111111001
01001100010110000111000011011010
