00000000000000000001000100011110
00000000000000000001000100110001
00000000000000000001000100000010
00000000000000000001000100110101
00000000000000000001000100001111
00000000000000000001000100100110
00000000000000000001000100111010
00000000000000000001000100110010
00000000000000000001000100011000
00000000000000000001000100011111
00000000000000000001000100011010
00000000000000000001000011101111
00000000000000000001000100101101
00000000000000000001000100101010
00000000000000000001000100100001
00000000000000000001000100010001
00000000000000000001000100010101
00000000000000000001000100010101
00000000000000000001000100011100
00000000000000000001000011110111
00000000000000000001000100010111
00000000000000000001000100011000
00000000000000000001000100001000
00000000000000000001000100111000
00000000000000000001000101000101
00000000000000000001000100101001
00000000000000000001000100011100
00000000000000000001000100000010
00000000000000000001000100011001
00000000000000000001000100100011
00000000000000000001000100010100
00000000000000000001000100101100
00000000000000000001000100111000
00000000000000000001000100100001
00000000000000000001000100000001
00000000000000000001000100010100
00000000000000000001000100101100
00000000000000000001000100010101
00000000000000000001000100011000
00000000000000000001000100100110
00000000000000000001000100011101
00000000000000000001000100111000
00000000000000000001000100011111
00000000000000000001000100111010
00000000000000000001000100010001
00000000000000000001000100011000
00000000000000000001000100001110
00000000000000000001000100011110
00000000000000000001000100100110
00000000000000000001000100010011
00000000000000000001000100001010
00000000000000000001000100001011
00000000000000000001000100011110
00000000000000000001000101001001
00000000000000000001000100100100
00000000000000000001000100100101
00000000000000000001000100010110
00000000000000000001000100111000
00000000000000000001000100010101
00000000000000000001000100011110
00000000000000000001000100110000
00000000000000000001000100000111
00000000000000000001000100110011
00000000000000000001000100000010
00000000000000000001000100101000
00000000000000000001000100101000
00000000000000000001000100101010
00000000000000000001000100011110
00000000000000000001000100111000
00000000000000000001000100001111
00000000000000000001000100011110
00000000000000000001000100001001
00000000000000000001000100110110
00000000000000000001000100100101
00000000000000000001000100111001
00000000000000000001000100100101
00000000000000000001000100100001
00000000000000000001000100000101
00000000000000000001000100010100
00000000000000000001000100101100
00000000000000000001000100100100
00000000000000000001000100010110
00000000000000000001000100011100
00000000000000000001000100101001
00000000000000000001000100111110
00000000000000000001000100100100
00000000000000000001000100100111
00000000000000000001000100101001
00000000000000000001000011111011
00000000000000000001000100010111
00000000000000000001000100100001
00000000000000000001000100100011
00000000000000000001000100011111
00000000000000000001000100110000
00000000000000000001000100010110
00000000000000000001000100010110
00000000000000000001000100100000
00000000000000000001000100011111
00000000000000000001000100010010
00000000000000000001000100011000
00000000000000000001000100000001
00000000000000000001000100100111
00000000000000000001000100100110
00000000000000000001000100011101
00000000000000000001000100010111
00000000000000000001000100011100
00000000000000000001000100100110
00000000000000000001000100011101
00000000000000000001000100001110
00000000000000000001000100010001
00000000000000000001000100100000
00000000000000000001000101001001
00000000000000000001000100100001
00000000000000000001000100010011
00000000000000000001000100011111
00000000000000000001000100010101
00000000000000000001000100010000
00000000000000000001000100011101
00000000000000000001000100010101
00000000000000000001000100010000
00000000000000000001000100100010
00000000000000000001000100011010
00000000000000000001000100100000
00000000000000000001000100110110
00000000000000000001000101001001
00000000000000000001000100011010
00000000000000000001000100001110
00000000000000000001000100101001
