01000100100001000010111000101101
01001010110001101111111111001110
00010110100001001011100011001011
11100110110001111111111011010011
01000110110101100101001101000000
00100001101110000010001011111011
01011100101101000000111010111111
00111101010010001110001100000100
00011101110110110010010011110100
11000111011010011000101101010010
01111001010010111010010111101111
11001101101000001111110010000000
10011101010110110101010011011110
00101001011100001000100010100001
10111101010110111100011011111100
01000001011110001000100101100001
10101010001101100101111000011000
00110001101110110000001101101001
01010111010011010001111100101000
00100010010011101110100010011101
11110010011100101101100000011000
00010010001101010101011011011001
10110101110110101100010011001110
11011011010100011001110010000000
00010111110011010010010110100000
11100100010011001111111101010110
11111001001110111111111000111111
00011110010000111001010110000001
10111101001110111100010010111111
11110011010100111000110001100001
10110001110110111101010011101110
11001111001100011001110011100000
00110001001001101010001010111110
11011110001000010011110101000111
11001110001100100101110010111001
00110001001010000000001101011001
11110001011110111100000010110100
00011111001100010001101010011101
00111101101110110110011010110101
11010010011100011000100101100000
01110001010001010110100100100110
11101110101101110101111110011100
10001010010001010101001001110000
10100001101111100000001001101011
00101011011001110101001100111010
00111000101111101100010001110000
10101001011110110101011000011100
00101001001110101000000001100001
00101101111001100110101110110110
11011010001010010110011101011010
00001100010001110110000011100010
11100110111010010000001101111110
11000110000110110000011001010000
00000001011111101000100101110000
01001010010011010010111101100000
11101000111111101110111010110111
11001010001001110101111101001000
00111100100011010000000011111111
10001101010010010101011011101110
11101001111110101000000001100001
10101000111000110111001100110110
00011111001100010101010001100010
10110101101100101001011010011101
01010111010100011001100100100001
01010011010011101010100101100000
00100000101011000111011110011110
00110100101100101000111010011111
01011111010000011101110110000101
10110000100100011110110000001111
00010101100000000111011111000110
10001100101001010110110101101011
10111100110010010010001111111110
10001010001101010001111000011001
10110000010011101000000001111001
10011100100110111101011010001111
11101001010110001000100011110001
00001111110001000010000111010100
11000011001101010111101001011111
10111001001110111101010011001000
10111101100100000100010000100001
10111101101100110101011011001101
10100011011110001000000011110000
10110101001110111000011010111111
01011011110100011101110000000001
11110001001110111101011000111110
00011110010101111100010010100001
01010101100010011010010011101111
01001100110000001111111110000110
10111011001010110101010010111000
11011111010100111000110000100001
01001111110011000010100101100000
11100000001011100111111100011110
01011010010010001010100101100011
00001100101001100111111110001101
01000110100001000001111011001001
01010010110001110111101001001111
11111000001110011000110000111101
00011001010001101101110110000001
01001110101101000011110101001001
10110001110010111110001001011111
11001010010101110111101011000000
10100001101011001010001111111011
11110000011010011001111100011111
00011010101101100111010110100100
10010110100101111101010101001101
10100001010110001000000010010001
00100100110001111001001101001101
00000111111101001000110011110011
01110101110010111010000010000110
01001111000100000101110010000110
01010110010110001010111011100101
11000001011011101110101110011110
00000110100001010010010111000100
11101001110011101100100001110110
00001010001001010111101100111010
00111000101011100110001011101111
10100000001101001001110000001011
01110100110001110001010011100001
01001010011111010110101101110000
10100000001011100100001101101110
01110100101010011000111010001111
01011110010101111111010010000101
10110001011101110111000010100111
01011110101000010011011101010010
10001010001101110111011011010001
11110101110010110000001101111011
10001010000001011101011101001011
10100001110010101000011011110001
01110101011110000010100010110011
10010110010000010111011110001110
01001110110111110111000101000011
10100000101110100000001011110010
00001110110011010010111111000000
11101101110011011010101101110011
11010100110100001011100000001111
00100110001010000011111110001110
01001100011001000010111010111010
11111110011001111110111101001001
10001011011101110101001111110000
11110101001110010000001101010001
01110011000011011010100100110111
00100100100011100010010110010110
01011111011010000010101100110101
01010010001011101110101101001110
10111100111100001000101010111111
11011111001001011111111110001011
01110111010011100011000101100000
00100010001110100110100010011110
00100101110011010010000110100011
11100000010001001100101111010010
00110001011011101000000111100100
11011110101100010011110100010011
11010101100110011010110000001111
00101001010000101111010010000100
01001100110100000000110010110001
00110001001011001111001110001111
00101110101110001001011010011100
11010011010101111101111100101001
01110100111000000000100011001000
11010111010001010111111011001111
01000011010001011011101101000010
00000100101001100101111111111010
00001010101001111110001101100010
00001101110001110001010101110110
01110101101110011100110000110111
00011011010000001001110110000110
10010111010110001010000010000101
10000001011010001001111110010000
01000110110001001000100101000000
10100110101011000111011111011110
00101011101011111101001111110110
11011100101100010000110001110001
10111001011100101101000011010100
11010111001100010000110000110001
01001010010101010111101101110010
00000100101011101000001111101110
10001111010110011011011011100000
11100001011010101000111100100001
10010101101100001011011010011101
11010111010000111001110001100001
01001011010011100100000111000000
11101011001111101100101000111000
01110010100101001010110111100011
11010110110001110101110110010110
01010010110010001010100101100001
00001110001001000111111110001011
00010101110010000010000111100011
11100010100001001111110001010010
00100100100001010011110101001011
11101100110011111010100011110110
00111001010010110000000111110000
11001000001101101100110000100000
01110100101001111110110101100111
00111100110000010111010110010110
01110111110010000000110110110100
11001011010101101111101100001110
10110100101001111101110011001111
11111110110100010000010011110101
10110001001110111101010000111111
00011101001000001001010110000000
00100001111100101101001010110100
01010110101100010001110001101001
01110011111110000000100000110100
00010011001101110111100110011110
00010111110010001010100010100101
11000110011010010111111100011110
10111011011100101011111010101011
11011110101110110111010101000001
00110001110011110010000111100110
10001110101110000111101010010110
11011001010111111100100101110010
00101000001010000010001110010110
01010001101110000011110010111101
01010011000100111101101010000001
00000010010001000010100101100010
11001100101001110111011111001111
11110100111110001000110010011111
01011111011100011111110010001001
10111001011110111100000010110110
00111000001000010111010010000100
10110101101110011110010010100110
00000111010000011001110110011110
01001110110001010010110101000000
10101000100011100110001011111110
10111001010110111110000000111110
00101101001000000001010110000000
10101010011100101101000111010010
11011001101100110101110000100001
00000110101001001011100000000011
11100110110001010011111110011110
11111001101111011110110000101111
00011111000001000011010111001101
01001110101001000110101000110101
11011011011011110111101100001110
00111001001001000111100000100011
11110110000000110001010111001110
10100000001001100010001111101010
10110100100110010010011101010110
01000110100101000011101101001001
00000010100011100110001011011011
11010101110110001010010010001101
01000001011001101001110010000001
11111011011010110101000000110100
01010010001101101101110101110111
00100011001001011010100100110010
00011110100001000111010110001010
01010100100010000010111010001011
00100101010001101111111111001011
10001000000100111001011111001001
00101100110000011000010011100000
11110001111010001010110000111111
00011010011101111101110110000000
01000110111001000001100100101001
00010110000011110111111110001111
01110111111011100010000010110110
11001111001100010111110100010110
