00000011111010001010000010110101
10101010110100001010111010000111
00000011111111011110010010001101
00010010000100000110010010100100
00000011111111011110010010011101
10010010000100000110011010100110
00000011111111011110010010011101
10010010000100000110011010100110
00000011111111011110010010011101
10010010000100000110011010100100
00000011111110011110010010011101
10010000000100000110011010100110
00000011111111011110010010001101
00011010000100000110010010100100
00000011111111111110010010011101
10011010000100000110011010100101
00000011111110111110010010011100
10011000000100000110011010100111
00100011111110111110000010011100
10011000000100100110011000100011
00100011111110111100000010011100
00011000000100100110011000100111
00100011111110110100001010011100
00010000000100100110011000100111
00100011111110110100001010011100
00010000000100100110011000100111
00100011111110110100001010011100
00010000000100100110011000100111
00100011111110110100001010011100
00010000000100000110011000100111
00100011111110111100000010011100
00010000000100000110011010100110
00100011111110011100010010111101
00010000000100000110011010100110
00000011111110011100010010011101
00010000000100000110011010100110
00000011111110011110010010011101
00010000000100000110011010100110
00000011111111011110010010011101
10010010000100000110011010100100
00000011111111011110010010011101
10010010000100000110011010100110
00000011111111011110010010001101
00011010000100000110010010100100
00000011111111011110010010011101
10011010000100000110010010100100
00000011111111011110010010011101
10010010000100000110010010100100
00000011111111011110010010011101
10010010000100000110011010100110
00000011111111011110010010011101
10010010000100000110011010100110
00000011111111011110010010011101
10010010000100000110011010100110
00000011111111011110010010011101
10010010000100000110011010100110
00000011111111011110010010011101
10010010000100000110011010100110
00000011111111011110010010011101
10010010000100000110011010100110
00000011111111011110010010011101
10010010000100000110011010100110
10100011101010110010110001001101
10110001000100001010011100000011
01000010111011001011001010010100
10100010100100001010111010000111
11000000111111001111011010101001
10011011010101110101100000010100
11000000111111001111011010101001
10011011010101110101100000010100
10000000111111001111011010101001
10011011010101110101100000010100
11000000111111001111011010101001
10011011010101110101100000010100
10000001111111001111011010101001
10011011010101110101100000010100
10100001101010001011001010001001
10011011011101100010101000110111
10101001101010101011001100011000
10011011011001100010111000110111
11101001101010101011001100011101
10011001001001100011101001110111
11101101101010100011001101011111
10011001001001100001101001110111
11111100001010100011001101011111
10011001011001100001101001010111
11101100001010000011001101011111
10011001011001100001101001010111
11101100001000000011001100011111
10011001011001100001101001010111
11101100000000001011001100111111
10011011011001100001101001010110
11101100001000001011001110111110
10011011011001100001101001010110
01101100011000001001001110111110
00011011011001100001101001010110
01101100011000001001001110111100
00010011010001101001101001010110
01101010111010001101001110110101
10010011010001101011101001000110
01101010111010001110001110110101
10010011010101101011101000000110
01100010111010001111011110111101
10011011010101101001101000000110
11000000111111001111011010101001
10011011010101110101100000010100
10000000111111001111011010101001
10011011010101110101100000010100
10000000111111001111011010101001
10011011010101110101100000010100
10000000111111001111011010101001
10011011010101110101100000010100
10000000111111001111011010101001
10011011010101110101100000010100
10000000111111001111011010101001
10011011010101110101100000010100
10000000111111001111011010101001
10011011010101110101100000010100
10000000111111001111011010101001
10011011010101110101100000010100
10000000111111001111011010101001
10011011010101110101100000010100
10000000111111001111011010101001
10011011010101110101100000010100
10000000111111001111011010101001
10011011010101110101100000010100
10100011101010111011111000010101
10101001000001001000011100000011
01000010111011001011001010010100
10100010100100011010111010000111
11000000111111001111011010101001
10011011010101110101100000010100
10000000111111001111011010101001
10011011010101110101100000010100
10000000111111001111011010101001
10011011010101110101100000010100
10000001111011001011001010101001
10011011010101110101100000010100
10101001101010111011001000001001
10011001001101100010111000110111
10101001101010111011001101001011
10011001001001100001101001110011
11111101001010100011001101011111
10010001001011100001101001110111
11111100001000000011001101011111
10000001011011101001101001010110
11111100001000001001001101110111
10000001011011101001101001010110
11111100001000001001111101100011
10001001011011111001100001011110
11111100001001001011110101100011
10001001011011111001100001011100
11011100001001001011110101100011
10101011011011011001100001011100
11011100001001001011000101100011
10101011011011111001100001011100
11011100001001001011000101100011
10101011011011111001100001010101
11111100001010001011001101101010
10011011011011110001100001010101
11111100001000101011001111111010
00011011011011100001100001110101
01101100011000001011001110111010
00011011011001100001100001010100
01101100011000001001001110110100
00000011010001001001100001010100
01101010111000001100001110110101
00000011010101001001100011000100
01100010111010001111001110110101
10011011010101101011101010000110
10000000111111001111011010101001
10011011010101110101100000010100
11000000111111001111011010101001
10011011010101110101100000010100
11000000111111001111011010101001
10011011010101110101100000010100
10000000111111001111011010101001
10011011010101110101100000010100
10000000111111001111011010101001
10011011010101110101100000010100
10000000111111001111011010101001
10011011010101110101100000010100
10000000111111001111011010101001
10011011010101110101100000010100
10000000111111001111011010101001
10011011010101110101100000010100
10000000111111001111011010101001
10011011010101110101100000010100
10000000111111001111011010101001
10011011010101110101100000010100
10100011101010111011111000010101
10101001000001001000011100000011
01000010111011001011001010010100
10100010100100011010111010000101
10000000111111001111011010101001
10011011010101110101100000010100
10000000111111001111011010101001
10011011010101110101100000010100
11000000111111001111011010101001
10011011010101110101100000010100
10100001101010001011001010001001
10011001000101100001111000010111
10101001101010111011001101001011
10011001001011100001111000010011
10111101001010111011111101001011
10011001001011110001101101010011
11111100001001001001111101100111
10000001011011111001100101001100
11111110011001001001110101100011
10001001010011011001100101001100
01010000011101001001110110100011
10101000110011011001100110001100
00000010111101001101110010100011
10101010110001011101100110001100
00010011111101011111110011100011
11101010110101011100010110001100
00010011111111011111110011100011
11101010110100011100010110001100
00010011111111011111110011000011
11101010100100011100010110001100
10010001101111011111110011000011
11101010100111011101010110101101
10010001101111010011110011000011
11101010100011011101011110101011
10010000101011110011110001001010
11111110111011110101011100110011
11011100101011101011000101001010
01111111011011110001110001110101
01111100111001101011001111111010
00011011111001110001100001110101
01101100111001001001001110110100
00000011110001001001100011010100
01100010111000001010001110110101
10000011010100001011101011000110
01100010111010001111011110110101
10011011010101101001101000000110
11000000111111001111011010101001
10011011010101110101100000010100
11000000111111001111011010101001
10011011010101110101100000010100
10000000111111001111011010101001
10011011010101110101100000010100
10000000111111001111011010101001
10011011010101110101100000010100
10000000111111001111011010101001
10011011010101110101100000010100
10000000111111001111011010101001
10011011010101110101100000010100
10000000111111001111011010101001
10011011010101110101100000010100
10000000111111001111011010101001
10011011010101110101100000010100
10000000111111001111011010101001
10011011010101110101100000010100
10100011101010111011111000010101
10101001000001001000011100000011
01000010111011001011001010110100
10100010100100011010111010000101
11000000111111001111011010101001
10011011010101110101100000010100
10000000111111001111011010101001
10011011010101110101100000010100
11000000111111001111011010101001
10011011010101110101100000010100
10100001101011011011011000000001
10101001000101111001111000000111
10110001101111011011110001000011
10101001000011111001001100000010
10110001001101011101110101101011
11001001011011111001100100001000
11010010011101001101110010100011
00101000111001011101100110001100
00000011111101001100110010110010
00101010110101011110110110001100
00000011111111011110110010100010
00111010110100011110010110101100
00000011111111011110110010101000
10111010100100010110010010100101
00000011111111111110110010001100
10111010100100010110010010100101
00000011111111111110110010001100
10110010100100010110010010100101
00000011111111011110110010001101
10110000000100010110010110100101
00000011111111011110110010001101
10111000000100010110010110100100
00010011101111011110110010001101
10100000000100011110010110100000
10010011101111010110110011001011
11111000000100011111011110100011
10010001101110110011110001001011
11111010001011110111011100110011
10010100101010110011000101001010
01011110111011110101111001110001
01011100111001001111001111111010
00010110111001010101100011110101
01101000111001001011001110110100
00100011110100001001100011000100
01100010111010001011001110110101
10001011010101001011101010000110
11000000111111001111011010101001
10011011010101110101100000010100
10000000111111001111011010101001
10011011010101110101100000010100
11000000111111001111011010101001
10011011010101110101100000010100
10000000111111001111011010101001
10011011010101110101100000010100
10000000111111001111011010101001
10011011010101110101100000010100
10000000111111001111011010101001
10011011010101110101100000010100
10000000111111001111011010101001
10011011010101110101100000010100
10000000111111001111011010101001
10011011010101110101100000010100
10000000111111001111011010101001
10011011010101110101100000010100
10100011101010111011111000010101
10101001000001001000011100000011
01000010111011001011001010110100
10100010110100011010111010000101
11000000111111001111011010101001
10011011010101110101100000010100
10000000111111001111011010101001
10011011010101110101100000010100
10000000111111001111011010101001
10011011010101110101100000010100
10100001101111001111011010000101
10101001000101011001100000000100
10100011101101011101110000000101
10101001000001111001000100000100
10000011111111011100110000101011
10011000011101111101000100001100
00000011111111011100110010101000
00111010111101010110010010100100
00000010111111111110000010011100
00110010100100010110010010100101
00000011111111011110000010011100
00110010100100010110011010100101
00000011111110011110000010011100
10110010000100010110011010100111
00000011111110011110011010001101
10011010000100110111111010100111
00000000111111001111011010101101
10011010010101110111100010110100
00000011111111001111011010111101
10011010010101110110100010000100
00000011111111001111011010101101
10011000000100110110100000000100
00000011111111001111110010101101
10011000000100111110100000000100
10000011101111011110110010000101
10101000000100011110010100000100
10000011101110110010110001001011
11101000000000101110011100000011
10010001101110110011110001001010
11011000001011110111011100110011
01011100001111100111000111101010
01010110111011110101100011110101
01010000111001001111001110110110
00110010110100010101100011011100
01000010111001001011001110110101
10100011110100001000101011000100
11000000111011001111011010111001
10011011010101111001100000010100
10000000111111001111011010101001
10011011010101110101100000010100
10000000111111001111011010101001
10011011010101110101100000010100
10000000111111001111011010101001
10011011010101110101100000010100
10000000111111001111011010101001
10011011010101110101100000010100
10000000111111001111011010101001
10011011010101110101100000010100
10000000111111001111011010101001
10011011010101110101100000010100
10000000111111001111011010101001
10011011010101110101100000010100
10000000111111001111011010101001
10011011010101110101100000010100
10100011101010111011111000010101
10101001000001001000011100000011
01000010111010001011001010110100
10100010100100001010111010000111
11000000111111001111011010101001
10011011010101110101100000010100
10000000111111001111011010101001
10011011010101110101100000010100
10000000111111001111011010101001
10011011010101110101100000010100
10100001111111001111011010101101
10001001010101111101100000000100
10100011111111001101111010100101
10001001010101111110100100000100
10000011111111001100110010101001
10011000011101100110000010100100
00000010111110011110010010101000
10110010100100010110111010110111
00000000111110011110001010011101
10110010000100110111111010110111
10000000111111001111001010101001
10011010010101110111101010110101
10000000111111001111011010101001
10011011010101110101100000010100
10000000111111001111011010101001
10011011010101110101100000010100
10000000111111001111011010101001
10011011010101110101100000010100
11000000111111001111011010101001
10011011010101110101100000010100
10000000111111001111011010101001
10011011010101110101100000010100
10000000111111001111011010101001
10011011010101110101100000010100
10100001101111001111011010001101
10001001000101111100100000000100
10100011101111111011110000000101
10101001000001101010011100000011
10110011101110110011110001001011
11011001001011100111011100110011
11010000001110010100110101101010
01010010111011110101100100111000
01010000111011001110000110110110
00110010110100010101100011111100
01000000111001001011001110110100
00100010110100011010111011000101
01000000111011001111001010110001
10011011010101011001100010010100
10000000111111001111011010101001
10011011010101110101100000010100
10000000111111001111011010101001
10011011010101110101100000010100
10000000111111001111011010101001
10011011010101110101100000010100
10000000111111001111011010101001
10011011010101110101100000010100
10000000111111001111011010101001
10011011010101110101100000010100
10000000111111001111011010101001
10011011010101110101100000010100
10000000111111001111011010101001
10011011010101110101100000010100
10000000111111001111011010101001
10011011010101110101100000010100
10100011101010111011111000010101
10101001000001001000011100000011
01000010111001001011001010110100
10100010100100011010111010000111
11000000111111001111011010101001
10011011010101110101100000010100
10000000111111001111011010101001
10011011010101110101100000010100
11000000111111001111011010101001
10011011010101110101100000010100
11000000111111001111011010101001
10011011010101110101100000010100
10000000111111001111011010101001
10011011010101111101100000010100
10000000111111001111011010101001
10011011010101110101100000010100
10000000111111001111011010101001
10011011010101110101100000010100
10000000111111001111011010101001
10011011010101110101100000010100
10000000111111001111011010101001
10011011010101110101100000010100
11000000111111001111011010101001
10011011010101110101100000010100
10000000111111001111011010101001
10011011010101110101100000010100
10000000111111001111011010101001
10011011010101110101100000010100
10000000111111001111011010101001
10011011010101110101100000010100
11000000111111001111011010101001
10011011010101110101100000010100
10000000111111001111011010101001
10011011010101110101100000010100
10000000111111001111011010101001
10011011010101110101100000010100
10100011101010111011111000010101
10101001000001101010011100000111
10100011101110111111110001001011
11001001001011101001011100010011
11110000001111011100110101101010
00011010011011110101100100111000
01010010111010001100000110110110
00110010110100010111100011111100
01000010111011001011001010110100
00100010110100011010111010000101
01000000111011001111001010111001
10111011010101010101100010010100
11000000111111001111011010101001
10011011010101110101100000010100
11000000111111001111011010101001
10011011010101110101100000010100
11000000111111001111011010101001
10011011010101110101100000010100
10000000111111001111011010101001
10011011010101110101100000010100
10000000111111001111011010101001
10011011010101110101100000010100
10000000111111001111011010101001
10011011010101110101100000010100
10000000111111001111011010101001
10011011010101110101100000010100
10000000111111001111011010101001
10011011010101110101100000010100
10100001101010111011111000010101
10101001000000011000011100000011
01000010111011001011001010110100
10100010110100011010111010000101
11000000111111001111011010101001
10011011010101110101100000010100
10000000111111001111011010101001
10011011010101110101100000010100
10000000111111001111011010101001
10011011010101110101100000010100
11000000111111001111011010101001
10011011010101110101100000010100
10000000111111001111011010101001
10011011010101110101100000010100
10000000111111001111011010101001
10011011010101110101100000010100
10000000111111001111011010101001
10011011010101110101100000010100
10000000111111001111011010101001
10011011010101110101100000010100
10000000111111001111011010101001
10011011010101110101100000010100
10000000111111001111011010101001
10011011010101110101100000010100
10000000111111001111011010101001
10011011010101110101100000010100
11000000111111001111011010101001
10011011010101110101100000010100
11000000111111001111011010101001
10011011010101110101100000010100
11000000111111001111011010101001
10011011010101110101100000010100
10000000111111001111011010101001
10011011010101110101100000010100
10100001101010001011001010001001
10011011011101100001101000010111
10101001101010111011101000010001
10101001000001101000011000010011
10111001001100111101111101001111
11001001001011101001000100000010
11110010001111001100110101101010
00011010011001110101100100111100
01000010111011001100000110110110
00110010110100010111100011101100
01000010111011001011001010110100
00100010110100011010111010000111
00000000111111001111001010101001
10111010010101110101100010010100
10000000111111001111011010101001
10011011010101110101100000010100
11000000111111001111011010101001
10011011010101110101100000010100
11000000111111001111011010101001
10011011010101110101100000010100
10000000111111001111011010101001
10011011010101110101100000010100
11000000111111001111011010101001
10011011010101110101100000010100
11000000111111001111011010101001
10011011010101110101100000010100
11000000111111001111011010101001
10011011010101110101100000010100
10000000111111001111011010101001
10011011010101110101100000010100
10100011101010111011111000010001
10101001000001011000011100000011
01000010111010001011001010110100
10100010100100001010111010000111
10000000111111001111011010101001
10011011010101110101100000010100
10000000111111001111011010101001
10011011010101110101100000010100
10000000111111001111011010101001
10011011010101110101100000010100
10000000111111001111011010101001
10011011010101110101100000010100
11000000111111001111011010101001
10011011010101110101100000010100
11000000111111001111011010101001
10011011010101110101100000010100
11000000111111001111011010101001
10011011010101110101100000010100
10000000111111001111011010101001
10011011010101110101100000010100
11000000111111001111011010101001
10011011010101110101100000010100
11000000111111001111011010101001
10011011010101110101100000010100
10000000111111001111011010101001
10011011010101110101100000010100
10000000111111001111011010101001
10011011010101110101100000010100
10000000111111001111011010101001
10011011010101110101100000010100
10100000111111001111001010001001
10011011010101110101100000010101
10101001101010001011001010011001
10011011011101100010111000010111
10101001101010111011001100011001
10011001001001100001111001110111
10111101101000110011101101011111
10000001000010101001101101000011
10111111001101001101110101001111
10001001001011111001100101001000
01010010011111001100110111101010
00011010111001110101100110111100
01000010111011001010000010110010
00110010110100010110110010111101
01000000111011001011001010010100
10100010110100011110111010000101
10000000111111001111011010101001
10011011010101110101100000010100
10000000111111001111011010101001
10011011010101110101100000010100
10000000111111001111011010101001
10011011010101110101100000010100
11000000111111001111011010101001
10011011010101110101100000010100
10000000111111001111011010101001
10011011010101110101100000010100
10000000111111001111011010101001
10011011010101110101100000010100
11000000111111001111011010101001
10011011010101110101100000010100
11000000111111001111011010101001
10011011010101110101100000010100
10000000111111001111011010101001
10011011010101110101100000010100
10100011101010111011111000010001
10101001000001001010011100000011
01000010111001001011001010010100
10100010100100011010111010000111
11000000111111001111011010101001
10011011010101110101100000010100
10000000111111001111011010101001
10011011010101110101100000010100
10000000111111001111011010101001
10011011010101110101100000010100
10000000111111001111011010101001
10011011010101110101100000010100
10000000111111001111011010101001
10011011010101110101100000010100
11000000111111001111011010101001
10011011010101110101100000010100
11000000111111001111011010101001
10011011010101110101100000010100
10000000111111001111011010101001
10011011010101110101100000010100
10000000111111001111011010101001
10011011010101110101100000010100
10000000111111001111011010101001
10011011010101110101100000010100
10000000111111001111011010101001
10011011010101110101100000010100
10000001111010001011001010001001
10011011010101100001101000010111
10101001101010101011001000001001
10011011011101100010111000110111
10101001101010101011001100011001
10011001001001100001101001110111
10101101101010110011001101011011
10011001001001100001101001010111
11111101001000100011001101001111
10000001001011100001101001010011
11111101001001001101111101010111
10000001000011111001100101001100
11100111011101001100110110100111
00001001010001111001100100001100
01000010011111001100010010110010
00011010110101011111100010101100
01000010111010001010000010110000
00110010110100010110111010110101
00010000111011111111001010011100
10110010000100010110111010110101
11000000111111001111011010101001
10011011010101110101100000010100
11000000111111001111011010101001
10011011010101110101100000010100
10000000111111001111011010101001
10011011010101110101100000010100
10000000111111001111011010101001
10011011010101110101100000010100
10000000111111001111011010101001
10011011010101110101100000010100
10000000111111001111011010101001
10011011010101110101100000010100
10000000111111001111011010101001
10011011010101110101100000010100
10000000111111001111011010101001
10011011010101110101100000010100
11000000111111001111011010101001
10011011010101110101100000010100
10100011101010111011111000010101
10101001000000001010011100000011
01000010111011001011001010110100
10100010110100011010111010000101
10000001111010001011001010101001
10011011010101100001101000010111
10100001101010001011001010001001
10011011011101100000111000110111
11101000101111001111001110101101
10010011010101110101100000110100
01100010111010001110001110110101
10010011010101101011101000000110
10000011111110001111011010111001
10011011010101111101101000000110
11000000111111001111011010101001
10011011010101110101100000010100
11000000111111001111011010101001
10011011010101110101100000010100
10000000111111001111011010101001
10011011010101110101100000010100
10000000111111001111011010101001
10011011010101110101100000010100
11000000111111001111011010101001
10011011010101110101100000010100
10000000111111001111011010101001
10011011010101110101100000010100
10100001101010011011001000001001
10011001001101100010111000010111
10101001101010110011001101001011
10011001001011100001111001110011
11111100000010100011001101001011
10011001001011100001101001110011
11111101001000000001001101010111
10000001000011101001101001010110
11111101001000001001111101100111
10001001011011101001100101001110
11110110011101001101110101100111
00001001011011011001100101001100
01000010111101001100000110110010
00011010111001001110100010001100
01000010111010001010000010111000
00110010110100000110111010110101
01000000111010010010001010011100
00110010100100000110111010100111
00010000111010001111001010011101
10110011000100110111101010000111
11000000111111001111011110101001
10011011010101110101100000010100
11000000111111001111011010101001
10011011010101110101100000010100
10000000111111001111011010101001
10011011010101110101100000010100
10000000111111001111011010101001
10011011010101110101100000010100
11000000111111001111011010101001
10011011010101110101100000010100
11000000111111001111011010101001
10011011010101110101100000010100
11000000111111001111011010101001
10011011010101110101100000010100
10000000111111001111011010101001
10011011010101110101100000010100
10000000111111001111011010101001
10011011010101110101100000010100
10100011101010111011111000010101
10101001000001011000011100000011
01000010111010001011001010010100
10100010100100001010111010000111
10100001101010011011001000001001
10011001001101100010111000010111
10101001101010111011001101001011
10011001001011100001111001110011
11111100001110001101001100101110
00011011011001100101100001110100
01101010011000001101001110110101
00000011010001001001100011000100
01100011111010001010001110110101
10001001010101001011101010000110
11000000111111001111011010101001
10011011010101110101100000010100
11000000111111001111011010101001
10011011010101110101100000010100
11000000111111001111011010101001
10011011010101110101100000010100
10000000111111001111011010101001
10011011010101110101100000010100
11000000111111001111011010101001
10011011010101110101100000010100
10000000111111001111011010101001
10011011010101110101100000010100
10100001101010011011011000000001
10101001000001111001111100010111
10111001101010111011111101001011
11001001001011111001001100010011
10111101001101111001110101001011
11001001011011110001100101110000
11111101001001101001110101100011
11001101011011111001100101011100
11100111001001100001100101110010
11001101011011001000100001001100
01100110011110100000000111111010
00011110111001000110100011111111
01101110111010100010000111111010
00010110111000000110111011110111
01101100111010100011001111011110
00010011110000000010111011110111
01101100111000100011001110111100
00010011010000100011101001010111
01101010111000001000001110110101
00000011010000101011101001000110
01101010111010001100001110110101
10010011010001101011101001000110
01100010111010001111001110110101
10010011010101101001101000000110
11000000111111001111011110111001
10011011010101110101100000010100
10000000111111001111011010101001
10011011010101110101100000010100
10000000111111001111011010101001
10011011010101110101100000010100
11000000111111001111011010101001
10011011010101110101100000010100
11000000111111001111011010101001
10011011010101110101100000010100
10000000111111001111011010101001
10011011010101110101100000010100
10000000111111001111011010101001
10011011010101110101100000010100
10100011101010111011111000010101
10101001000001011010011100000011
01000010111010001011001010010101
10100010100100001010111010000111
10100001101010011011011000000001
10101001000001111001111100010111
10111001101010111011111101001011
11011001001011110001011100010011
11111100000111001101001101101010
00011011011011110101100001110100
01001100011001001101001110110110
00010011110001010001100011011100
01100010111000001011001110110101
10100011110100001001101011000100
11000010111011001111011110111001
10011011010101111001100000010100
10000000111111001111011010101001
10011011010101110101100000010100
11000000111111001111011010101001
10011011010101110101100000010100
10000000111111001111011010101001
10011011010101110101100000010100
11000000111111001111011010101001
10011011010101110101100000010100
10000000111111001111011010101001
10011011010101110101100000010100
10100001101101011011111000000101
10101001000001011001000100000110
10110011101101011101110001000011
10001001000011111001000100000000
10010011001111011101110001101011
11001000011011111101000100001000
10010011101101011111110011100011
11101010111011011101010110101000
10010000101101011011110011000011
11101110100011011101010110101101
10010000101011010011110011000010
11111010111011010101010110111101
10010100101011110011000111000010
11110110111011010001111011110111
11011100101011100011000101001010
11111111011011110001111001110101
11111100001000001011001111111010
00011111011011110001100001110101
01101100111000101011001110111010
00001011011001100001100001010101
01101100011000001001001110111110
00011011011001100001100001010100
01101000111000001001001110110101
00010011010001101001100001010100
01101010111010001100001110110101
10000011010001101011101001000110
01100010111010001110001110110101
10010011010101101001100000000100
11000010111111001111011010111001
10011011010101110101100000010100
10000000111111001111011010101001
10011011010101110101100000010100
10000000111111001111011010101001
10011011010101110101100000010100
10000000111111001111011010101001
10011011010101110101100000010100
10000000111111001111011010101001
10011011010101110101100000010100
10100011101010111011111000010101
10101001000000001010011100000011
01000010111001001011001010010100
10100010100100011010111010000101
10100011101011011011111000000101
10101001000001011000011100000111
10100011101110111011110001001011
11001001001011111001011100000011
10011100001110010101110101101010
01011011011011110101100100110000
01011100011011001101000111111110
00010010111101010101100011111100
01000010111001001011001110110100
00100010110100001000100011000100
01100010111010001011001110110101
10001011010101001011101010000100
10000000111111001111011010101001
10011011010101110101100000010100
11000000111111001111011010101001
10011011010101110101100000010100
10000000111111001111011010101001
10011011010101110101100000010100
10000000111111001111011010101001
10011011010101110101100000010100
10000000111111001111011010101001
10011011010101110101100000010100
10100001101101001111111010000101
10101001000100011000100000000100
10100011101101001101110000100101
10001001000001111111000100000100
10000011111111011100110010101001
10011000000101111111010110001100
00000011111111011100110011001101
10111000100100010110010110101100
00000011111111011110110011000101
10100000100100011110010110101101
00010011111111011110110011001011
11110010100100010110010110101001
10010011101111111110110011001011
11100000100100010110011110100011
10010001101111011111110001001011
11111010101111010101010110101001
10010000101011010011110001001010
11111010111011110101011110110011
10010100101011110011000101001010
11111110111011110001111001110101
11011100101011101011000111001010
01111111011011110001100001110101
01101100111000001011001110111010
00011011011001100001100001010101
01101100011000001001001110110110
00000011010001001001100001010100
01101010111000001101001110110101
00000011010001001001100001000100
01100010111010001011001110110101
10001011010101001001101010000110
11000000111111001111011010111001
10011011010101110101100000010100
10000000111111001111011010101001
10011011010101110101100000010100
11000000111111001111011010101001
10011011010101110101100000010100
10000000111111001111011010101001
10011011010101110101100000010100
10100011101010111011111000010101
10101001000000011000011100000011
01000010111011001011001010010100
10100010100100011010111010000101
10100001101111001111111000000101
10101001000101011000100100000100
10100011101111111011110001000011
10101001000011111001011100000010
10110011001110110011110001001011
11011001001011100101011100110011
01011100011111101111000111101010
00010110111011110101100011110101
01010000111001001011001110110100
00100010110100010000100011000101
01100010111010001010001110110101
10100011110100001011101011000110
11000000111111001111011010101001
10011011010101110101100000010100
11000000111111001111011010101001
10011011010101110101100000010100
10000000111111001111011010101001
10011011010101110101100000010100
10000000111111001111011010101001
10011011010101110101100000010100
10000000111111001111011010101001
10011011010101110101100000010100
10100001111111001111011010101101
10001001010101111101100000000100
10100011111111001111011010101101
10001001010101111110100000000100
00000011111111001110111010101101
10011000000101110110100000000100
00000011111111011110010010101101
10011000000100110110010010100100
00000011111111011110010010011101
10011000000100010110010010100100
00000011111111011110110010011101
10111000000100010110010110100100
00000011111111011100110010001101
10101000000100011110010100000100
10000011101111011100110010001101
10111000000100011110010110100100
10010011101111011110110011000111
10100000000100011111011110100010
10010011101111010110110001001011
11111000000110010111011110100011
10010001101111110011110001001010
11111010001011110101011100110011
10010100101011110011000101001010
11111110111011110101111001110011
01011100101011101011001111111010
00011111111011110000100001110101
01101100111001001001001110111110
00010011111001000001100011010100
01101010111000001000001110110101
00000011110000001001100011000100
01100010111010001010001110110101
10001011010101001011101010000110
11000000111111001111011010101001
10011011010101110101100000010100
11000000111111001111011010101001
10011011010101110101100000010100
10000000111111001111011010101001
10011011010101110101100000010100
10100001101010111011111000010101
10101001000001011000011100000011
01000010111011001011001010110100
10100010100100001010111010000111
10100001101111001111011010001101
10101001000101111001100000000100
10100011101101111111110000000101
10101001000001011000010100000010
10100011101110110010110001001011
11011001001011101001011100110011
10010000001110110111110101101010
01011110111011110101111100110011
01011100111011101111001110111110
00110110110100010100100011110101
01100000111001001011001110110100
00100011110100001000100011000100
01100010111010001010001110110101
10001011010101001011101010000110
11000000111111001111011010101001
10011011010101110101100000010100
10000000111111001111011010101001
10011011010101110101100000010100
10000000111111001111011010101001
10011011010101110101100000010100
10000000111111001111011010101001
10011011010101110101100000010100
10000000111111001111011010101001
10011011010101110101100000010100
10000000111111001111011010101001
10011011010101110101100000010100
10000000111111001111011010101001
10011011010101110101100000010100
10000000111111001111011010101001
10011011010101110101100000010100
10000000111111001111011010101001
10011011010101110101100000010100
10000000111111001111011010101001
10011011010101110101100000010100
10100011111111001111011010101101
10001001010101111110100000000100
10100011111111001111111010101101
10011000010101111110100000000100
00000011111111011100110010001101
10001000000100011110010100000100
10000011101111011100110010000101
10101000000100011110010100000110
10010011101111011110110001001111
10111000000100111111011100100010
10010011101110110010110001001011
11111000001010110111011100100011
10010000101010110011110001001010
11111110001011110101011100110011
01011100101011101011000111101010
01011110111011110101100011110101
01101100111001001011001110110110
00010011110001000000100011010100
01101010111000001001001110110101
00000011110000001001100011000100
01100010111010001110001110110101
10001011010101001011101000000110
11000000111111001111011010101001
10011011010101110101100000010100
10000000111111001111011010101001
10011011010101110101100000010100
10100011101010111011111000010101
10101001000001001010011100000011
01000010111011001011001010110100
10100010100100011010111010000101
10000000111111001111011010101001
10011011010101110101100000010100
10100011101101011111111000000101
10101001000000011000000100000100
10100011101111011111110001000011
10001001001011111011011100000010
10010011101110110011110001001010
11011010001011100111011100110011
01011100101010100011000111101010
01010110111011110101111011110101
01011100111001001111001110110110
00100010110100010000100011010101
01100010111000001010001110110101
10000011110100001001101011000100
01100010111010001111001110110101
10011011010101101011101000000110
10000000111111001111011010101001
10011011010101110101100000010100
10000000111111001111011010101001
10011011010101110101100000010100
10000000111111001111011010101001
10011011010101110101100000010100
10000000111111001111011010101001
10011011010101110101100000010100
10000000111111001111011010101001
10011011010101110101100000010100
10000000111111001111011010101001
10011011010101110101100000010100
10000000111111001111011010101001
10011011010101110101100000010100
11000000111111001111011010101001
10011011010101110101100000010100
10000000111111001111011010101001
10011011010101110101100000010100
10000000111111001111011010101001
10011011010101110101100000010100
10000000111111001111011010101001
10011011010101110101100000010100
10000000111111001111011010101001
10011011010101110101100000010100
10100011111111001111011010101101
10001001000101111100100000000100
10100011111111001101110010100101
10001000000101111110000100000100
10000011101111011110110000000101
10101000000100011110011100000010
10010011101110110110110001001011
11111000001011110111011100100011
10010000101110110011110001001010
11011010001011110101011100110011
01011100101010100011000111101010
01010110111011110101111011110101
01111100111001001011001110110110
00100011110000010001100011010100
01101010111000001001001110110101
00000011110101001001100011000100
01100010111010001011001110110101
10001011010101001001101000000110
11000000111111001111011010101001
10011011010101110101100000010100
10100011101010111011111000010101
10101001000001001010011100000111
01000010111011001011001010110100
10100010100100011010111010000101
11000000111111001111011010101001
10011011010101110101100000010100
10100001101111001111011010000101
10101001000101011000100000000100
10100011101101011111110000000101
10101001000001111010000100000110
10100011101110010010110001001011
11011001001011111111011100100011
10010000101110110011110101001010
01011110011011110101011100110011
01011100111011101011001111111010
00010110111001110100100011110101
01101100111001001011001110110100
00100011110000001000100011010100
01101010111000001010001110110101
10000011010100001011101011000110
01100010111010001111001110110101
10011011010101101001101000000100
11000000111111001111011010101001
10011011010101110101100000010100
11000000111111001111011010101001
10011011010101110101100000010100
11000000111111001111011010101001
10011011010101110101100000010100
11000000111111001111011010101001
10011011010101110101100000010100
10000000111111001111011010101001
10011011010101110101100000010100
11000000111111001111011010101001
10011011010101110101100000010100
11000000111111001111011010101001
10011011010101110101100000010100
10000000111111001111011010101001
10011011010101110101100000010100
10000000111111001111011010101001
10011011010101110101100000010100
11000000111111001111011010101001
10011011010101110101100000010100
11000000111111001111011010101001
10011011010101110101100000010100
10000000111111001111011010101001
10011011010101110101100000010100
10100011111111001111011010101001
10011001010101111101100000000100
10100011101111001111110010000101
10101001000100011110000100000100
10100011101111011110110000000101
10101001000000111111011100000010
10010011101110110010110001001011
11111000001011110111011100100011
10010000101110110011110001001010
01011110011011110101011100110011
01011100111011101111000111111010
00010110111001110101100011110101
01001000111001001011001110110100
00100010110100001001100011000100
01100010111000001010001110110101
10000011010100001011101010000110
11000000111111001111011110101001
10011011010101110101100000010100
10100001101010111011111000010101
10101001000000011000011100000011
01000010111011001011001010110100
10100010100100011010111010000111
11000000111111001111011010101001
10011011010101110101100000010100
10000000111111001111011010101001
10011011010101110101100000010100
10100011101101001111111010000101
10101001000101011000100100000100
10100011101111011110110000000101
10101001000001111011010100000010
10010011101110010010110001001011
11011000001011110111011100110011
10010100101010110011000101001010
01011110111011110101111011110011
01011100111011101011001111111010
00110110111001010101100011110101
01101100111000001011001110110100
00000011110000001001100011010100
01101010111000001101001110110101
10000011010101001001100011000100
01100010111010001011001110110101
10001011010101001001101000000110
11000000111111001111011010101001
10011011010101110101100000010100
11000000111111001111011010101001
10011011010101110101100000010100
11000000111111001111011010101001
10011011010101110101100000010100
10000000111111001111011010101001
10011011010101110101100000010100
11000000111111001111011010101001
10011011010101110101100000010100
10000000111111001111011010101001
10011011010101110101100000010100
10000000111111001111011010101001
10011011010101110101100000010100
10000000111111001111011010101001
10011011010101110101100000010100
10000000111111001111011010101001
10011011010101110101100000010100
10000000111111001111011010101001
10011011010101110101100000010100
11000000111111001111011010101001
10011011010101110101100000010100
11000000111111001111011010101001
10011011010101110101100000010100
10100001111111001111011010101101
10001001010101111101100000000100
10100011101101001111111010000101
10101001000101011000000100000100
10100011101111011110110000000101
10101001000001111010011100000010
10010011101110110010110001001011
11011000001011110111011100110011
10010000101110110111000101101010
01011110111011110101111010110001
01011100111001001111001110111110
00110010110100010101100011110101
01000010111001001011001110110101
00100011110100001001100011000100
01100010111010001011001110110101
10001011010101001011101010000110
10100011101010111011111000010101
10101001000000011010011100000011
01000010111011001011001010110100
10100010100100001010111010000111
10000000111111001111011010101001
10011011010101110101100000010100
10000000111111001111011010101001
10011011010101110101100000010100
10100001101111001111011010001101
10001001010101111101100000000100
10100011101101001111110000000101
10101001000000011000000100000100
10100011101111011110110001000011
10001001000001111111011100000010
10010001101110110010110001001011
11111000001011110111011100110011
10010100101010110011000101001010
01011110111011110101111011110001
01011100111001101011001111111010
00110111111001010000100011110101
01101100111000001001001110110110
00010011110001000000100001010100
01101010111000001001001110110101
10000011010000001001100001000100
01100010111010001110001110110101
10010011010101101011101000000110
01000010111110001111011010111001
10011011010101110101101000010110
10000000111111001111011010101001
10011011010101110101100000010100
10000000111111001111011010101001
10011011010101110101100000010100
11000000111111001111011010101001
10011011010101110101100000010100
11000000111111001111011010101001
10011011010101110101100000010100
10000000111111001111011010101001
10011011010101110101100000010100
11000000111111001111011010101001
10011011010101110101100000010100
10000000111111001111011010101001
10011011010101110101100000010100
10000000111111001111011010101001
10011011010101110101100000010100
10000000111111001111011010101001
10011011010101110101100000010100
10000000111111001111011010101001
10011011010101110101100000010100
11000000111111001111011010101001
10011011010101110101100000010100
10100001111111001111011010101101
10001001010101111101100000000100
10100011101101001111110000000101
10101001000001011000000100000100
10100011101110110010110001000011
10001001001011101011011100000011
10010001101110110011110001001010
11011010001011110101011100110011
01010100011111001111000111101010
00010110111001110101100011110101
01000000111001001011001110110100
00100010110100011000100011000100
01000010111010001011001110110101
10100011110101001011101010000100
10100011101010111011111000010101
10101001000000001010011100000111
01000010111011001011001010110100
10100010100100011010111010000101
11000000111111001111011010101001
10011011010101110101100000010100
10000000111111001111011010101001
10011011010101110101100000010100
10000000111111001111011010101001
10011011010101110101100000010100
10100011111111001111011010101101
10001001010101111100100000000100
10100011101101011101110000000101
10101001000000011010000100000100
10000011101111011100110001000011
10101000000000111111011100000010
10010011101110010010110001001011
11011010001011110111011100110011
10010100101010110011000101001010
01111110111011110101111000110011
01011100101010100011001111111010
00011111111011100001101001110101
01101100111000101011001110111110
00010011011001000000100001010100
01101110111000001001001110110100
00000011010001001001100001010100
01101010111010001010001110110101
10000011010001001011101001000110
01100010111010001111001110111101
10011011010101101011101000000110
11000000111111001111011010101001
10011011010101110101100000010100
11000000111111001111011010101001
10011011010101110101100000010100
10000000111111001111011010101001
10011011010101110101100000010100
10000000111111001111011010101001
10011011010101110101100000010100
11000000111111001111011010101001
10011011010101110101100000010100
11000000111111001111011010101001
10011011010101110101100000010100
11000000111111001111011010101001
10011011010101110101100000010100
10000000111111001111011010101001
10011011010101110101100000010100
10000000111111001111011010101001
10011011010101110101100000010100
11000000111111001111011010101001
10011011010101110101100000010100
10000000111111001111011010101001
10011011010101110101100000010100
10100001101111001111011010000101
10001001000101111000100000000100
10100011101111111011110000000001
10101001000001101010011100000011
10110011101110110011110001001011
11011001001011100111011100110011
11010000001110010101000111101010
00010010111011110101100010110100
01010000111001001111000110110110
00110010110100010101100011110101
01000010111001001011001110110101
10100010110100001010101011000101
10100011101000111011111000010101
10101001000000001010011100000111
01000010111011001011001010110100
10100010100100011010111010000111
11000000111111001111011010101001
10011011010101110101100000010100
10000000111111001111011010101001
10011011010101110101100000010100
10000000111111001111011010101001
10011011010101110101100000010100
10000000111111001111011010101001
10011011010101110101100000010100
10100011111111001111011010000101
10001001010101111000100000000100
10100011101111001101110000000101
10001001000101011110000100000100
10000011101111011100110001000111
10101000000000111111011100000010
10010011101110010010110001001011
11111000001011110111011100110011
10010000101011110011110001001010
11111110001011110101011100110011
11011100101010100011000111001010
01011111111011110101111001110101
01101100111000101011001111111010
00010011111001000000100001110101
01101100111000001011001110110110
00000011010001001000100001010100
01101010111000001001001110110101
00000011010001101001101001010110
01101010111010001100001110110101
10010011010001101011101001000110
01100010111010001111001110111101
10011011010101101001101000000110
11100000111111001111011110111101
10011011010101110101100000010100
11000000111111001111011010101001
10011011010101110101100000010100
10000000111111001111011010101001
10011011010101110101100000010100
10000000111111001111011010101001
10011011010101110101100000010100
11000000111111001111011010101001
10011011010101110101100000010100
11000000111111001111011010101001
10011011010101110101100000010100
10000000111111001111011010101001
10011011010101110101100000010100
10000000111111001111011010101001
10011011010101110101100000010100
10000000111111001111011010101001
10011011010101110101100000010100
10100001111111001111011010101001
10011011010101110101100000010100
10100011101011111011111000010101
10101001000001101010011100000111
10100011101110110011110001001011
11001001001011101001011100010011
11010000001110010100110101101010
00011010011011110101100100111000
01010000111011001100000110110110
00110010110100010111100011111100
01000010111011001011001110110100
00100010110100011010111010000101
10100011101000111011111000010101
10101001000000001010011100000111
01000010111011001011001010110100
10100010100100001010111010000111
10000000111111001111011010101001
10011011010101110101100000010100
10000000111111001111011010101001
10011011010101110101100000010100
10000000111111001111011010101001
10011011010101110101100000010100
10000000111111001111011010101001
10011011010101110101100000010100
10000000111111001111011010101001
10011011010101110101100000010100
10100011111111001111011010101101
10001001010101111100100000000100
10100011101111001101110010000101
10001001000100011110000100000100
10000011101111011100110000000101
10101000000100111111010100000010
10010011101111010110110001001011
11111000000010110111011100100011
10010001101111010011110001001010
11111010001011110101011100110011
10010100101011110011000101001010
01111110111011110101111011110001
01011100101011101011001111011010
01111111011011110001100001110101
01101100111000101011001110111010
00011011011001100001100001010101
01101100111000001011001110110110
00011011011001101000100001010100
01101100111000001001001110111100
00010011010001101001101001010100
01101010111010001001001110110101
10010011010001101011101001010110
01101010111010001111001110111101
10010011010001100011101001010110
01101010111010001111001110111101
10010011010101101001101000000110
11100000111010001111011110111101
10011011010101100001101000010100
11000000111111001111011110101001
10011011010101110101100000010100
11000000111111001111011010101001
10011011010101110101100000010100
11000000111111001111011010101001
10011011010101110101100000010100
10000000111111001111011010101001
10011011010101110101100000010100
11000000111111001111011010101001
10011011010101110101100000010100
10100001111010001011001010011001
10011011011101100010111000010111
10101001101010111011101000011001
10101001001001101000011000010011
10111001001100111101111101001111
11001001001011101001000100000010
11110010001110001100110101101010
00011010111001110101100100111100
01000010111011001100000110110110
00110010110100010111100011111100
01000000111011001011001010110100
00100010110100011010111010000101
10100011101000111011111000010101
10101001000000001010011100000111
01000010111011001011001010010100
10100010100100011010111010000101
10000000111111001111011010101001
10011011010101110101100000010100
10000000111111001111011010101001
10011011010101110101100000010100
10000000111111001111011010101001
10011011010101110101100000010100
10000000111111001111011010101001
10011011010101110101100000010100
10000000111111001111011010101001
10011011010101110101100000010100
10000000111111001111011010101001
10011011010101110101100000010100
10100001111111001111011010101001
10001001010101111101100000000100
10100011101111001111111010000101
10001001000101011110100100000100
10100011101111011100110010000101
10001000000100011110000100000100
10000011101111011100110001001111
10101000000100111111011100100010
10010011101111010110110001001011
11110000000110110111011110100011
10010000101111110011110001001010
11111010101011110101011110110011
10010100101011110011000101001010
11111110111011110101111001110101
11011100101010100011000101001010
11111111011011110001111001110101
11111100001000101011001111111010
00011011011011100001100001110101
01101100011000101011001110110010
10001011011001101001101001010101
01101100011000001001001110111110
00011011011001100001101001010110
01101100111000001001001110111110
00011011011001101001101001010110
01101010111010001001001110111101
10010011010001100011101001010110
01101010111010001011001110111101
10010011010001100011101001010110
01101010111010001011001110111101
10011011010001100011101001010110
01101010111010001011001110111101
10011011010001100011101001010110
11101011101010001011001110011101
10011001000001100011101001010111
11101001101010001011001110011100
10011001011001100011101001110111
10101001101010100011001100011101
10011001000001100011101001010111
10111101001000110011101101011111
10000001000010101001101101000011
10111111001101001101110101101111
10001001001011111001100101001000
01000010011101001100110111100010
00011010111001101101100010101100
01000010111011001010000010110010
00110010110100010111111010101101
01000000111011001011000010010100
10110010110100010110111010000101
10100001101011111011110000010101
10101001000000011010011100000111
01000010111011001011001010110100
10100010100100001010111010000111
10000000111111001111011010101001
10011011010101110101100000010100
10000000111111001111011010101001
10011011010101110101100000010100
10000000111111001111011010101001
10011011010101110101100000010100
10000000111111001111011010101001
10011011010101110101100000010100
10000000111111001111011010101001
10011011010101110101100000010100
10000000111111001111011010101001
10011011010101110101100000010100
10000000111111001111011010101001
10011011010101110101100000010100
10000001111111001111011010101001
10011011010101110101100000010100
10100011111111001111011010101101
10001001010101111110100000000100
10100011111111001101110010101101
10001000000100111110000100000100
10000011101111011100110010000101
10101000000100011110010100000100
10000011101111011110110011001011
10101000000100011111011100100010
10010011101111010110110001001011
11111000000110110111011110100011
10010000101111010011110001001011
11110010000011010101011110100011
10010000101011010011110001001010
11111010111011110101111110110111
11010100101011101011000101001010
11101110011011110001110001110101
11011100001001001011000101000010
10101111011011110001100001010101
11111100001000101011001101011010
10011111011011100001101001010101
11101100001000101011001101111010
10001011011011100001101001010101
11101100000000001011001101110010
10001011011001101001101001010111
11101100001000000011001100110010
10001011011001101001101001010111
11101100001000000011001100111111
10011011011001101001101001010111
11101100001000000011001100011111
10001001011001101001101001010111
11101100000000000011001101011011
10011001011011101001101001010111
11111100001000100011001101010111
10000001000011101001101001010110
11111101001001001001111101110111
10001001010011111001100101001100
11100110011101001100110110100111
00001001111001111001100101001100
01000010111111001100010010110010
00011010110101011111100010101100
01000010111011001010000010110000
00110010110100010110111010110101
00000000111011001011001010011000
10110010110100010110111010110101
10100001101010111011111000010101
10101001000000011010011100000011
01000010111011001011001010110100
10100010100100001010111010000111
10000000111111001111011010101001
10011011010101110101100000010100
10000000111111001111011010101001
10011011010101110101100000010100
10000000111111001111011010101001
10011011010101110101100000010100
10000000111111001111011010101001
10011011010101110101100000010100
10000000111111001111011010101001
10011011010101110101100000010100
10000000111111001111011010101001
10011011010101110101100000010100
10000000111111001111011010101001
10011011010101110101100000010100
10000000111111001111011010101001
10011011010101110101100000010100
10000000111111001111011010101001
10011011010101110101100000010100
10100001111111001111011010101001
10011001010101111101100000010100
10100011111111001111011010101101
10001001010101111110100000000100
10100011111111011100110010001101
10001000000100011110000100000100
10000011101111011100110010001101
10101000000100011110010100000100
10000011101111011100110010001101
10101000000100011111010110100100
10010011101111011110110011000011
11101000000100011110010110100011
10010011101111011110110011001011
11111010100100010111010110101001
10010001101111011011110011000011
11101010100111010101011110101001
10010000101111011011110001000011
11101010101011010101010110111001
10010000101011011011110101000011
11101010111011011101110100111101
11010100101001001011110101000011
11101010111011011001100101011101
11010100001001001011110101100011
11101011011011011001100101011101
11011100001001001011100101100011
11101011011011011001100001011100
11011100001001001011110101100011
11101011011011011001100101011100
11010100001001001011110101100011
10101011010011011001100101001100
11010100001001001001110101100011
11101000010011011001100100001100
01010010111101001101110010100011
10101000110011011101100110001100
01000010111111001101110010100010
00101010111101011100100010001100
00000010111111001110000010111000
00111010110100010110110010110101
00000000111011011011000010011000
00110010100100010110111010110101
00010000111011011111001010011101
10110010000100110111111010110101
10100001101010111011111000010101
10101001000001111000011100000011
01000010111011001011001010110100
10100010100100001010111010000111
10000000111111001111011010101001
10011011010101110101100000010100
10000000111111001111011010101001
10011011010101110101100000010100
10000000111111001111011010101001
10011011010101110101100000010100
10000000111111001111011010101001
10011011010101110101100000010100
10000000111111001111011010101001
10011011010101110101100000010100
10000000111111001111011010101001
10011011010101110101100000010100
10000000111111001111011010101001
10011011010101110101100000010100
10000000111111001111011010101001
10011011010101110101100000010100
10000000111111001111011010101001
10011011010101110101100000010100
11000000111111001111011010101001
10011011010101110101100000010100
11000000111111001111011010101001
10011011010101110101100000010100
10000001111111001111011010101001
10011001010101111101100000000100
10100011111111001111011010101101
10001001010101111110100000000100
00100011111111001101110010101101
10011000000100111110000000000100
00000011111111011100110010001101
10101000000100011110010100000100
10000011111111011100110010001101
10011000000100111110010110100100
00000011111111011100110010001101
10100000000100011110010110100100
10000011111111011100110010001101
10101000000100011110010110100100
00010011111111011110110011001011
10111000100100011110010110101000
00010011111111011110110011001011
11111010100100010110010110101001
00010011111111011110110011000011
11101010100100011110010110101101
00010011111111011110110011000011
11101010100100011110010110101101
00010011111111011111110011100011
11101010100100011110010110101100
00000011111111011111110011100011
11101010110100011110010110101100
00000011111111011100110010100010
00101010110100011110010110101100
00000011111111011110110010101000
00111010110100010110010010100101
00000010111111011110000010101000
00110010110100010110011010110101
00000000111110011110000010011000
00110010100100010110111010110111
00010000111111011111001010011101
10110010000100110111111010110101
10000000111111001111011010101001
10011011010101110101100000010100
10100011101010111011111000010001
10101001000001111000011100000011
01000010111011001011001010110100
10100010100100001010111010000111
10000000111111001111011010101001
10011011010101110101100000010100
10000000111111001111011010101001
10011011010101110101100000010100
10000000111111001111011010101001
10011011010101110101100000010100
10000000111111001111011010101001
10011011010101110101100000010100
10000000111111001111011010101001
10011011010101110101100000010100
10000000111111001111011010101001
10011011010101110101100000010100
10000000111111001111011010101001
10011011010101110101100000010100
11000000111111001111011010101001
10011011010101110101100000010100
10000000111111001111011010101001
10011011010101110101100000010100
10000000111111001111011010101001
10011011010101110101100000010100
10000000111111001111011010101001
10011011010101110101100000010100
10000000111111001111011010101001
10011011010101110101100000010100
10000000111111001111011010101001
10011011010101110101100000010100
10000000111111001111011010101001
10011011010101110101100000010100
10000001111111001111011010101001
10011011010101110101100000010100
10000011111111001111011010101001
10011001010101111111100000000100
00000011111111001111011010101101
10011000010101111110100000000100
00000011111111001110110010111101
10011000000100110110000000000100
00000011111111011110110010111101
10011000000100110110010010100100
00000011111111011110110010001101
10011000000100010110010110100100
00000011111111011100110010001101
10111000000100010110010110100100
00000011111111011110110010001101
10111000000100010110010110100100
00000011111111011110110010001101
10111010000100010110010110100101
00000011111111011110010010101100
00111010100100010110010010100101
00000011111111011110010010111100
10110010100100010110011010100101
00000011111110011110000010011100
10110010000100010110011010100111
00000000111110011110001010001100
10010010000100110111111010110111
00000000111111001111001010001101
10010010000100110111101010110101
11000000111111001111011010101001
10011011010101110101100000010100
10000000111111001111011010101001
10011011010101110101100000010100
10100011101010111011111000010001
10101001000001001010011100000011
01000010111011001011001010110100
10100010100100001010111010000111
10000000111111001111011010101001
10011011010101110101100000010100
10000000111111001111011010101001
10011011010101110101100000010100
10000000111111001111011010101001
10011011010101110101100000010100
10000000111111001111011010101001
10011011010101110101100000010100
10000000111111001111011010101001
10011011010101110101100000010100
10000000111111001111011010101001
10011011010101110101100000010100
10000000111111001111011010101001
10011011010101110101100000010100
11000000111111001111011010101001
10011011010101110101100000010100
11000000111111001111011010101001
10011011010101110101100000010100
10000000111111001111011010101001
10011011010101110101100000010100
10000000111111001111011010101001
10011011010101110101100000010100
10000000111111001111011010101001
10011011010101110101100000010100
10000000111111001111011010101001
10011011010101110101100000010100
10000000111111001111011010101001
10011011010101110101100000010100
10000000111111001111011010101001
10011011010101110101100000010100
10000000111111001111011010101001
10011011010101110101100000010100
10000000111111001111011010101001
10011011010101110101100000010100
10000000111111001111011010101001
10011011010101110101100000010100
10000000111111001111011010101001
10011011010101110101100000010100
10000000111111001111011010101001
10011011010101110101100000010100
10000000111111001111011010101001
10011011010101110101100000010100
10000011111111001111011010101001
10011011010101110111100000010100
10000011111111001111011010101001
10011010010101110111100000000100
10000000111111001111011010101001
10011010010101110111100010110100
10000000111111001111011010101001
10011010010101110101100010010100
10000000111111001111011010101001
10011011010101110101100000010100
11000000111111001111011010101001
10011011010101110101100000010100
11000000111111001111011010101001
10011011010101110101100000010100
11000000111111001111011010101001
10011011010101110101100000010100
10000000111111001111011010101001
10011011010101110101100000010100
10100001101000111011111000010101
10101001000000011000011100000011
01000010111011001011001010110100
10100010100100001010111010000111
10000000111111001111011010101001
10011011010101110101100000010100
10000000111111001111011010101001
10011011010101110101100000010100
10000000111111001111011010101001
10011011010101110101100000010100
10000000111111001111011010101001
10011011010101110101100000010100
10000000111111001111011010101001
10011011010101110101100000010100
10000000111111001111011010101001
10011011010101110101100000010100
10000000111111001111011010101001
10011011010101110101100000010100
10000000111111001111011010101001
10011011010101110101100000010100
10000000111111001111011010101001
10011011010101110101100000010100
10000000111111001111011010101001
10011011010101110101100000010100
10000000111111001111011010101001
10011011010101110101100000010100
10000000111111001111011010101001
10011011010101110101100000010100
10000000111111001111011010101001
10011011010101110101100000010100
10000000111111001111011010101001
10011011010101110101100000010100
10000000111111001111011010101001
10011011010101110101100000010100
11000000111111001111011010101001
10011011010101110101100000010100
11000000111111001111011010101001
10011011010101110101100000010100
11000000111111001111011010101001
10011011010101110101100000010100
11000000111111001111011010101001
10011011010101110101100000010100
11000000111111001111011010101001
10011011010101110101100000010100
11000000111111001111011010101001
10011011010101110101100000010100
11000000111111001111011010101001
10011011010101110101100000010100
10000000111111001111011010101001
10011011010101110101100000010100
10000000111111001111011010101001
10011011010101110101100000010100
10000000111111001111011010101001
10011011010101110101100000010100
10000000111111001111011010101001
10011011010101110101100000010100
10000000111111001111011010101001
10011011010101110101100000010100
10000000111111001111011010101001
10011011010101110101100000010100
10000000111111001111011010101001
10011011010101110101100000010100
10000000111111001111011010101001
10011011010101110101100000010100
10100001101011111011111000010001
10101001000001111000011100000011
01101000111010101011001110011100
10100011000100000010111011010111
01101011101010001011001110111100
10011011000001100011101001010111
01101011101010001011001110111100
10011011000001100011101001010111
01101011101010001011001110111100
10011011000001100011101001010111
01101011101010001011001110111100
10011011000001100011101001010111
01101011101010001011001110111100
10011011000001100011101001010111
01101011101010001011001110111100
10011011000001100011101001010111
01101011101010001011001110111100
10011011000001100011101001010111
01101011101010001011001110111100
10011011000001100011101001010111
01101011101010001011001110011100
10011011000001100011101001010111
01101011101010001011001110111100
10011011000001100011101001010111
01101011101010001011001110111100
10011011000001100011101001010111
01101011101010001011001110111100
10011011000001100011101001010111
01101011101010001011001110011100
10011011000001100011101001010111
01101011101010001011001110011100
10011011000001100011101001010111
01101011101010001011001110111100
10011011000001100011101001010111
01101011101010001011001110111100
10011011000001100011101001010111
01101011101010001011001110011100
10011011000001100011101001010111
01101011101010001011001110111100
10011011000001100011101001010111
01101011101010001111001110111100
10011011000001100011101001010111
01101011101010001011001110111100
10011011000001100011101001010111
01101011101010001110001110011100
10011011000001100011101001110111
01101011101010001010001110011100
10011011000001100011101001110111
01101011101010001011001110011100
10011011000001100011101001110111
01101011101010001011001110011100
10011011000001100011101001010111
01101011101010001111001110111100
10011011000001100011101001010111
01101011101010001011001110111100
10011011000001100011101001010111
01101011101010001011001110111100
10011011000001100011101001010111
01101011101010001011001110011100
10011011000001100011101001010111
01101011101010001011001110011100
10011011000001100011101001010111
01101011101010101111001110011100
10011001000001100011101001010111
10101011001000101010111100010101
10000001000000101011101000000111
