00000000000000000001010001110100
00000000000000000001010011000001
00000000000000000001010010011010
00000000000000000001010001101100
00000000000000000001010001000101
00000000000000000001010010101010
00000000000000000001010000010111
00000000000000000001010001100110
00000000000000000001010001110000
00000000000000000001010001110101
00000000000000000001010010011111
00000000000000000001101010011110
00000000000000000001010010010110
00000000000000000001010001100011
00000000000000000001010001000101
00000000000000000001010010010001
00000000000000000001010001011110
00000000000000000000010101010000
00000000000000000001010001000001
00000000000000000001010010001101
00000000000000000001010001101001
00000000000000000001010010001011
00000000000000000001010010000100
00000000000000000001010010001010
00000000000000000001010010001011
00000000000000000001010001011000
00000000000000000001010000111110
00000000000000000001010010011001
00000000000000000001010010101110
00000000000000000000000000000000
00000000000000000001010010110001
00000000000000000001111111111111
00000000000000000001010001110010
00000000000000000001010001101100
00000000000000000001010001110001
00000000000000000001010010000001
00000000000000000001010010110110
00000000000000000001010001111011
00000000000000000001010010110111
00000000000000000001010001010000
00000000000000000001010000010111
00000000000000000001010001101101
00000000000000000001010010000111
00000000000000000001010001101001
00000000000000000001010000111110
00000000000000000001010010011101
00000000000000000001010010101001
00000000000000000001010010010101
00000000000000000001010010110100
00000000000000000001010001110000
00000000000000000001010010110001
00000000000000000001010010110010
00000000000000000001010001101000
00000000000000000001010001011000
00000000000000000000010000111110
00000000000000000001010010100001
00000000000000000001010001110110
00000000000000000001010001001101
00000000000000000001010001011011
00000000000000000001010001101100
00000000000000000001010001010000
00000000000000000001010001010111
00000000000000000001010001111111
00000000000000000001010010000111
00000000000000000001010010101001
00000000000000000001010001010111
00000000000000000001010001100111
00000000000000000001010010101100
00000000000000000001010001110011
00000000000000000001010011000111
00000000000000000001010011001000
00000000000000000001010010011110
00000000000000000001010010101100
00000000000000000001010001100011
00000000000000000001010010011011
00000000000000000001010001111111
00000000000000000001010001000100
00000000000000000001010010010100
00000000000000000001010000111111
00000000000000000001010010011110
00000000000000000001010001001100
00000000000000000001010010100010
00000000000000000001010010011010
00000000000000000001010010011111
00000000000000000001010010001001
00000000000000000001010001010000
00000000000000000001010001000011
00000000000000000001010001111000
00000000000000000001010010001111
00000000000000000001010010010100
00000000000000000001010011001001
00000000000000000001010010000111
00000000000000000001010010001101
00000000000000000001010001110111
00000000000000000001010001100000
00000000000000000001010010101010
00000000000000000001010001011000
00000000000000000001010001010010
00000000000000000001010011010001
00000000000000000001010010100111
00000000000000000001010010010000
00000000000000000001010010000011
00000000000000000001010010100001
00000000000000000001010010010111
00000000000000000001010001111001
00000000000000000001010001110111
00000000000000000001010010011001
00000000000000000001010001011110
00000000000000000001010001111010
00000000000000000001010010100001
00000000000000000001010010000101
00000000000000000001010010111100
00000000000000000001010010010010
00000000000000000001010010000001
00000000000000000001010001111111
00000000000000000001010010000001
00000000000000000001010001001100
00000000000000000001010010101100
00000000000000000001010010101010
00000000000000000001010001101111
00000000000000000001010010011110
00000000000000000001010010011010
00000000000000000001010011010110
00000000000000000001010001001101
00000000000000000001010001101010
00000000000000000001010001000010
00000000000000000001010010110100
00000000000000000001010001110001
00000000000000000001010001110111
00000000000000000001010010001010
00000000000000000001010001110100
00000000000000000001010001100001
00000000000000000001010010010010
00000000000000000001010010011011
00000000000000000000010010010101
00000000000000000001010010011000
00000000000000000001010010000101
00000000000000000001010010100001
00000000000000000001010010000010
00000000000000000001010001011101
00000000000000000001010010100101
00000000000000000001010001100000
00000000000000000001010001000011
00000000000000000001010001000101
00000000000000000001010010000100
00000000000000000001010010010111
00000000000000000001010010010011
00000000000000000001010010011010
00000000000000000000010010011110
00000000000000000001010001111011
00000000000000000001010010010110
00000000000000000001010001101011
00000000000000000001010010000111
00000000000000000001010010100000
00000000000000000001010001011010
00000000000000000001010001011010
00000000000000000000000011010011
00000000000000000001010001110101
00000000000000000001010001010111
00000000000000000001010010111100
00000000000000000001010010001111
00000000000000000001010001010100
00000000000000000001010010010000
00000000000000000001010001000110
00000000000000000001010001001011
00000000000000000001010001001011
00000000000000000001010001110010
00000000000000000001010001011100
00000000000000000001010001010101
00000000000000000001010010001110
00000000000000000001010010111110
00000000000000000001010001110001
00000000000000000001010010110101
00000000000000000001010001110010
00000000000000000001010010001110
00000000000000000001010010000001
00000000000000000001010001000100
00000000000000000001010010110001
00000000000000000001010010000000
00000000000000000001010010001010
00000000000000000001010000111111
00000000000000000001010001111100
00000000000000000001010011000000
00000000000000000001010010110000
00000000000000000001010001011100
00000000000000000001010001101110
00000000000000000001010001110010
00000000000000000001010010000111
00000000000000000001010010010100
00000000000000000001010001011011
00000000000000000001010001011100
00000000000000000001010001011001
00000000000000000001010001011001
00000000000000000001010010101000
00000000000000000001010001001000
00000000000000000001010010000011
00000000000000000001010001110011
00000000000000000001010001100100
00000000000000000001010001100111
00000000000000000001010001100110
00000000000000000001010010001100
00000000000000000001010001010110
00000000000000000001010010011111
00000000000000000001010010011111
00000000000000000001010010001100
00000000000000000001010010001100
00000000000000000001010001101010
00000000000000000001010010010011
00000000000000000001010001010111
00000000000000000001010010010100
00000000000000000001010010010110
00000000000000000001010010001010
00000000000000000001010001101100
00000000000000000001010010111100
00000000000000000001010011001111
00000000000000000001010010011000
00000000000000000001010001111010
00000000000000000001010010100101
00000000000000000001010001111010
00000000000000000001010001111111
00000000000000000001010001001011
00000000000000000001010010000111
00000000000000000001010010001111
00000000000000000001010001011011
00000000000000000001010001110000
00000000000000000001010001110110
00000000000000000001010010001010
00000000000000000001010010000000
00000000000000000001010001111100
00000000000000000001010011000101
00000000000000000001010001110111
00000000000000000001010010001000
00000000000000000001010010000110
00000000000000000001010001100001
00000000000000000001010010000110
00000000000000000001010010111100
00000000000000000001010010100110
00000000000000000001010010101000
00000000000000000001010001010000
00000000000000000001010011000011
00000000000000000001010010000010
00000000000000000001010001011111
00000000000000000001010010010110
00000000000000000001010010100101
00000000000000000001010010001100
00000000000000000001010011001101
00000000000000000001010010100110
00000000000000000001010001110101
00000000000000000001010001100111
00000000000000000001010010010110
00000000000000000001010001101000
00000000000000000001010010101000
00000000000000000001010010111001
00000000000000000001010010100100
00000000000000000001010010100011
00000000000000000001010001010100
