00000000000000000001001001011011
00000000000000000001001001011001
00000000000000000001001001011010
00000000000000000001001001011111
00000000000000000001001010000000
00000000000000000001001001001010
00000000000000000001001001000110
00000000000000000001001001011111
00000000000000000001001001100011
00000000000000000001001001010110
00000000000000000001001001110000
00000000000000000001001001101010
00000000000000000001001001010101
00000000000000000001001001110100
00000000000000000001001001011110
00000000000000000001001001101110
00000000000000000001001001101001
00000000000000000001001001100111
00000000000000000001001001110000
00000000000000000001001001010110
00000000000000000001001001001100
00000000000000000001001001100101
00000000000000000001001001011110
00000000000000000001001001000101
00000000000000000001001001011001
00000000000000000001001001001110
00000000000000000001001001011110
00000000000000000001001001101110
00000000000000000001001001010000
00000000000000000001001001010011
00000000000000000001001001011110
00000000000000000001001001011111
00000000000000000001001001100111
00000000000000000001001001110101
00000000000000000001001001011000
00000000000000000001001001100000
00000000000000000001001001011110
00000000000000000001001001101010
00000000000000000001001001011111
00000000000000000001001001111101
00000000000000000001001001101101
00000000000000000001001001010011
00000000000000000001001001010111
00000000000000000001001001100001
00000000000000000001001001101011
00000000000000000001001001101111
00000000000000000001001001011011
00000000000000000001001001111010
00000000000000000001001010000000
00000000000000000001001001111100
00000000000000000001001001010001
00000000000000000001001001110001
00000000000000000001001001101001
00000000000000000001001001101010
00000000000000000001001001010110
00000000000000000001001001100001
00000000000000000001001001000011
00000000000000000001001001111001
00000000000000000001001001000111
00000000000000000001001001110001
00000000000000000001001001010001
00000000000000000001001001101010
00000000000000000001001001010101
00000000000000000001001001011111
00000000000000000001001001110010
00000000000000000001001001111010
00000000000000000001001001001110
00000000000000000001001001110111
00000000000000000001001001010111
00000000000000000001001001010111
00000000000000000001001010000100
00000000000000000001001001100100
00000000000000000001001001101100
00000000000000000001001001010100
00000000000000000001001001010000
00000000000000000001001001100100
00000000000000000001001001110000
00000000000000000001001001100110
00000000000000000001001001011010
00000000000000000001001001000110
00000000000000000001001001010110
00000000000000000001001001100110
00000000000000000001001001100011
00000000000000000001001001110001
00000000000000000001001001110110
00000000000000000001001001100101
00000000000000000001001001001000
00000000000000000001001001011001
00000000000000000001001001010010
00000000000000000001001001011001
00000000000000000001001001011101
00000000000000000001001001100101
00000000000000000001001001100000
00000000000000000001001001101111
00000000000000000001001001100000
00000000000000000001001001110111
00000000000000000001001001101110
00000000000000000001001001010111
00000000000000000001001001010110
00000000000000000001001001111001
00000000000000000001001001101101
00000000000000000001001001011110
00000000000000000001001001011000
00000000000000000001001001011000
00000000000000000001001001100100
00000000000000000001001001001110
00000000000000000001001001110111
00000000000000000001001001110001
00000000000000000001001001111010
00000000000000000001001001101101
00000000000000000001001001010000
00000000000000000001001001100100
00000000000000000001001001100000
00000000000000000001001001001110
00000000000000000001001001101000
00000000000000000001001001101101
00000000000000000001001001011101
00000000000000000001001001010101
00000000000000000001001001011100
00000000000000000001001001010010
00000000000000000001001001110011
00000000000000000001001001101101
00000000000000000001001001101001
00000000000000000001001001101001
00000000000000000001001001101100
00000000000000000001001010000010
00000000000000000001001001011110
00000000000000000001001001110010
