00000000000000000001000100100111
00000000000000000001000100100011
00000000000000000001000100100001
00000000000000000001000100100110
00000000000000000001000100011011
00000000000000000001000100001111
00000000000000000001000100010110
00000000000000000001000100110010
00000000000000000001000100011100
00000000000000000001000100001010
00000000000000000001000100010001
00000000000000000001000100100001
00000000000000000001000100100011
00000000000000000001000100011010
00000000000000000001000100100001
00000000000000000001000100101001
00000000000000000001000100011100
00000000000000000001000100011100
00000000000000000001000100110010
00000000000000000001000100011010
00000000000000000001000100010000
00000000000000000001000100110010
00000000000000000001000100010000
00000000000000000001000100100101
00000000000000000001000100011100
00000000000000000001000100011101
00000000000000000001000100100011
00000000000000000001000100001111
00000000000000000001000100100100
00000000000000000001000100001000
00000000000000000001000100011000
00000000000000000001000100101001
00000000000000000001000100101101
00000000000000000001000100011010
00000000000000000001000100101101
00000000000000000001000100110101
00000000000000000001000100100100
00000000000000000001000100011101
00000000000000000001000100011010
00000000000000000001000100100001
00000000000000000001000100101100
00000000000000000001000100011110
00000000000000000001000100100011
00000000000000000001000100100101
00000000000000000001000100010001
00000000000000000001000100101011
00000000000000000001000100101111
00000000000000000001000100010010
00000000000000000001000100011111
00000000000000000001000100011011
00000000000000000001000100011110
00000000000000000001000100101000
00000000000000000001000100100000
00000000000000000001000100100000
00000000000000000001000100100101
00000000000000000001000100101000
00000000000000000001000100100101
00000000000000000001000100011010
00000000000000000001000100100011
00000000000000000001000100011101
00000000000000000001000100011111
00000000000000000001000100011011
00000000000000000001000100100110
00000000000000000001000100101100
