00000000000000000001010001000011
00000000000000000001010010010000
00000000000000000001010001100011
00000000000000000001010001010110
00000000000000000001010000101101
00000000000000000001010010011100
00000000000000000001010010101100
00000000000000000001010010011100
00000000000000000001010000110100
00000000000000000001010010100111
00000000000000000001010001010010
00000000000000000001010011000010
00000000000000000001010010110000
00000000000000000001010000110000
00000000000000000001010001101011
00000000000000000001010000100100
00000000000000000001010001011001
00000000000000000000010101100000
00000000000000000001001111101110
00000000000000000001010001111110
00000000000000000001010001010010
00000000000000000001010000000010
00000000000000000001010010001110
00000000000000000001010000001010
00000000000000000001001111100111
00000000000000000001010001010011
00000000000000000000111111111111
00000000000000000001010001100110
00000000000000000001010001111101
00000000000000000001010000100100
00000000000000000000010010101010
00000000000000000001010001011011
00000000000000000001010001001001
00000000000000000001010001111010
00000000000000000001010001100001
00000000000000000001010001000100
00000000000000000001010010010000
00000000000000000001010010011011
00000000000000000001010010111110
00000000000000000001010001100110
00000000000000000001010101011000
00000000000000000001010000111011
00000000000000000001010001111110
00000000000000000001010011111001
00000000000000000001010011001100
00000000000000000001010001000110
00000000000000000001010001010011
00000000000000000001010000110001
00000000000000000001010011001001
00000000000000000001010000100010
00000000000000000001010001000001
00000000000000000001010001111011
00000000000000000001010000101111
00000000000000000001010010010101
00000000000000000001010000111011
00000000000000000001010001100001
00000000000000000001010001111110
00000000000000000001010000111011
00000000000000000001010001001101
00000000000000000001001111001011
00000000000000000001010001110001
00000000000000000000111111111111
00000000000000000001010001110101
00000000000000000001010010010101
00000000000000000001010001010100
00000000000000000001010001111100
00000000000000000001010010000001
00000000000000000001010001000010
00000000000000000001010001000110
00000000000000000001010001001000
00000000000000000001010001001010
00000000000000000001010000011100
00000000000000000001010001101010
00000000000000000001010000100001
00000000000000000001001111111111
00000000000000000001010010000011
00000000000000000001010001110101
00000000000000000001010000000100
00000000000000000001010001011010
00000000000000000001010000101100
00000000000000000001010011010000
00000000000000000001010001110110
00000000000000000001010001010001
00000000000000000001000000000000
00000000000000000001010001010101
00000000000000000001010000110101
00000000000000000001010001111110
00000000000000000001010011001001
00000000000000000001010001011001
00000000000000000001010000010001
00000000000000000001010000111110
00000000000000000001000000000000
00000000000000000001010010010010
00000000000000000001010001100101
00000000000000000001010001001100
00000000000000000001010001001101
00000000000000000001010001000111
00000000000000000001010001100000
00000000000000000001010000110101
00000000000000000001010001001111
00000000000000000001010001110100
00000000000000000001010001001010
00000000000000000001010010100010
00000000000000000001010000001011
00000000000000000001010001101100
00000000000000000001010000110010
00000000000000000001010000110001
00000000000000000001010001101100
00000000000000000001010001100110
00000000000000000001010000001000
00000000000000000001010001000100
00000000000000000001010001001000
00000000000000000001010000101000
00000000000000000001010001010100
00000000000000000001010000100100
00000000000000000001010000111000
00000000000000000001010001100111
00000000000000000001010001001000
00000000000000000001010001101001
00000000000000000001010010100010
00000000000000000001010001101001
00000000000000000001010011001001
00000000000000000001010001010001
00000000000000000001010010000101
00000000000000000001010001111001
00000000000000000001010000100000
00000000000000000000010010001011
00000000000000000001010000100111
00000000000000000001010010100110
00000000000000000001010010000110
00000000000000000001010010000110
00000000000000000001010010111011
00000000000000000001010010111001
00000000000000000001010000101110
00000000000000000001000000000000
00000000000000000001010000101000
00000000000000000001001111010111
00000000000000000001010001010001
00000000000000000001010001100010
00000000000000000001010001101111
00000000000000000000010001100100
00000000000000000001010001010110
00000000000000000001010001111001
00000000000000000001010001110000
00000000000000000001010001111110
00000000000000000001010001010011
00000000000000000001010010010111
00000000000000000001010010010011
00000000000000000001001111111110
00000000000000000001010000101000
00000000000000000001001111111100
00000000000000000001010010010100
00000000000000000001010010100010
00000000000000000001010000111101
00000000000000000001000000000000
00000000000000000001010001110111
00000000000000000001010010110101
00000000000000000001010001000101
00000000000000000001010010100101
00000000000000000001010001100010
00000000000000000001010001011111
00000000000000000001010010000101
00000000000000000001010001101011
00000000000000000001010001110001
00000000000000000001010001111101
00000000000000000001010001101111
00000000000000000001010000110000
00000000000000000001010001111001
00000000000000000001010001110110
00000000000000000001010011000111
00000000000000000001010000101010
00000000000000000001010000100100
00000000000000000001010001000010
00000000000000000001010001000100
00000000000000000001010010010011
00000000000000000001010001011010
00000000000000000001010000111101
00000000000000000001010010000101
00000000000000000001010001011001
00000000000000000001010011000101
00000000000000000001010001101110
00000000000000000001010001010000
00000000000000000001010010110111
00000000000000000001010000111000
00000000000000000001010001100101
00000000000000000001000000000000
00000000000000000001010000100110
00000000000000000000010001010100
00000000000000000001001111111110
00000000000000000001010001011000
00000000000000000001010010010011
00000000000000000001010001110011
00000000000000000001010010111110
00000000000000000001010000011001
00000000000000000001010010011100
00000000000000000001010010000110
00000000000000000001010001001111
00000000000000000001010001011111
00000000000000000001010000000100
00000000000000000000111111111111
00000000000000000001010001001101
00000000000000000001010000111001
00000000000000000001010001101011
00000000000000000001010000010110
00000000000000000001010001100111
00000000000000000001001111111110
00000000000000000001001111101010
00000000000000000001010010111110
00000000000000000001010000111000
00000000000000000001010000101000
00000000000000000001010001111110
00000000000000000001010001101111
00000000000000000001010001110111
00000000000000000001010001110110
00000000000000000001010001101110
00000000000000000001010000111000
00000000000000000001010010100100
00000000000000000001010001001111
00000000000000000001010000001001
00000000000000000001010000110000
00000000000000000001010001100010
00000000000000000001010011000001
00000000000000000001010010010101
00000000000000000001010010100000
00000000000000000001010001010101
00000000000000000001010000011101
00000000000000000001010001011010
00000000000000000000010010010100
00000000000000000001010001000011
00000000000000000001010010010011
00000000000000000001010000011000
00000000000000000000101101101000
00000000000000000001010000001111
00000000000000000001010000110110
00000000000000000001010010101100
00000000000000000001010001100101
00000000000000000001010000100001
00000000000000000001010000111001
00000000000000000001010000001001
00000000000000000001010001001111
00000000000000000001010001101111
00000000000000000001010000000011
00000000000000000001010000100001
00000000000000000000010010000001
00000000000000000001010000110000
00000000000000000001010011010110
00000000000000000001010001011010
00000000000000000001010010111011
00000000000000000001010011010010
00000000000000000001000000000000
00000000000000000001010001100111
00000000000000000001010000011000
00000000000000000001010000111110
00000000000000000001010001000101
00000000000000000001010010001111
00000000000000000000010011100001
