00011110011011111010001100110110
11100100101101011011001110010000
11101001001111110101000011101110
11000000011001000000010100010010
00100011111111101000101100101110
10010001010001000100011001001001
11111000011000001100101111011100
11011100011001111101101010100001
01011110111011011110001011110101
10001100110101111101010001011000
11111111000111100000000010101100
11001001011001100000000100010001
00100111101111111000101110101111
10010001000101110100000101001101
01110010011010001101100011100001
00011100010001101000001110000111
01011111101001011110101010101110
10000100110100011000011101010000
11101011100111100101000011000100
10000001010001100000000111110111
00100101111111110000101110000111
11010001000101100100101001001101
01110001000010011001100010100111
10011101100011100100001011100110
01011011101011011110001010111110
11000101111101011000011101010000
11111111110111001101010011100111
10000000011001000000100101111111
00100111110111111000101010000111
10010001100001100100110101011101
10110000011011011001100111100111
11011100101011001101011100100010
01001011101011011110101011101111
10000111100100111011010001110000
11111111100111111011000011010101
10100001011001001101110111111101
10100101111111111000100010000111
01000001101001100100110111010101
00110001010011011011001101110111
11011110110001100001011100000011
10001110111010110010111011001110
10000100101100011010010010110000
01111000000111101001001001001100
11100001011001001001000100110111
10100101111101111000110010000111
11010001001000100000110101010101
00111000010000001010001100010110
01011111110111100101001000010010
00011110111011110010111000001010
10110100101101011010000011011000
10111000001111101101000001100110
11000001011101001000000100010011
10101111111101110010100100100111
11100001001001000100111001010001
11111000000010001110101101000110
01011100011011101101001000010000
01011110001111111010011101111111
10001100100101111010000101011010
10111000100011111101000001101110
11011001011101101000010100000011
10101011111001100010101000100111
11000001001101010100100011001001
11110110001111011101101111001110
01011100010011011001001110001001
10110110011011110010100000110010
11100000101100010011000110010001
00111011100110100101010011101110
11001001011000001100110101000011
10100010111101101000101111001010
10010001011001000100011000000101
00111010010100001100101011011000
01111110110011111011101011100001
11011111111000110010101010111011
11001000100100011110010000011000
01111111000111100001000101000100
10001001010101101100000100010011
10101010101111010010111100100011
11010011001001110100000101110101
01010010000110001100101011100110
01011110000111101000001111000100
11011111101001110010101010101011
11011100100100010000010010001000
11111111110111101101000001000110
10001001010101000001010110110011
10101000001011110010101110100010
11000001001001110100101001110111
11010011000000001101101001100110
01011110000111100100010010000110
11001011100001110010100010100111
10001100100100100001110011010110
11111111100111011101010001010101
10001011010101001010111111011111
10101100111111000010101100010011
11000001110001110010111001010101
10010010110101001111001001100111
10011110100111100000011100001011
11001100110001010000111011101111
10001110100100101001000001010000
01111110110110111011010001010101
10101101010101101111110111011011
10000010011101010000111010000011
11000011101011110111110111010101
01100011110101101110101011100111
10010110100011100000011100001011
10001101110000110000101010001110
10010100101110001001000001100000
01111101110110110011011001001100
10101101001001001111000111010011
10000010111101100000111110000010
11000011101001100101110111110101
00001010010000101110101010000110
01010111100111100010101101011011
00001000111000100010101110011010
11110100101100011000000011010000
00111001111111100101010001101110
10001001011101000000000101010011
10101010011101100000101100000010
10010011011001000101111001011101
10001010110101101110001110000100
00011110100111101010101001000010
00011110010100110010011111111011
10001110100101111011000101011010
10110100100111111101000001001110
11001001011101100010010100010011
10101011111001000100101000000011
10000011101111010100100111001101
11110100000111011101001111001110
00011110000111001001001111001001
00101100011011010010100001100100
11100000100101011111101110110001
01111101100110110111010010001110
11100000001001001001100101001111
10100010111101011000101110001010
10010011001001100100010010111110
00011010011101101011100001110000
11101110110011010010001010100010
10001110111000110010101010001010
10100000100110011011011000011000
01111111000110101001000001000110
10000001011001000000000100110011
10101111001111010000111100000011
10010011001001110100000100100101
01010001000001001000000001100010
11001110100111101110001010100000
00010110011001110010101010001110
10011000100101011011001011011001
00111101010111100101000001000110
10001001010101000000000100110001
10101101001011010010101100100010
11010001001001110110000011000101
10010000101000101111000101100110
01001100000101100101011110010010
01001010011001110001000010101101
10001010110101110001000001010001
00111110100110001000010000001110
11001011010001001010110111011001
10111100111101010000101010001011
10010011111101110100100100001101
10010010110111101101000011100011
10011110100001100000011110011011
01001110100000110000100010100110
11011010100110011000010001010000
01111111110110100011010001000101
10101001000001101111000111111001
10010100011101010000111010010011
10010011101001110100100110000101
01100101100100111000000010100001
10011110100111100000101111010110
00000100100011110100101010100110
11011000101010001000110011100001
01111111110110100011001011001100
10101101000001001111000111010011
10010010111101011000110110010011
10110001001001000100111110000101
10001010110000111110100110000000
00011010101111100000001101110110
00100101001000110010101010110010
11110000101100011001100111100001
10111011110110100101001001101110
11011001011101001001100101000011
10100010111101101000100000010011
10110001101001000100110001001101
00001000110101101111101110001000
00011010111011101011011000100010
00001110001101010010011110111011
11000100100101111011100111011000
10110101100110111100000000001100
11011000011100100010000100010001
10101011110001010100101010001011
10010011101111000100100100000101
10110100100111011101001110001001
00001110000111001011001000001001
00000110110001011010100010101100
11000110110110101100001010110001
01111100000110100001010011101111
11100000001100001101110111101111
10100010111110111000101010000010
11000001110011100100110110111101
00111011011101111010100001110010
11100010101011001000011100101011
10001110011000110010100010101010
10000010110110011001000000110000
01111101010110101000000011000100
10100101011101001011010111100011
10100000011111010000101110000010
11010011101001100000110110111101
00010000010100101010101001110010
00000110100111100110001000001011
00001010001001110010110010101010
10010000110100011010100000011001
01111011010110101101000001001110
10001101010101001110000111110011
10101011001101000010111110101010
11010001011001100010100100110101
10010000000010101110000101000000
00001110111111101010001000111011
00001111101010110010011010111000
11011010110100011010010000011001
01111110010111101101000101000110
10000001010100001010000101110001
10101111001011010010111110000011
11010101101101100000100100111101
01010010000010001101000001100010
00011110111011101000001011001000
00000110101011010100001010111101
01001011110100111010010001001000
11111110110111101011000111000100
10000001010001001010011110110101
10111001011111011010111110000011
11000011101100000100101110010111
11110101000010011100101000100010
01011111111011100100011010100100
00000111001011010101101010111111
11011011110000111000110001100001
11111111110111100011011011100110
10010101000001001111010111110111
10110011111111011000100010010011
11100001100001000100101111001101
10111001110001011110101001100010
00011010111011100100001100000110
00001111001001010010101010011110
10000110110001010000110001110001
11111011110110101011001011100110
11010101001001001011100101111111
10100100110101011000100010000011
11110001100001000000110001101101
00010001110001011011001001000000
00011010110010001000011000100011
00101010001100010011011110110010
10100100100100011011000001011000
10110000100110101100000000001110
11110000011011001010000100110011
10101111110000010100100010001011
10010011101111100000000100000101
10110000000011011011001110011011
10001110001011001011001000001001
01010110100011111110100010111110
01000111110100001000000011110001
01111110100111100001010001100101
10101000001100001001110111101011
00110010111111111000111011010011
10000011110001100000110100011111
01111011011101010100100001100010
11111111111011100000011100101001
01001100101001110100101010111110
01001010110111011011010001000000
01111110010110100011000011000100
10101001011100001111110110010011
10100010111111001000110110000011
11100011101001000100100110111111
00001010110101011110101001100000
00011110111011000000001100011111
00001001001000110010101010101000
10010010110001011011110001101001
01111011010110101111001001001100
10001001011001001010000110110011
11100011101101000010100111101011
11110011001001000000100110111101
00001000110001001011000001100000
00011110111111001010001001111111
00001011101000110010111010001011
11000010110101011010100010011000
11111000010111101100000001000100
10000001010001001010000100110001
10101111101011010010110101101011
11100001001101010000101100110101
11000000100000011001000100100000
00001111111011101111001001000100
00000110111011110010111010101111
11011110110101010010011011011000
10101010010111001001000001000100
10001001010100001001001111110001
10101001101001010110110100010011
11100001101000010010101101110101
11010000100101011101001100100100
01011110100111100101011001010110
01000110111011110010111010111111
11011110100100100000000011110000
11111110110111101001010011000100
10001011010100001101110111110101
10110010111101000110100110010011
11100011100001110011101101011101
10010011110101011101001001100110
01011110100011100100001100001111
11001100111000010010101010111110
10001110101100101001000001110000
01111110010110111011011011011101
10101101000101001111110111011101
10100000111101000100100010000011
11000011101011100000110111111101
00011011110101011111101001100111
00011110100011000000011100001011
10101000010000110011110010010010
10000110101100011001000001111000
01110100000110111110010001011110
11111100011111101110010110010011
10001111111100000100111010100010
10000011101111100001100101010101
00010000010000011010001110010111
00000110100111000010001001001011
01010110111111111110101010111111
11010100111101001010000111110001
01111010110111100101010010100101
10001001000100001001100101100011
00110010111101111000110111010111
10100001010001000001111101010010
01101110000100011100100011101000
11111110111011100101011000101001
01010110101011111100111010111101
01011110110101101010010001010000
01111110110011100011010011100100
10001001010100001100110100010001
10110010111011000000110110010011
10100011110001000110101101011101
01011010110101011100100011100000
00011111111011100100011101001101
00001011101010010000101011101100
00011110110101111010100001100000
01111110010011100011000011000110
10001101011001001111110110110010
10100001101111000000110110101011
11100011101001000100100111111101
01011011110011001101100001100000
00011011111011100100001101101111
00001011101000010001101010001010
10001110110101010011100001111001
01111010010110101110001001101110
10000001011001001011000100110011
10100001001011010000110010101011
11000011101101010100100111111101
10010000100011011011000000100000
00011111100111100000011001001111
00001011101000010001111010101011
10100110110101010010100011011001
00111010110110011100000001001100
10000001011001001011000101110001
11101001101001011010110010001011
10000011101101010000100111010101
10000000100001011101000100100001
00011110100011100100011001001011
00001010111000110011010010101111
11100110100101010001000011011000
00111100010110011100010000001100
11001011010100001010000111110001
11001100111001010110110010101011
10000001111111010101100111010101
11000110100101011101000110100001
10001100000011100100001001010011
01000100111000110000111010111111
11001110100100001000000011110000
01111100010110111010010000001100
10101101010101101110010111011001
10010100111101010110111110010010
10000011111010110101110111010101
11001110100101111100000110100101
10001110000101100000001101010111
00011100110001110011110010111110
01001110101100001001000001110000
01111101010110101111010001001110
11101101011101101110010110010011
10000010111101100000111110100010
10000011111011100101100111011101
00001110110100111100001110000110
01011010100111000010001101011111
01110111111101111010101010100110
11110000111101010011000111000001
10111010110111110101010010100100
11001001010000000001100101000010
00110010111101111000100111010011
11100001010001010011011001000010
01001010010100011100101111011100
11111100110011110001001000101001
01010111111100111010101010111111
11010110110101000010010011110000
10111110110111110001010000000100
10001001010100000000100101010001
10110010111001111000110111010011
11100001011001010011101101011111
01001010100101001100001011001100
00011100010111100101011101101001
01011110111010111000111010111111
11011110110101100010010001010000
01111110110111110001010011000100
10001001010100000001110100010001
10100000101011000100110110110011
10100001010101010101101101011111
01011010110101011100001011000100
00011111100111100000011101001101
00011011111011010000111011111011
10011110110101100011010001000000
01111110010111101011010011001100
10001101011101000101010100100011
10100001101011000000100110101011
11100111100101000101100111011101
01111011110011001101101011100100
00011111100011100000001101001111
00001001101001110001111011001010
10001111110101010011110001010000
01111010110111101011010011001100
10001101011001000011010100110001
10100001111011010000110010001011
10100101101101000100100111111101
01110011000011001111101111100100
00011110101011100000001001001111
00001011101001010001011111101011
10101111000101010010010001011000
01110010110111101111010101001100
10001101011101100011010100110001
10001001111011010000111010001011
10100001101101000100100111010101
01110101100011011011000110000100
00011111011111100000101011011101
01011110100011110000011111111011
01101000100100011000010011010000
01111011110111110011010101001100
10101101011101100110000101011001
10001001011101010010111010000011
10010001101101010100110010010101
11110110100110111100000110100100
00011110001111100000101111010101
01010110100011011010001110110111
11001100101100011010010111000100
10110101110111100111010001011110
10011001010101100101000110010011
10100011011101100010111110010010
10000011101001010110110110000101
11101110110101111100101010001100
00011000001101100000101111011110
00100101010101110011100111100100
11100100101101011111100111100001
10111011100110110111011010100110
11111000010000000100100111000011
00110010110101101000100110000000
10100001010001100011010001001010
00101010011100011010100011011000
11101110100011010011001000101011
00000101011100110011101011000010
10100100110101010011100111010001
10111110100110111000010000100100
11101001010000000000100101000001
10011000110001111000100000000001
10000011111001110011010001001110
10100010111100011001000010111011
10000100000111100001011000101011
00010001111100110001101011001000
11100110100101010011100001011000
00111110000110110000010000000100
10101001010000100100100101000001
10011010111001110100100100000001
10000011111101010011010101001110
01100010100101011101000010010011
11001100000111100011001101101001
10011000111100110001111011001000
10001110111100000011000001010000
00111110000110110001010001000100
11001001010000100100100101010011
10010010111001110100100100000010
10000011011101110011000101001111
01111010111101011101000010110101
11001110000111100011001101101101
10011001110000110001111011000010
10001100111100000011000001010000
00111110000110110001010001010100
11001001010000100100100100010011
10000010101011100100100000000010
10000011111101110001000101001101
01111010111101001101001010010100
01001110100011000111001101101100
10011001110011010001111011000010
10001100000100010011010001010000
00111110000110110111010001010100
11001001011001100100110100010010
10101010101111100000101000000011
10000011001101110101000101000101
01111110001001001101101110010100
01001110100011000011001001101100
00111010110011110001001111100010
01101000001100011111000001010000
00111110000110110011010101010110
11011001111011100100100101000001
10101010101101110010111000000001
10000011101011010100010011000111
11110111100101001101001100001100
01011110000011100011101110100100
00110110000111110011001111100110
11101000001100011111000111011101
11111101000111100110100001010110
11111010110011100100000100000001
10101010101001111000101010000110
10000011101011110110010011000111
11110100000101011111101110001110
01011000000001010101001110011010
