1183 1201 1125 1172 1115 1171 1102 1175 1188 1132 1152 1161 1224 1220 1176 1153 1170 1159 1113 1141 1172 1189 1217 1180 1142 1170 1171 1220 1113 1159 1107 1093
1228 1206 1170 1150 1216 1223 1181 1157 1160 1123 1155 1101 1119 1162 1057 1168 1142 1119 1203 1160 1171 1094 1174 1203 1139 1122 1148 1138 1145 1200 1148 1247
1129 1155 1154 1144 1162 1120 1176 1167 1098 1140 1169 1127 1099 1184 1159 1132 1133 1093 1137 1243 1137 1155 1154 1168 1127 1164 1149 1186 1160 1130 1182 1166
1174 1100 1115 1144 1209 1188 1176 1176 1083 1049 1112 1131 1107 1137 1162 1130 1176 1173 1177 1125 1085 1142 1118 1165 1147 1119 1155 1086 1064 1151 1189 1160
1212 1208 1159 1147 1140 1177 1187 1187 1227 1107 1170 1132 1146 1202 1208 1185 1134 1206 1163 1251 1153 1125 1148 1156 1133 1124 1190 1167 1205 1194 1217 1155
1178 1201 1168 1176 1149 1199 1183 1095 1139 1107 1159 1125 1290 1147 1118 1125 1080 1222 1133 1124 1159 1136 1179 1095 1092 1164 1145 1199 1109 1217 1202 1164
1281 1121 1212 1128 1158 1138 1118 1169 1087 1113 1173 1203 1132 1139 1179 1136 1126 1149 1120 1148 1139 1113 1122 1093 1180 1136 1160 1184 1153 1124 1129 1116
1208 1220 1140 1098 1095 1218 1106 1168 1128 1113 1097 1246 1174 1112 1154 1164 1224 1201 1134 1191 1210 1219 1129 1112 1164 1123 1178 1166 1158 1138 1167 1115
1176 1234 1160 1223 1136 1180 1135 1202 1147 1105 1173 1138 1301 1255 1175 1200 1191 1134 1124 1140 1179 1244 1176 1213 1121 1189 1200 1211 1146 1132 1134 1090
1187 1225 1195 1177 1175 1256 1172 1156 1171 1172 1166 1076 1128 1127 1096 1179 1129 1078 1152 1163 1188 1133 1191 1234 1154 1121 1171 1179 1138 1207 1113 1230
1130 1074 1159 1173 1197 1143 1155 1136 1113 1155 1126 1086 1082 1201 1184 1171 1106 1162 1102 1234 1128 1132 1155 1197 1126 1163 1128 1161 1185 1161 1179 1141
1139 1163 1138 1135 1208 1119 1179 1175 1134 1074 1117 1118 1128 1118 1195 1107 1161 1110 1170 1148 1064 1145 1131 1158 1142 1148 1138 1063 1055 1128 1204 1155
1179 1235 1078 1116 1121 1244 1154 1152 1186 1112 1207 1149 1153 1163 1177 1176 1111 1173 1188 1238 1170 1152 1135 1165 1116 1135 1199 1252 1158 1221 1192 1152
1141 1166 1159 1141 1124 1180 1126 1120 1178 1116 1152 1122 1245 1130 1163 1076 1089 1175 1144 1143 1224 1049 1184 1108 1127 1157 1118 1200 1122 1160 1167 1111
1194 1126 1153 1149 1211 1115 1113 1128 1104 1052 1164 1188 1113 1168 1164 1181 1099 1128 1145 1183 1096 1128 1071 1112 1197 1145 1141 1201 1132 1085 1140 1113
1207 1229 1159 1121 1170 1211 1097 1201 1095 1100 1114 1203 1163 1105 1177 1153 1229 1164 1123 1202 1159 1208 1146 1123 1095 1110 1195 1119 1129 1119 1174 1124
1193 1261 1143 1220 1087 1231 1132 1195 1120 1056 1114 1179 1310 1202 1158 1173 1192 1151 1157 1107 1164 1237 1181 1226 1118 1172 1221 1198 1121 1097 1155 1143
1146 1196 1206 1150 1164 1229 1129 1157 1146 1167 1181 1103 1157 1108 1129 1176 1108 1109 1149 1156 1199 1190 1156 1185 1111 1150 1178 1192 1115 1196 1110 1183
1111 1073 1150 1196 1186 1104 1166 1141 1110 1140 1167 1071 1089 1178 1203 1140 1051 1169 1123 1271 1113 1145 1100 1206 1109 1160 1157 1146 1130 1146 1166 1178
1154 1128 1103 1128 1195 1072 1204 1172 1139 1093 1120 1101 1109 1161 1204 1126 1110 1145 1139 1145 1073 1152 1082 1159 1143 1151 1193 1088 1080 1127 1237 1186
1198 1264 1063 1103 1100 1233 1151 1161 1215 1089 1170 1118 1166 1142 1174 1161 1100 1156 1223 1223 1163 1187 1140 1166 1143 1098 1184 1229 1205 1178 1195 1145
1192 1171 1176 1130 1145 1185 1171 1183 1179 1081 1161 1147 1208 1183 1216 1037 1118 1166 1203 1186 1217 1052 1213 1161 1140 1186 1211 1195 1149 1199 1152 1140
1217 1137 1134 1152 1220 1094 1094 1147 1099 1085 1117 1149 1126 1211 1157 1218 1112 1151 1128 1160 1107 1077 1072 1109 1162 1184 1116 1170 1165 1106 1159 1066
1186 1244 1178 1164 1165 1200 1110 1202 1080 1065 1111 1176 1204 1072 1148 1160 1214 1155 1096 1183 1218 1237 1165 1114 1140 1097 1254 1062 1130 1134 1205 1123
1178 1268 1130 1235 1130 1214 1139 1208 1163 1057 1121 1180 1295 1229 1197 1166 1207 1148 1166 1144 1195 1258 1100 1213 1095 1155 1220 1167 1086 1124 1224 1124
1139 1163 1177 1127 1205 1248 1140 1176 1151 1118 1164 1130 1188 1161 1106 1169 1093 1112 1144 1155 1210 1187 1155 1134 1124 1163 1157 1153 1108 1169 1097 1158
1152 1082 1187 1169 1193 1125 1147 1150 1087 1181 1148 1056 1128 1175 1222 1137 1072 1174 1162 1306 1112 1154 1165 1169 1158 1159 1172 1155 1101 1145 1173 1209
1179 1141 1066 1137 1200 1107 1199 1187 1194 1116 1091 1130 1114 1194 1181 1107 1119 1144 1116 1148 1114 1141 1101 1168 1110 1114 1184 1121 1067 1112 1230 1177
1247 1261 1076 1104 1083 1216 1172 1200 1246 1096 1141 1073 1173 1155 1189 1202 1159 1163 1216 1200 1144 1194 1173 1163 1152 1135 1149 1228 1180 1169 1204 1184
1193 1170 1135 1143 1172 1202 1184 1170 1192 1076 1136 1210 1205 1172 1157 1054 1143 1173 1218 1167 1174 1097 1202 1162 1139 1221 1220 1188 1106 1218 1177 1183
1212 1146 1143 1087 1217 1083 1165 1174 1110 1052 1106 1166 1119 1220 1082 1209 1119 1162 1141 1087 1086 1100 1049 1090 1173 1225 1113 1135 1158 1111 1120 1057
1187 1249 1193 1179 1196 1163 1091 1187 1095 1114 1146 1155 1227 1049 1179 1179 1209 1138 1117 1186 1213 1226 1152 1091 1179 1122 1233 1041 1107 1149 1184 1116
1147 1269 1101 1226 1117 1233 1176 1195 1180 1074 1176 1115 1288 1264 1202 1153 1208 1141 1151 1133 1248 1297 1149 1226 1078 1166 1221 1176 1113 1089 1233 1133
1132 1136 1174 1116 1216 1261 1103 1179 1184 1159 1165 1113 1223 1148 1099 1182 1102 1121 1113 1188 1201 1178 1138 1165 1179 1156 1190 1194 1101 1116 1102 1135
1161 1085 1178 1136 1166 1142 1156 1115 1108 1186 1165 1045 1131 1184 1199 1142 1087 1123 1181 1267 1103 1115 1122 1114 1137 1162 1119 1116 1142 1150 1138 1224
1144 1174 1091 1136 1173 1174 1176 1194 1165 1087 1158 1145 1125 1177 1166 1110 1126 1111 1189 1115 1087 1138 1138 1161 1061 1127 1167 1104 1138 1107 1235 1190
1220 1186 1085 1103 1068 1225 1179 1185 1213 1119 1148 1114 1174 1168 1168 1261 1170 1124 1213 1197 1111 1177 1176 1166 1189 1114 1132 1207 1163 1202 1183 1165
1182 1171 1116 1144 1109 1175 1197 1139 1165 1139 1145 1187 1208 1149 1138 1089 1100 1176 1201 1138 1149 1122 1167 1207 1146 1194 1183 1233 1089 1155 1160 1178
1217 1143 1100 1096 1212 1124 1214 1191 1113 1053 1117 1137 1120 1191 1081 1190 1106 1131 1174 1104 1095 1123 1064 1095 1212 1176 1108 1160 1101 1114 1129 1090
1194 1240 1196 1204 1183 1176 1106 1218 1086 1101 1111 1100 1196 1074 1184 1204 1200 1167 1106 1179 1174 1215 1123 1074 1170 1111 1204 1168 1090 1154 1187 1111
1111 1255 1057 1220 1075 1223 1154 1157 1164 1086 1238 1165 1268 1236 1146 1141 1196 1161 1175 1139 1234 1275 1189 1196 1090 1164 1215 1182 1125 1073 1201 1121
1140 1110 1178 1152 1202 1273 1093 1191 1166 1211 1217 1071 1195 1128 1079 1186 1118 1127 1137 1186 1205 1182 1152 1253 1205 1162 1210 1226 1141 1152 1082 1159
1137 1111 1160 1160 1148 1156 1200 1093 1104 1170 1143 1057 1143 1190 1189 1120 1093 1111 1201 1249 1087 1103 1072 1144 1153 1172 1095 1130 1150 1144 1120 1234
1134 1176 1117 1152 1199 1202 1208 1220 1165 1067 1184 1155 1117 1171 1148 1094 1146 1155 1227 1081 1111 1126 1170 1177 1099 1123 1189 1080 1164 1117 1243 1188
1202 1208 1101 1107 1096 1161 1159 1185 1217 1115 1186 1136 1146 1196 1152 1227 1164 1136 1225 1221 1081 1129 1184 1142 1189 1110 1154 1213 1185 1228 1201 1111
1142 1209 1158 1142 1103 1185 1247 1085 1121 1123 1147 1155 1254 1105 1154 1109 1068 1190 1221 1106 1157 1094 1193 1205 1190 1158 1225 1245 1109 1137 1192 1144
1267 1117 1076 1128 1154 1120 1192 1215 1075 1059 1115 1141 1110 1143 1137 1180 1066 1157 1172 1116 1085 1117 1150 1063 1152 1104 1120 1174 1103 1116 1157 1110
1232 1224 1156 1212 1157 1170 1112 1216 1090 1021 1043 1114 1156 1098 1192 1186 1168 1181 1086 1213 1160 1235 1135 1146 1180 1061 1182 1200 1090 1158 1209 1111
1146 1236 1060 1233 1070 1212 1133 1200 1119 1057 1215 1198 1191 1185 1159 1160 1203 1166 1172 1174 1205 1208 1186 1169 1125 1161 1160 1215 1144 1066 1186 1106
1187 1115 1171 1147 1181 1256 1140 1140 1153 1164 1176 1084 1136 1155 1076 1181 1101 1156 1136 1165 1172 1141 1187 1220 1122 1191 1163 1189 1132 1207 1087 1186
1138 1166 1141 1185 1185 1111 1207 1146 1057 1179 1138 1098 1188 1167 1140 1117 1122 1096 1176 1268 1090 1130 1147 1167 1176 1165 1172 1153 1171 1157 1163 1219
1131 1125 1142 1125 1210 1153 1219 1215 1188 1082 1169 1174 1094 1160 1151 1135 1183 1192 1188 1084 1086 1151 1161 1182 1106 1122 1172 1107 1081 1120 1218 1197
1239 1225 1158 1108 1123 1154 1152 1154 1214 1138 1157 1155 1151 1205 1185 1166 1143 1191 1194 1256 1136 1148 1177 1129 1158 1073 1169 1220 1206 1211 1182 1130
1121 1192 1159 1167 1124 1198 1198 1100 1174 1116 1158 1172 1285 1090 1163 1118 1121 1203 1206 1161 1194 1113 1244 1138 1121 1165 1236 1186 1130 1232 1179 1117
1250 1150 1135 1185 1199 1137 1151 1232 1070 1100 1142 1146 1131 1142 1166 1133 1085 1134 1133 1145 1128 1092 1123 1082 1179 1123 1161 1167 1128 1111 1108 1119
1193 1251 1163 1179 1136 1183 1089 1227 1113 1054 1052 1193 1163 1133 1165 1183 1249 1164 1099 1206 1171 1226 1180 1159 1227 1094 1185 1169 1119 1195 1210 1106
1114 1206 1124 1193 1094 1164 1147 1216 1167 1115 1221 1132 1197 1221 1155 1168 1197 1168 1146 1142 1171 1202 1158 1181 1143 1153 1154 1207 1134 1086 1136 1102
1199 1149 1161 1149 1183 1256 1108 1162 1183 1170 1180 1096 1170 1133 1094 1163 1161 1108 1138 1207 1122 1115 1201 1204 1164 1145 1133 1167 1128 1159 1137 1216
1120 1140 1141 1143 1167 1151 1209 1188 1111 1177 1138 1116 1146 1185 1116 1127 1162 1130 1130 1230 1136 1100 1163 1179 1192 1117 1120 1191 1151 1145 1147 1173
1167 1161 1174 1111 1188 1153 1145 1201 1174 1056 1119 1196 1170 1082 1161 1155 1183 1176 1186 1108 1084 1141 1171 1170 1094 1148 1128 1119 1105 1120 1184 1135
1175 1185 1116 1124 1061 1188 1160 1146 1200 1114 1153 1133 1155 1211 1199 1186 1207 1179 1210 1256 1136 1146 1141 1179 1124 1099 1161 1202 1204 1173 1200 1158
1117 1158 1143 1147 1160 1140 1160 1072 1198 1152 1134 1180 1261 1150 1179 1104 1085 1225 1176 1147 1204 1141 1178 1154 1109 1163 1108 1214 1100 1210 1207 1125
1214 1132 1123 1169 1205 1155 1185 1188 1088 1074 1188 1206 1111 1124 1176 1151 1125 1118 1111 1169 1148 1124 1083 1094 1165 1151 1135 1155 1162 1149 1096 1195
1185 1209 1175 1161 1092 1177 1087 1205 1169 1120 1078 1143 1145 1153 1173 1177 1251 1206 1121 1166 1157 1198 1154 1157 1179 1132 1185 1165 1111 1161 1190 1148
1162 1182 1136 1195 1088 1210 1137 1142 1171 1133 1159 1164 1213 1219 1211 1148 1133 1150 1096 1114 1209 1232 1220 1157 1141 1181 1206 1221 1082 1162 1106 1120
1237 1203 1141 1161 1191 1226 1178 1160 1191 1164 1200 1064 1110 1155 1020 1173 1101 1128 1180 1141 1224 1127 1177 1170 1144 1105 1187 1147 1134 1141 1185 1220
1128 1140 1137 1179 1157 1137 1145 1152 1071 1153 1186 1068 1110 1169 1196 1127 1132 1038 1114 1246 1122 1172 1161 1121 1104 1163 1146 1135 1077 1127 1163 1169
1129 1133 1086 1151 1230 1185 1185 1163 1084 1070 1099 1154 1154 1146 1201 1069 1133 1148 1196 1150 1054 1145 1123 1186 1126 1152 1192 1085 1067 1160 1224 1183
1247 1245 1134 1120 1165 1190 1148 1190 1202 1126 1201 1135 1193 1191 1203 1218 1137 1241 1174 1236 1138 1120 1153 1127 1158 1183 1147 1142 1166 1207 1234 1196
1217 1202 1167 1149 1140 1206 1170 1056 1152 1088 1150 1170 1347 1084 1119 1160 1085 1199 1162 1185 1100 1119 1178 1140 1107 1139 1202 1174 1110 1188 1203 1165
1320 1086 1149 1093 1135 1153 1139 1206 1114 1104 1170 1208 1169 1100 1184 1155 1109 1168 1161 1165 1140 1128 1167 1056 1167 1137 1177 1171 1136 1075 1142 1107
1229 1249 1121 1123 1138 1181 1103 1161 1123 1102 1090 1247 1125 1073 1185 1167 1263 1166 1153 1190 1201 1206 1104 1119 1151 1084 1149 1161 1165 1163 1146 1154
1124 1148 1156 1261 1146 1184 1145 1164 1083 1127 1201 1136 1261 1231 1189 1152 1163 1152 1138 1156 1227 1250 1250 1211 1113 1215 1218 1247 1144 1128 1192 1090
1183 1233 1119 1199 1113 1194 1200 1144 1197 1160 1230 1074 1076 1147 1104 1147 1123 1104 1094 1141 1208 1153 1161 1212 1120 1131 1191 1191 1168 1181 1073 1172
1102 1066 1171 1261 1205 1117 1095 1132 1081 1139 1112 1046 1166 1147 1140 1147 1100 1122 1172 1182 1124 1132 1133 1155 1120 1173 1108 1113 1135 1111 1193 1147
1101 1147 1148 1151 1232 1099 1213 1163 1184 1120 1133 1118 1136 1130 1229 1121 1131 1100 1166 1156 1020 1199 1139 1164 1110 1182 1174 1091 1069 1108 1250 1189
1181 1279 1070 1088 1133 1226 1128 1162 1158 1142 1211 1135 1207 1127 1133 1186 1097 1179 1242 1216 1138 1154 1169 1151 1164 1153 1137 1234 1126 1155 1216 1204
1233 1176 1191 1201 1142 1242 1172 1134 1196 1128 1190 1148 1267 1102 1141 1136 1153 1141 1198 1201 1118 1059 1176 1124 1225 1153 1186 1152 1150 1182 1119 1133
1246 1084 1153 1157 1143 1109 1091 1168 1110 1042 1192 1158 1167 1136 1144 1233 1101 1202 1181 1235 1134 1114 1131 1056 1187 1173 1197 1197 1160 1015 1180 1135
1211 1257 1163 1101 1158 1127 1099 1171 1037 1102 1062 1255 1177 1045 1181 1125 1275 1100 1149 1230 1181 1210 1190 1139 1073 1068 1213 1203 1117 1115 1178 1154
1103 1115 1189 1236 1091 1175 1212 1145 1006 1114 1106 1149 1270 1188 1202 1095 1132 1139 1157 1145 1212 1197 1205 1166 1152 1148 1273 1232 1051 1123 1185 1073
1116 1202 1108 1142 1106 1155 1161 1107 1162 1139 1233 1133 1109 1144 1137 1108 1068 1123 1103 1104 1193 1178 1134 1165 1121 1120 1190 1170 1075 1122 1098 1129
1083 1047 1204 1246 1258 1054 1128 1155 1034 1150 1129 1057 1249 1124 1145 1116 1061 1149 1191 1303 1083 1145 1092 1130 1145 1126 1137 1122 1094 1120 1124 1204
1170 1154 1121 1138 1225 1076 1204 1120 1155 1083 1148 1115 1161 1161 1224 1094 1156 1099 1169 1143 1005 1248 1088 1137 1145 1153 1205 1118 1100 1095 1305 1204
1188 1266 1021 1087 1110 1287 1117 1149 1171 1129 1154 1104 1186 1146 1150 1167 1124 1154 1181 1197 1159 1137 1162 1140 1229 1112 1140 1181 1191 1116 1203 1195
1256 1165 1144 1200 1221 1277 1181 1165 1205 1063 1157 1173 1224 1123 1198 1129 1182 1170 1225 1230 1121 1120 1211 1125 1194 1152 1251 1135 1223 1197 1090 1096
1263 1161 1106 1184 1188 1044 1082 1189 1101 1063 1123 1151 1180 1243 1143 1270 1148 1221 1150 1166 1141 1107 1098 1085 1108 1214 1188 1138 1191 1042 1131 1092
1202 1250 1200 1142 1179 1136 1104 1156 1064 1101 1081 1174 1218 1006 1188 1162 1256 1117 1100 1175 1154 1217 1185 1128 1130 1057 1258 1070 1076 1162 1181 1163
1107 1135 1141 1226 1125 1199 1244 1153 1100 1114 1104 1169 1262 1220 1208 1113 1152 1149 1153 1203 1278 1207 1139 1144 1108 1116 1309 1194 1001 1167 1145 1089
1030 1158 1118 1144 1152 1157 1119 1127 1176 1117 1249 1123 1175 1176 1117 1094 1050 1137 1143 1142 1193 1200 1118 1123 1159 1086 1184 1178 1053 1056 1134 1163
1063 1039 1178 1246 1260 1130 1156 1155 1040 1196 1157 1099 1245 1116 1201 1088 1069 1147 1187 1301 1077 1193 1116 1064 1131 1144 1147 1120 1068 1114 1128 1224
1204 1160 1135 1178 1223 1108 1214 1178 1149 1131 1132 1129 1179 1203 1212 1098 1154 1043 1085 1107 1045 1156 1112 1157 1163 1149 1119 1108 1122 1129 1341 1146
1214 1288 1007 1095 1130 1261 1139 1209 1185 1145 1164 1100 1190 1178 1146 1213 1194 1108 1171 1191 1121 1169 1154 1106 1221 1164 1122 1183 1135 1126 1189 1241
1220 1081 1096 1168 1191 1315 1189 1121 1165 1091 1165 1179 1184 1131 1178 1107 1188 1178 1195 1228 1135 1178 1195 1147 1168 1200 1237 1111 1199 1181 1068 1152
1225 1193 1142 1118 1158 1012 1182 1183 1103 1043 1103 1143 1154 1241 1145 1296 1082 1205 1180 1104 1125 1147 992 1051 1122 1284 1158 1132 1169 1046 1119 1146
1176 1276 1156 1206 1153 1094 1090 1176 1070 1153 1109 1088 1196 982 1182 1188 1210 1081 1086 1155 1148 1187 1147 1110 1146 1085 1212 1082 1056 1164 1187 1159
1023 1161 1093 1254 1135 1189 1216 1151 1092 1152 1130 1135 1270 1248 1190 1097 1134 1163 1161 1203 1284 1279 1199 1168 1126 1096 1281 1166 1017 1151 1167 1109
1054 1136 1150 1154 1162 1151 1107 1161 1208 1189 1285 1109 1193 1128 1115 1142 1064 1145 1127 1142 1181 1204 1130 1201 1165 1106 1196 1252 1055 1060 1178 1133
1079 1051 1164 1218 1184 1134 1164 1109 1128 1184 1193 1097 1209 1106 1197 1070 1047 1111 1221 1261 1091 1187 1076 1058 1069 1162 1077 1112 1116 1106 1124 1242
1156 1110 1109 1176 1215 1176 1176 1210 1103 1111 1204 1133 1143 1203 1204 1154 1140 1057 1177 1083 1073 1136 1124 1159 1165 1141 1175 1118 1198 1143 1317 1204
1180 1256 1003 1093 1102 1233 1157 1191 1201 1169 1202 1094 1238 1170 1098 1169 1160 1084 1199 1171 1047 1113 1112 1122 1221 1162 1126 1193 1107 1174 1193 1177
1234 1135 1084 1152 1075 1295 1241 1115 1135 1133 1151 1161 1158 1163 1178 1147 1168 1124 1155 1220 1135 1182 1189 1171 1226 1212 1209 1159 1159 1111 1082 1146
1223 1145 1096 1128 1106 1036 1188 1161 1109 1111 1117 1125 1136 1239 1119 1232 1116 1173 1164 1124 1125 1143 1066 1049 1176 1238 1130 1148 1127 1042 1171 1154
1200 1264 1140 1258 1161 1110 1098 1168 1060 1105 1071 1034 1174 1024 1210 1176 1200 1133 1088 1147 1172 1183 1159 1098 1108 1097 1234 1188 1052 1176 1229 1153
1026 1194 1094 1277 1092 1170 1151 1130 1069 1149 1187 1152 1231 1221 1181 1100 1177 1180 1156 1162 1271 1270 1220 1153 1135 1113 1258 1191 1070 1130 1156 1078
1051 1071 1133 1171 1193 1196 1076 1146 1181 1258 1256 1052 1154 1137 1060 1157 1055 1196 1102 1115 1236 1183 1117 1248 1176 1127 1209 1255 1140 1083 1141 1166
1090 1126 1151 1195 1163 1117 1153 1090 1149 1171 1172 1066 1166 1129 1160 1095 1052 1122 1212 1256 1056 1136 1041 1123 1130 1159 1082 1101 1125 1155 1143 1271
1107 1111 1116 1227 1224 1191 1169 1251 1146 1102 1163 1150 1128 1214 1169 1167 1085 1102 1194 1080 1066 1113 1137 1178 1202 1110 1264 1087 1185 1108 1278 1207
1177 1259 1074 1078 1107 1136 1148 1200 1182 1100 1215 1079 1163 1211 1039 1166 1143 1079 1270 1208 1056 1094 1087 1077 1214 1155 1133 1190 1092 1221 1224 1144
1183 1226 1103 1087 1050 1250 1238 1054 1096 1112 1194 1124 1253 1134 1201 1112 1107 1135 1188 1181 1106 1127 1224 1202 1231 1205 1262 1182 1148 1120 1107 1125
1264 1114 1079 1145 1045 1087 1219 1150 1136 1114 1180 1112 1119 1174 1130 1219 1125 1212 1135 1099 1142 1144 1153 1068 1153 1123 1123 1143 1106 1027 1226 1111
1241 1291 1117 1259 1152 1109 1141 1197 1149 1010 1046 1053 1099 1047 1209 1175 1181 1144 1073 1106 1137 1232 1220 1161 1121 1054 1199 1183 1077 1153 1274 1116
1088 1228 1062 1271 1090 1204 1117 1214 1065 1109 1189 1192 1133 1225 1225 1108 1183 1198 1162 1200 1257 1192 1192 1133 1159 1127 1204 1259 1114 1098 1162 1096
1173 1045 1147 1139 1187 1154 1118 1084 1169 1186 1204 1064 1090 1191 1010 1169 1097 1148 1120 1129 1236 1137 1133 1222 1138 1179 1145 1223 1136 1183 1097 1214
1114 1186 1163 1181 1181 1099 1165 1118 1067 1227 1180 1080 1182 1155 1110 1147 1106 1094 1178 1250 1088 1198 1141 1141 1164 1151 1174 1111 1153 1219 1197 1197
1115 1117 1074 1199 1230 1143 1147 1223 1208 1088 1117 1134 1088 1204 1165 1155 1083 1176 1110 1114 1072 1107 1137 1188 1172 1106 1208 1059 1093 1092 1222 1179
1225 1249 1138 1070 1161 1152 1106 1194 1200 1134 1205 1131 1215 1205 1125 1200 1165 1185 1264 1230 1170 1118 1169 1095 1132 1135 1109 1192 1152 1187 1166 1192
1149 1184 1125 1129 1126 1206 1164 1068 1152 1118 1174 1126 1299 1120 1177 1160 1159 1151 1192 1231 1088 1071 1268 1184 1125 1187 1250 1160 1102 1222 1141 1119
1292 1094 1113 1147 1105 1137 1207 1222 1074 1152 1176 1140 1119 1096 1118 1177 1131 1168 1131 1123 1162 1072 1147 1060 1177 1153 1145 1133 1126 1041 1144 1095
1201 1329 1119 1189 1186 1145 1081 1221 1159 1050 1078 1163 1113 1099 1171 1167 1227 1112 1127 1188 1163 1224 1224 1201 1187 1090 1159 1157 1101 1183 1246 1074
1114 1224 1140 1247 1102 1170 1117 1220 1133 1141 1223 1116 1155 1217 1195 1126 1177 1210 1168 1146 1203 1196 1210 1181 1159 1137 1144 1257 1166 1088 1182 1128
1161 1145 1119 1167 1157 1194 1156 1162 1191 1172 1194 1128 1136 1143 1090 1195 1177 1104 1102 1169 1136 1103 1145 1220 1170 1161 1111 1185 1154 1129 1113 1208
1138 1118 1133 1147 1157 1137 1131 1180 1087 1171 1132 1094 1168 1167 1094 1163 1122 1134 1160 1190 1156 1130 1185 1153 1170 1131 1124 1155 1181 1139 1165 1123
1143 1157 1120 1153 1206 1111 1159 1223 1228 1074 1091 1164 1158 1076 1155 1153 1111 1140 1152 1134 1084 1123 1163 1174 1104 1116 1124 1069 1085 1126 1176 1139
1163 1219 1112 1120 1077 1176 1110 1154 1160 1142 1161 1117 1183 1201 1145 1210 1213 1153 1272 1254 1176 1122 1157 1181 1118 1123 1107 1168 1164 1179 1180 1172
1119 1152 1121 1137 1194 1162 1170 1078 1218 1198 1142 1148 1279 1140 1137 1118 1151 1155 1188 1187 1144 1099 1210 1194 1121 1223 1082 1214 1098 1212 1183 1149
1214 1078 1113 1151 1171 1153 1187 1178 1068 1094 1216 1206 1125 1096 1154 1199 1131 1146 1103 1175 1178 1104 1073 1068 1157 1187 1127 1123 1146 1109 1124 1193
1175 1255 1163 1159 1124 1159 1067 1185 1207 1120 1076 1175 1129 1151 1175 1157 1271 1174 1153 1186 1151 1220 1180 1223 1157 1124 1197 1183 1115 1111 1198 1106
1136 1220 1136 1181 1104 1188 1129 1140 1183 1117 1171 1140 1215 1221 1223 1148 1155 1164 1076 1128 1167 1242 1212 1171 1107 1189 1202 1195 1120 1128 1124 1108
1191 1199 1145 1183 1213 1224 1172 1148 1183 1120 1160 1072 1130 1165 1054 1179 1131 1120 1138 1129 1274 1177 1143 1184 1172 1111 1191 1179 1138 1105 1145 1244
1140 1136 1155 1175 1115 1131 1075 1128 1093 1167 1184 1058 1106 1179 1128 1117 1104 1088 1108 1254 1130 1158 1147 1137 1126 1159 1116 1117 1081 1107 1221 1195
1167 1127 1068 1171 1194 1157 1189 1173 1112 1062 1101 1160 1170 1152 1205 1105 1091 1106 1200 1180 1082 1155 1125 1174 1094 1164 1194 1063 1057 1162 1212 1165
1227 1231 1116 1142 1137 1230 1136 1140 1228 1080 1183 1109 1207 1099 1147 1260 1135 1225 1192 1202 1152 1086 1173 1141 1174 1177 1137 1184 1130 1177 1216 1168
1219 1194 1155 1149 1136 1190 1170 1082 1152 1084 1158 1140 1313 1090 1147 1136 1109 1233 1166 1143 1156 1135 1174 1154 1143 1139 1196 1198 1084 1150 1237 1183
1266 1084 1113 1087 1139 1121 1161 1228 1122 1088 1164 1214 1159 1106 1118 1179 1107 1172 1121 1139 1176 1122 1109 1076 1187 1123 1117 1157 1130 1083 1178 1105
1229 1227 1125 1137 1164 1169 1097 1169 1147 1138 1120 1239 1173 1051 1189 1189 1219 1168 1187 1164 1231 1232 1122 1129 1093 1094 1147 1147 1143 1129 1112 1128
1083 1201 1125 1242 1103 1153 1156 1141 1166 1136 1204 1119 1230 1274 1204 1147 1172 1155 1147 1181 1230 1207 1271 1190 1116 1176 1267 1258 1137 1131 1201 1105
1154 1238 1130 1176 1132 1211 1203 1153 1206 1149 1223 1083 1095 1142 1113 1140 1106 1133 1101 1104 1261 1158 1106 1241 1143 1154 1184 1188 1181 1106 1040 1213
1113 1117 1156 1230 1176 1082 1102 1087 1096 1170 1113 1025 1187 1182 1109 1078 1115 1125 1197 1261 1109 1163 1138 1130 1165 1192 1089 1072 1130 1170 1196 1148
1152 1138 1091 1168 1235 1098 1238 1172 1173 1111 1182 1131 1135 1185 1216 1132 1066 1127 1177 1199 1061 1134 1148 1133 1067 1179 1191 1098 1032 1077 1233 1182
1216 1274 1055 1085 1108 1275 1145 1139 1175 1171 1208 1150 1214 1042 1086 1197 1112 1174 1255 1183 1113 1093 1206 1148 1221 1156 1072 1221 1143 1158 1185 1217
1274 1169 1204 1208 1169 1233 1225 1135 1181 1117 1179 1095 1334 1071 1176 1123 1240 1136 1259 1170 1149 1084 1207 1185 1202 1142 1255 1189 1115 1183 1122 1176
1233 1123 1104 1166 1096 1112 1104 1257 1075 1073 1161 1201 1158 1091 1121 1242 1098 1233 1158 1176 1091 1077 1130 1075 1140 1134 1122 1170 1115 1024 1175 1118
1170 1246 1140 1164 1203 1086 1076 1176 1098 1137 1077 1244 1232 1058 1130 1166 1230 1085 1158 1239 1180 1249 1155 1170 1020 1103 1188 1218 1110 1152 1177 1097
1063 1131 1135 1260 1095 1159 1238 1153 1100 1150 1180 1165 1260 1258 1202 1107 1162 1147 1211 1235 1232 1191 1217 1152 1130 1118 1333 1240 1093 1131 1187 1067
1104 1216 1112 1114 1076 1185 1225 1139 1146 1135 1235 1109 1111 1168 1129 1092 1088 1115 1161 1086 1221 1166 1132 1183 1171 1188 1156 1212 1113 1096 1038 1205
1101 1117 1168 1210 1256 1044 1172 1123 1024 1212 1081 1061 1269 1110 1139 1068 1103 1165 1199 1307 1075 1141 1158 1102 1107 1130 1111 1158 1148 1196 1112 1236
1168 1144 1131 1182 1275 1090 1232 1180 1147 1089 1170 1133 1109 1145 1172 1184 1112 1079 1125 1167 1047 1128 1150 1097 1125 1151 1199 1080 1068 1041 1253 1182
1216 1302 969 1107 1090 1263 1149 1173 1203 1169 1178 1130 1180 1096 1110 1141 1144 1188 1207 1221 1147 1055 1198 1154 1281 1114 1062 1173 1209 1182 1155 1233
1242 1107 1162 1230 1197 1331 1215 1143 1159 1083 1173 1097 1274 1087 1174 1107 1254 1172 1257 1192 1189 1136 1215 1145 1166 1144 1257 1163 1155 1147 1084 1074
1267 1177 1084 1198 1114 1004 1102 1255 1077 1039 1081 1189 1158 1201 1169 1282 1142 1235 1166 1156 1087 1091 1070 1077 1114 1194 1140 1148 1175 1080 1159 1132
1186 1250 1152 1178 1183 1098 1036 1166 1112 1105 1115 1196 1170 1040 1128 1158 1204 1049 1084 1213 1134 1221 1173 1168 1102 1043 1194 1152 1064 1190 1175 1057
1051 1163 1139 1254 1123 1175 1234 1179 1106 1104 1184 1183 1286 1240 1182 1075 1132 1153 1181 1263 1264 1215 1203 1142 1146 1060 1287 1184 1031 1129 1105 1087
1020 1222 1136 1148 1086 1163 1205 1111 1152 1143 1271 1105 1161 1144 1139 1094 1084 1077 1171 1132 1193 1236 1144 1223 1177 1132 1154 1244 1087 1080 1118 1255
1081 1041 1108 1228 1280 1134 1222 1109 1094 1198 1161 1085 1187 1156 1177 1052 1113 1143 1143 1255 1073 1147 1128 1072 1093 1176 1089 1192 1120 1130 1174 1218
1154 1084 1155 1160 1283 1072 1200 1216 1107 1119 1086 1119 1131 1127 1204 1184 1104 1003 1101 1127 1061 1116 1108 1133 1201 1153 1145 1112 1060 1119 1289 1124
1208 1270 971 1121 1118 1249 1141 1177 1189 1153 1228 1090 1210 1172 1078 1135 1146 1104 1169 1227 1137 1053 1120 1120 1235 1188 1132 1213 1199 1148 1159 1227
1226 1075 1146 1162 1179 1273 1173 1135 1125 1135 1195 1087 1198 1135 1202 1105 1186 1200 1211 1194 1249 1168 1193 1133 1164 1182 1181 1125 1159 1097 1076 1084
1223 1197 1132 1228 1116 1020 1140 1169 1095 1051 1095 1197 1146 1165 1229 1276 1052 1197 1140 1150 1117 1111 982 1067 1150 1248 1148 1190 1161 1046 1225 1156
1172 1250 1120 1206 1197 1126 1046 1176 1094 1159 1163 1146 1172 1010 1160 1144 1208 1119 1046 1179 1126 1215 1145 1116 1086 1095 1236 1136 1060 1178 1199 1105
1050 1172 1112 1259 1120 1184 1197 1160 1105 1111 1143 1148 1275 1203 1187 1142 1135 1168 1158 1218 1239 1242 1214 1169 1161 1073 1292 1153 1050 1178 1128 1146
1033 1205 1207 1121 1095 1180 1186 1134 1197 1216 1314 1136 1184 1095 1152 1163 1061 1106 1148 1171 1232 1223 1125 1220 1094 1111 1183 1285 1100 1055 1195 1182
1064 1046 1095 1235 1209 1149 1195 1154 1159 1185 1202 1078 1092 1129 1250 995 1052 1136 1156 1242 1070 1124 1077 1051 1084 1197 1080 1175 1157 1145 1165 1231
1141 1011 1104 1163 1262 1049 1159 1215 1070 1146 1129 1120 1124 1130 1229 1211 1065 1034 1152 1110 1072 1101 1089 1148 1202 1156 1190 1127 1125 1112 1288 1187
1165 1285 964 1078 1079 1220 1168 1160 1230 1172 1199 1063 1217 1175 1061 1100 1079 1091 1226 1170 1114 1086 1053 1169 1244 1147 1159 1216 1140 1189 1140 1198
1217 1156 1171 1133 1122 1280 1240 1152 1146 1110 1180 1132 1151 1166 1233 1086 1183 1099 1190 1201 1252 1127 1196 1178 1231 1237 1154 1168 1108 1092 1057 1153
1218 1152 1077 1171 1075 1033 1143 1088 1146 1116 1116 1180 1169 1178 1210 1253 1135 1180 1101 1127 1096 1100 1063 1054 1169 1203 1149 1199 1130 1033 1264 1103
1195 1267 1131 1253 1128 1141 1093 1193 1081 1108 1112 1117 1159 1025 1181 1163 1203 1116 1075 1194 1145 1232 1168 1125 1027 1082 1241 1077 1075 1173 1266 1142
1067 1251 1089 1310 1095 1217 1136 1147 1128 1092 1144 1143 1230 1180 1214 1135 1182 1209 1105 1169 1270 1267 1201 1190 1130 1070 1293 1162 1071 1189 1169 1119
1034 1112 1186 1142 1132 1249 1125 1097 1202 1233 1257 1115 1165 1140 1049 1170 1048 1187 1131 1102 1259 1222 1092 1217 1089 1130 1192 1254 1149 1084 1234 1113
1091 1087 1124 1214 1150 1176 1150 1133 1150 1172 1211 995 1159 1138 1203 1050 1075 1123 1153 1253 1049 1149 1142 1106 1129 1190 1085 1134 1170 1196 1162 1234
1146 1074 1059 1170 1247 1110 1138 1202 1097 1145 1128 1141 1085 1145 1198 1162 1026 1115 1195 1103 1087 1094 1098 1177 1231 1109 1255 1150 1130 1061 1257 1212
1176 1298 1063 1059 1058 1181 1165 1207 1235 1141 1198 1038 1218 1206 1082 1147 1070 1102 1253 1187 1111 1105 1056 1102 1249 1166 1162 1241 1113 1232 1211 1197
1216 1229 1176 1126 1091 1267 1225 1069 1065 1077 1141 1131 1202 1139 1228 1073 1162 1080 1209 1182 1221 1086 1199 1255 1166 1222 1221 1191 1125 1109 1100 1138
1225 1127 1034 1124 1062 1100 1192 1105 1169 1083 1153 1173 1158 1181 1139 1196 1192 1223 1062 1108 1129 1105 1156 1043 1230 1128 1142 1196 1129 1056 1259 1066
1206 1286 1132 1276 1113 1146 1128 1246 1136 1047 1101 1052 1136 1052 1182 1162 1188 1091 1086 1159 1152 1227 1157 1110 1084 1087 1190 1044 1092 1148 1215 1107
1100 1268 1058 1283 1040 1250 1143 1184 1165 1111 1189 1200 1157 1201 1253 1140 1205 1216 1114 1190 1323 1192 1178 1139 1093 1127 1236 1239 1086 1102 1170 1136
1139 1119 1181 1131 1203 1202 1102 1084 1173 1154 1170 1080 1140 1237 984 1151 1091 1190 1132 1105 1276 1149 1129 1238 1126 1173 1199 1235 1132 1175 1179 1156
1142 1114 1191 1235 1195 1155 1155 1150 1091 1205 1176 1000 1172 1167 1116 1129 1106 1102 1158 1236 1070 1190 1157 1123 1150 1155 1152 1149 1147 1247 1157 1183
1161 1139 1060 1177 1214 1145 1121 1207 1162 1180 1115 1202 1070 1186 1167 1161 1007 1170 1144 1120 1100 1069 1123 1214 1214 1126 1210 1077 1079 1062 1218 1173
1217 1241 1158 1044 1089 1184 1110 1244 1190 1154 1219 1075 1245 1191 1111 1224 1121 1203 1292 1184 1188 1144 1147 1069 1134 1155 1135 1188 1152 1189 1140 1228
1159 1170 1153 1107 1142 1246 1140 1092 1126 1132 1094 1148 1257 1114 1163 1150 1155 1087 1212 1199 1192 1079 1224 1280 1089 1163 1216 1176 1130 1178 1167 1163
1248 1116 1095 1119 1067 1195 1237 1234 1112 1090 1158 1166 1163 1126 1124 1191 1141 1168 1125 1111 1132 1034 1169 1042 1241 1159 1133 1183 1124 1097 1200 1075
1181 1309 1109 1269 1210 1157 1143 1281 1151 1074 1092 1123 1119 1073 1185 1159 1219 1066 1129 1188 1173 1178 1176 1167 1163 1154 1123 1081 1107 1213 1194 1066
1116 1228 1124 1249 1078 1200 1149 1210 1179 1165 1183 1104 1161 1203 1197 1142 1177 1196 1132 1152 1229 1202 1190 1179 1133 1125 1182 1237 1144 1112 1208 1128
1161 1179 1137 1135 1147 1220 1158 1182 1183 1158 1190 1148 1168 1143 1076 1159 1167 1130 1090 1179 1152 1111 1169 1224 1146 1179 1149 1205 1136 1151 1149 1176
1164 1108 1165 1179 1147 1159 1131 1166 1123 1181 1160 1044 1182 1189 1080 1157 1136 1156 1172 1186 1158 1150 1203 1129 1166 1147 1110 1183 1185 1165 1159 1125
1149 1133 1090 1161 1214 1173 1169 1243 1200 1128 1115 1184 1142 1116 1171 1147 1033 1160 1166 1122 1106 1105 1131 1196 1146 1130 1132 1105 1071 1110 1172 1159
1191 1195 1114 1086 1055 1188 1118 1206 1166 1154 1175 1107 1227 1193 1111 1220 1187 1155 1300 1226 1154 1120 1167 1183 1142 1129 1105 1184 1158 1175 1176 1204
1157 1136 1145 1167 1162 1194 1194 1104 1224 1204 1096 1142 1273 1144 1135 1130 1147 1137 1184 1165 1178 1101 1186 1270 1119 1215 1088 1238 1132 1178 1157 1197
1212 1084 1145 1113 1147 1165 1181 1196 1088 1086 1196 1230 1127 1080 1144 1201 1139 1152 1095 1187 1154 1068 1127 1072 1193 1193 1103 1153 1152 1157 1144 1179
1169 1235 1135 1203 1146 1135 1095 1231 1157 1118 1070 1189 1151 1113 1161 1157 1275 1170 1143 1174 1137 1200 1162 1211 1145 1156 1207 1175 1125 1127 1198 1114
1106 1226 1146 1173 1134 1162 1131 1136 1143 1137 1123 1168 1231 1199 1235 1142 1115 1158 1068 1140 1193 1210 1188 1215 1157 1147 1200 1169 1084 1182 1132 1090
1139 1195 1159 1223 1201 1210 1146 1140 1213 1090 1122 1090 1144 1149 1078 1167 1133 1104 1174 1113 1214 1177 1133 1154 1160 1083 1205 1195 1112 1097 1165 1216
1100 1108 1153 1161 1171 1155 1069 1134 1099 1159 1182 1096 1124 1201 1180 1159 1118 1096 1154 1272 1088 1172 1111 1157 1136 1143 1114 1145 1101 1097 1237 1161
1171 1083 1056 1143 1178 1139 1157 1167 1090 1086 1095 1132 1172 1164 1193 1143 1087 1098 1156 1162 1062 1219 1123 1150 1126 1164 1176 1105 1087 1190 1216 1127
1187 1253 1162 1134 1131 1230 1128 1164 1216 1102 1185 1107 1207 1129 1105 1282 1127 1181 1150 1192 1126 1102 1137 1117 1168 1197 1135 1196 1098 1169 1242 1184
1187 1166 1153 1175 1124 1196 1190 1062 1168 1138 1138 1118 1245 1140 1145 1094 1125 1233 1138 1109 1174 1175 1182 1158 1137 1173 1184 1214 1108 1166 1205 1161
1210 1124 1157 1087 1157 1113 1145 1168 1100 1088 1200 1208 1167 1170 1120 1207 1149 1172 1129 1093 1184 1120 1053 1126 1201 1155 1115 1149 1118 1041 1186 1099
1195 1231 1173 1131 1210 1161 1103 1145 1125 1172 1126 1179 1223 1075 1139 1201 1209 1146 1151 1110 1199 1276 1118 1091 1097 1088 1169 1153 1125 1103 1154 1162
1075 1201 1137 1206 1095 1143 1138 1151 1148 1156 1226 1119 1206 1268 1214 1165 1150 1129 1123 1159 1260 1201 1225 1220 1122 1130 1275 1234 1123 1157 1161 1111
1078 1150 1126 1184 1140 1209 1191 1101 1234 1195 1201 1041 1117 1156 1107 1132 1134 1155 1139 1106 1237 1142 1086 1213 1165 1098 1216 1200 1141 1054 1140 1201
1093 1135 1138 1192 1214 1134 1092 1087 1122 1208 1149 1071 1177 1198 1143 1094 1091 1095 1167 1261 1083 1203 1104 1144 1149 1132 1083 1102 1148 1206 1178 1158
1170 1114 1035 1152 1195 1092 1156 1198 1155 1117 1168 1137 1107 1201 1184 1174 1056 1109 1145 1149 1053 1156 1184 1129 1111 1175 1201 1108 1064 1103 1247 1196
1164 1282 1105 1061 1146 1257 1141 1165 1147 1153 1244 1146 1222 1150 1052 1167 1126 1180 1209 1191 1117 1093 1110 1114 1207 1188 1090 1217 1159 1162 1185 1263
1252 1143 1174 1168 1171 1227 1227 1041 1127 1147 1157 1103 1274 1079 1214 1101 1150 1136 1205 1126 1143 1150 1177 1153 1172 1188 1247 1179 1107 1137 1136 1154
1223 1167 1112 1158 1102 1080 1114 1209 1069 1103 1175 1225 1190 1169 1147 1228 1162 1225 1170 1050 1073 1071 1082 1069 1200 1118 1116 1182 1151 988 1209 1102
1218 1252 1160 1184 1269 1172 1108 1206 1114 1131 1083 1162 1226 1078 1142 1218 1214 1091 1090 1143 1170 1249 1133 1170 1056 1147 1156 1164 1094 1156 1241 1109
1067 1183 1029 1212 1085 1157 1214 1191 1094 1146 1240 1187 1262 1300 1172 1103 1104 1109 1165 1241 1238 1187 1229 1182 1166 1118 1265 1252 1091 1139 1157 1123
1076 1170 1160 1156 1076 1193 1227 1135 1136 1219 1343 1051 1139 1118 1067 1112 1112 1111 1147 1104 1177 1150 1144 1207 1153 1170 1128 1208 1119 1058 1128 1229
1029 1129 1124 1166 1214 1150 1180 1087 1078 1188 1137 1089 1211 1170 1155 1084 1105 1071 1117 1271 1065 1185 1128 1082 1111 1138 1095 1164 1132 1204 1136 1224
1164 1146 1089 1176 1285 1112 1184 1202 1159 1095 1112 1147 1105 1139 1176 1186 1094 1073 1137 1183 1087 1126 1180 1127 1179 1159 1197 1066 1072 1089 1263 1194
1208 1290 1019 1061 1120 1259 1161 1189 1201 1159 1228 1126 1204 1168 1082 1131 1156 1180 1227 1203 1161 1063 1100 1108 1267 1164 1104 1229 1239 1194 1165 1293
1220 1145 1192 1152 1183 1271 1229 1067 1165 1127 1151 1117 1290 1053 1176 1099 1162 1150 1265 1138 1191 1126 1185 1139 1168 1176 1261 1155 1063 1103 1084 1102
1231 1161 1064 1144 1076 1058 1114 1227 1075 1081 1093 1205 1198 1137 1187 1278 1176 1231 1150 1110 1097 1099 1110 1013 1152 1160 1138 1208 1193 1056 1205 1138
1218 1234 1120 1206 1255 1140 1072 1156 1114 1091 1099 1198 1162 1054 1158 1182 1174 1099 1100 1225 1150 1219 1149 1200 1120 1059 1192 1158 1080 1150 1183 1097
1095 1123 1083 1242 1079 1171 1188 1183 1102 1088 1208 1205 1176 1248 1120 1069 1144 1137 1191 1259 1212 1185 1265 1190 1180 1098 1217 1260 1099 1113 1157 1111
1080 1240 1126 1154 1054 1131 1229 1145 1176 1175 1319 1075 1137 1076 1137 1132 1082 1083 1135 1100 1183 1202 1168 1227 1123 1140 1120 1244 1115 1040 1150 1217
1089 1079 1150 1266 1270 1156 1202 1095 1086 1174 1145 1099 1159 1176 1159 1058 1051 1135 1107 1235 1055 1161 1104 1098 1113 1132 1073 1160 1098 1154 1182 1188
1128 1072 1119 1168 1283 1080 1214 1226 1159 1149 1104 1157 1093 1129 1206 1222 1082 1057 1149 1119 1091 1118 1134 1101 1155 1157 1181 1112 1024 1115 1239 1168
1184 1264 1015 1057 1078 1199 1143 1165 1207 1125 1190 1096 1180 1236 1074 1145 1144 1152 1189 1201 1193 1091 1072 1156 1247 1188 1124 1263 1241 1144 1135 1285
1170 1137 1196 1126 1183 1257 1205 1141 1173 1095 1195 1115 1248 1141 1234 1083 1112 1176 1213 1156 1243 1096 1191 1145 1190 1226 1163 1111 1137 1129 1050 1132
1185 1105 1168 1216 1144 1110 1060 1193 1109 1073 1107 1195 1154 1139 1179 1286 1108 1201 1114 1138 1143 1107 1054 1059 1162 1220 1186 1210 1219 1056 1233 1172
1182 1234 1130 1216 1187 1144 1090 1162 1088 1147 1097 1274 1174 1060 1158 1150 1196 1127 1066 1245 1234 1213 1193 1164 1112 1069 1232 1150 1054 1114 1205 1133
1115 1113 1129 1240 1093 1189 1186 1167 1112 1044 1162 1181 1196 1214 1114 1111 1172 1149 1135 1219 1222 1183 1205 1172 1124 1124 1219 1208 1061 1209 1187 1089
1064 1210 1144 1144 1116 1149 1219 1127 1180 1163 1309 1141 1173 1026 1197 1116 1040 1141 1135 1104 1225 1232 1122 1195 1029 1132 1146 1264 1083 996 1186 1143
1081 1051 1140 1266 1258 1114 1192 1147 1128 1188 1205 1065 1161 1108 1217 1060 997 1159 1139 1265 1047 1141 1110 1128 1137 1164 1105 1152 1150 1152 1146 1186
1146 1032 1121 1184 1247 1046 1208 1164 1159 1135 1106 1171 1113 1123 1194 1194 1084 1067 1227 1101 1099 1128 1092 1111 1155 1117 1187 1188 1028 1093 1259 1210
1154 1290 1021 1049 1074 1185 1167 1145 1223 1133 1154 1046 1160 1216 1114 1157 1122 1082 1191 1165 1157 1093 1072 1166 1285 1144 1134 1245 1175 1134 1177 1239
1170 1169 1222 1144 1171 1233 1235 1181 1171 1079 1199 1133 1210 1165 1288 1065 1144 1136 1179 1154 1235 1084 1237 1173 1186 1232 1183 1097 1141 1119 1046 1160
1175 1115 1080 1180 1196 1098 1110 1113 1209 1109 1099 1155 1138 1193 1139 1286 1174 1191 1094 1110 1127 1133 1068 1111 1164 1232 1176 1174 1159 1032 1211 1126
1184 1218 1142 1230 1103 1122 1124 1180 1084 1123 1073 1234 1216 1068 1166 1180 1174 1127 1082 1215 1198 1215 1153 1138 1110 1041 1242 1036 1054 1134 1225 1141
1091 1211 1161 1240 1079 1211 1178 1147 1172 988 1198 1173 1200 1222 1184 1121 1204 1195 1111 1177 1242 1247 1135 1154 1094 1146 1253 1158 1081 1195 1191 1111
1036 1166 1166 1150 1174 1225 1167 1085 1178 1145 1241 1119 1209 1118 1135 1148 1028 1177 1139 1112 1261 1238 1104 1207 1049 1140 1190 1250 1069 1022 1182 1101
1081 1043 1146 1250 1198 1140 1148 1175 1108 1214 1183 1025 1195 1112 1191 1098 995 1109 1119 1299 1037 1163 1112 1138 1155 1186 1139 1156 1180 1184 1184 1194
1190 1062 1071 1180 1213 1092 1234 1174 1161 1103 1078 1175 1131 1145 1182 1140 1078 1081 1195 1155 1121 1108 1116 1169 1211 1107 1161 1164 1080 1093 1275 1220
1178 1284 1071 1075 1078 1219 1141 1133 1235 1139 1136 998 1192 1168 1160 1221 1150 1078 1171 1153 1141 1147 1100 1090 1255 1168 1148 1249 1123 1192 1191 1207
1174 1213 1146 1132 1143 1243 1199 1137 1115 1109 1153 1151 1194 1137 1234 1055 1126 1092 1213 1120 1219 1076 1263 1209 1166 1242 1225 1175 1151 1147 1108 1170
1215 1107 1090 1128 1188 1104 1220 1141 1241 1087 1131 1149 1162 1235 1087 1260 1168 1165 1124 1096 1107 1123 1076 1097 1188 1176 1170 1160 1101 1060 1189 1096
1190 1286 1152 1266 1129 1142 1102 1208 1138 1095 1087 1094 1196 1070 1200 1162 1174 1111 1118 1167 1214 1143 1129 1114 1162 1015 1186 1024 1082 1140 1199 1101
1067 1279 1149 1256 1027 1247 1158 1181 1178 1092 1214 1167 1204 1208 1228 1151 1180 1207 1103 1175 1336 1277 1085 1124 1028 1200 1255 1218 1073 1089 1165 1193
1122 1152 1204 1120 1208 1247 1125 1109 1196 1137 1165 1075 1217 1234 1061 1150 1064 1145 1119 1152 1285 1190 1136 1215 1159 1142 1232 1248 1091 1130 1172 1145
1093 1057 1160 1200 1138 1122 1136 1145 1098 1222 1155 991 1157 1188 1091 1154 1033 1109 1159 1265 1071 1205 1150 1136 1127 1154 1099 1128 1128 1242 1170 1210
1166 1142 1043 1196 1201 1158 1160 1188 1181 1119 1088 1161 1123 1187 1134 1122 1052 1131 1175 1131 1115 1126 1138 1209 1155 1143 1171 1082 1074 1105 1251 1156
1234 1204 1159 1077 1076 1243 1105 1145 1163 1181 1172 1074 1216 1126 1152 1261 1162 1146 1207 1147 1191 1179 1180 1084 1171 1174 1124 1195 1141 1154 1197 1221
1116 1161 1124 1160 1167 1215 1141 1135 1149 1151 1107 1137 1238 1105 1168 1099 1108 1130 1239 1146 1195 1078 1235 1279 1152 1198 1209 1221 1133 1141 1182 1192
1223 1091 1112 1118 1182 1194 1252 1247 1159 1093 1087 1195 1154 1167 1067 1200 1082 1113 1174 1126 1103 1059 1110 1039 1234 1162 1134 1186 1071 1106 1221 1072
1234 1262 1160 1294 1217 1172 1130 1252 1156 1067 1083 1082 1188 1054 1214 1184 1218 1099 1120 1181 1186 1105 1131 1134 1188 1135 1156 1128 1114 1176 1193 1097
1126 1252 1128 1261 1064 1206 1175 1200 1209 1179 1211 1140 1213 1239 1179 1124 1171 1166 1110 1166 1231 1228 1184 1189 1107 1141 1226 1235 1156 1094 1188 1204
1169 1199 1207 1121 1173 1268 1122 1188 1201 1176 1210 1130 1216 1155 1090 1159 1169 1110 1112 1167 1212 1147 1135 1222 1170 1179 1175 1213 1124 1157 1189 1164
1106 1126 1125 1153 1139 1165 1147 1170 1125 1203 1156 1020 1160 1205 1074 1139 1094 1126 1186 1220 1144 1160 1169 1151 1182 1143 1072 1141 1161 1181 1155 1187
1151 1149 1082 1173 1210 1231 1189 1227 1164 1148 1153 1164 1126 1160 1143 1131 1047 1136 1192 1114 1094 1131 1145 1184 1072 1162 1146 1093 1093 1138 1198 1151
1201 1207 1126 1094 1037 1226 1094 1186 1174 1166 1189 1143 1185 1153 1125 1194 1171 1161 1260 1204 1128 1112 1209 1147 1160 1135 1105 1174 1182 1191 1188 1180
1149 1158 1167 1181 1168 1204 1234 1100 1180 1204 1080 1112 1309 1102 1107 1126 1109 1143 1198 1143 1160 1133 1194 1286 1165 1183 1154 1278 1138 1152 1177 1225
1228 1122 1127 1117 1153 1155 1165 1216 1080 1074 1146 1216 1107 1114 1152 1203 1101 1148 1129 1149 1108 1068 1141 1044 1167 1155 1103 1159 1136 1149 1158 1129
1183 1199 1175 1247 1168 1153 1079 1219 1125 1076 1016 1137 1191 1101 1175 1171 1231 1170 1143 1196 1147 1148 1164 1193 1151 1152 1193 1217 1143 1125 1206 1104
1118 1192 1148 1183 1182 1182 1151 1148 1137 1147 1121 1210 1213 1191 1209 1160 1101 1148 1076 1208 1195 1168 1188 1211 1179 1163 1202 1199 1034 1212 1114 1052
1133 1181 1189 1171 1199 1214 1144 1116 1181 1074 1100 1084 1160 1153 1070 1153 1123 1096 1216 1131 1218 1151 1123 1182 1082 1127 1243 1239 1092 1115 1199 1224
1138 1126 1119 1171 1217 1143 1149 1154 1101 1175 1204 1096 1144 1233 1212 1115 1114 1062 1142 1260 1088 1164 1093 1105 1122 1155 1144 1179 1135 1097 1213 1165
1151 1061 1084 1149 1204 1157 1199 1163 1088 1070 1109 1126 1166 1140 1211 1159 1107 1144 1144 1128 1102 1219 1107 1126 1138 1166 1122 1141 1083 1180 1224 1133
1151 1245 1140 1108 1171 1190 1168 1168 1214 1110 1175 1069 1209 1163 1117 1250 1123 1161 1108 1196 1128 1092 1141 1147 1164 1177 1135 1226 1136 1155 1182 1194
1147 1150 1171 1179 1130 1250 1184 1056 1130 1160 1152 1118 1199 1184 1167 1128 1165 1231 1116 1121 1210 1149 1170 1148 1127 1233 1164 1166 1120 1142 1155 1139
1242 1174 1205 1139 1169 1069 1115 1136 1098 1120 1180 1186 1133 1186 1160 1187 1151 1166 1117 1111 1164 1128 1059 1104 1207 1189 1153 1185 1126 1051 1194 1131
1191 1229 1125 1133 1162 1173 1101 1165 1091 1180 1128 1197 1271 1105 1149 1181 1211 1174 1157 1154 1197 1278 1100 1039 1123 1122 1211 1119 1079 1151 1164 1146
1075 1207 1135 1222 1131 1173 1124 1171 1152 1126 1204 1125 1226 1202 1250 1179 1160 1145 1077 1207 1240 1185 1199 1206 1156 1168 1233 1202 1085 1167 1137 1075
1034 1150 1170 1172 1176 1231 1161 1085 1180 1179 1161 1069 1139 1120 1115 1108 1124 1097 1185 1102 1217 1128 1086 1209 1083 1110 1228 1228 1119 1052 1204 1157
1103 1089 1128 1154 1222 1162 1164 1113 1136 1200 1181 1077 1155 1214 1201 1070 1079 1069 1109 1253 1073 1207 1122 1106 1163 1152 1133 1114 1156 1210 1190 1164
1166 1076 1051 1132 1201 1056 1156 1214 1123 1097 1126 1145 1129 1139 1190 1192 1046 1077 1125 1169 1119 1142 1140 1097 1187 1145 1181 1150 1072 1109 1259 1210
1156 1258 1107 1075 1140 1213 1141 1173 1179 1143 1224 1054 1240 1150 1088 1143 1170 1186 1179 1215 1149 1081 1084 1108 1199 1160 1188 1263 1153 1198 1177 1233
1172 1139 1206 1136 1159 1239 1191 1039 1155 1139 1117 1141 1212 1141 1270 1095 1168 1098 1169 1098 1251 1110 1145 1137 1184 1270 1167 1185 1125 1123 1078 1140
1225 1153 1160 1150 1144 1056 1098 1155 1127 1105 1185 1187 1148 1209 1165 1228 1184 1179 1142 1094 1105 1065 1062 1069 1236 1194 1112 1204 1117 982 1197 1116
1186 1242 1184 1178 1199 1182 1124 1202 1140 1149 1071 1136 1216 1098 1190 1208 1206 1083 1120 1153 1162 1247 1103 1138 1062 1173 1158 1080 1044 1188 1211 1133
1057 1189 1067 1190 1017 1183 1202 1167 1120 1128 1256 1159 1248 1264 1174 1127 1168 1129 1087 1217 1252 1177 1207 1208 1152 1110 1237 1248 1121 1115 1191 1123
1044 1130 1246 1158 1164 1223 1171 1111 1180 1263 1283 1055 1179 1086 1073 1132 1126 1061 1131 1114 1259 1178 1090 1209 1121 1126 1172 1216 1127 1028 1178 1159
1077 1085 1134 1170 1140 1140 1166 1073 1162 1190 1159 1003 1137 1152 1207 1046 1089 1079 1093 1241 1053 1127 1126 1078 1171 1148 1097 1162 1118 1238 1154 1198
1186 1098 1017 1154 1243 1092 1164 1226 1179 1099 1126 1181 1121 1103 1192 1198 1028 1085 1137 1203 1123 1120 1164 1081 1177 1165 1199 1064 1114 1069 1297 1192
1212 1262 1057 1039 1082 1227 1115 1217 1203 1147 1234 1056 1238 1118 1072 1133 1194 1182 1267 1187 1185 1051 1084 1138 1229 1140 1196 1261 1227 1254 1167 1253
1148 1133 1168 1080 1149 1233 1183 1043 1191 1127 1105 1131 1232 1107 1238 1085 1142 1082 1269 1068 1219 1070 1099 1197 1184 1210 1233 1185 1101 1091 1078 1182
1201 1115 1044 1070 1140 1068 1116 1177 1115 1107 1083 1189 1178 1157 1137 1278 1212 1195 1134 1136 1127 1031 1088 1001 1156 1174 1140 1224 1135 1044 1185 1140
1200 1258 1148 1240 1203 1176 1108 1180 1124 1127 1093 1140 1160 1092 1192 1200 1152 1103 1106 1211 1156 1235 1145 1180 1098 1121 1218 1112 1098 1152 1201 1127
1066 1138 1088 1203 1008 1190 1225 1142 1069 1121 1207 1184 1193 1245 1143 1080 1173 1110 1154 1240 1223 1164 1218 1161 1159 1127 1226 1283 1102 1090 1224 1108
1121 1139 1229 1147 1119 1158 1162 1102 1199 1202 1306 1098 1138 1037 1134 1101 1093 1114 1130 1117 1218 1211 1121 1216 1116 1157 1127 1217 1114 1011 1135 1152
1098 1120 1177 1203 1195 1089 1183 1084 1115 1197 1120 1054 1194 1113 1160 1011 1108 1112 1164 1246 1032 1138 1161 1075 1154 1123 1102 1173 1089 1193 1141 1151
1169 1111 1046 1165 1248 1095 1155 1205 1180 1106 1173 1190 1088 1116 1221 1187 1035 1126 1144 1140 1110 1129 1139 1080 1158 1150 1160 1129 1049 1100 1286 1187
1231 1285 1022 1060 1073 1232 1170 1184 1232 1178 1175 1095 1201 1191 1091 1162 1189 1133 1266 1202 1182 1092 1123 1183 1268 1119 1151 1242 1232 1177 1128 1268
1153 1120 1149 1131 1166 1218 1210 1120 1206 1104 1160 1140 1281 1126 1211 1076 1189 1159 1262 1133 1218 1119 1168 1212 1161 1195 1220 1176 1164 1126 1063 1177
1214 1132 1077 1117 1165 1077 1101 1218 1108 1126 1074 1146 1151 1118 1164 1285 1189 1184 1165 1117 1170 1082 1081 1056 1093 1193 1179 1159 1184 1077 1190 1171
1193 1247 1155 1207 1194 1153 1081 1171 1109 1140 1052 1197 1211 1105 1139 1159 1177 1112 1107 1244 1179 1244 1152 1167 1163 1116 1235 1143 1049 1185 1238 1112
1093 1061 1109 1230 1055 1161 1284 1115 1068 1082 1182 1203 1176 1262 1136 1059 1158 1109 1179 1239 1240 1169 1189 1138 1140 1122 1247 1266 1049 1137 1257 1049
1096 1158 1128 1126 1126 1131 1127 1143 1146 1173 1321 1145 1125 1036 1169 1082 1072 1123 1137 1100 1197 1234 1118 1211 1093 1180 1110 1220 1067 1026 1116 1107
1083 1119 1182 1242 1220 1092 1192 1133 1096 1194 1125 1105 1233 1072 1189 1044 1081 1129 1195 1283 1023 1155 1112 1078 1177 1170 1151 1154 1108 1146 1108 1170
1224 1076 1063 1182 1237 1104 1212 1174 1201 1093 1138 1189 1151 1117 1174 1188 1050 1087 1171 1117 1089 1134 1160 1129 1145 1149 1127 1160 1046 1079 1287 1224
1226 1290 1007 1055 1060 1209 1147 1187 1261 1193 1112 1078 1176 1232 1112 1213 1216 1104 1201 1199 1165 1099 1162 1154 1303 1110 1104 1171 1217 1144 1139 1289
1128 1133 1128 1184 1173 1275 1223 1163 1209 1093 1175 1181 1232 1163 1200 1099 1196 1196 1259 1174 1197 1122 1217 1191 1160 1200 1221 1141 1189 1163 1066 1170
1225 1149 1090 1156 1168 1018 1170 1203 1155 1107 1089 1117 1130 1181 1171 1308 1172 1191 1156 1148 1111 1147 1048 1047 1094 1266 1226 1132 1197 1084 1145 1176
1208 1224 1150 1172 1131 1124 1090 1148 1106 1127 1043 1178 1250 1106 1146 1188 1236 1087 1120 1251 1134 1205 1155 1148 1194 1067 1260 1122 1028 1190 1213 1095
1069 1109 1151 1252 1087 1159 1278 1145 1102 1030 1174 1177 1184 1248 1168 1083 1136 1155 1139 1219 1260 1269 1135 1150 1120 1116 1261 1194 1031 1157 1233 1035
1056 1182 1088 1150 1178 1147 1137 1119 1162 1129 1245 1143 1177 1074 1149 1100 1078 1167 1149 1140 1207 1210 1096 1179 1153 1142 1158 1238 1043 1032 1114 1101
1097 1077 1172 1212 1222 1110 1142 1183 1078 1200 1171 1107 1245 1098 1197 1080 1019 1053 1153 1291 1059 1169 1122 1100 1127 1178 1117 1142 1128 1134 1128 1210
1226 1092 1077 1196 1241 1136 1252 1162 1185 1075 1106 1169 1165 1137 1170 1150 1126 1069 1179 1115 1061 1152 1152 1169 1215 1127 1119 1134 1098 1127 1309 1212
1216 1288 1033 1067 1090 1233 1147 1169 1253 1181 1128 1056 1200 1202 1146 1251 1212 1098 1143 1211 1131 1131 1130 1120 1251 1142 1086 1173 1167 1132 1141 1233
1114 1153 1116 1178 1165 1279 1207 1105 1195 1105 1187 1195 1202 1173 1162 1105 1174 1196 1249 1166 1151 1120 1219 1189 1164 1230 1207 1145 1197 1161 1060 1184
1201 1121 1132 1158 1212 1030 1204 1179 1199 1075 1149 1105 1146 1245 1091 1294 1144 1151 1154 1132 1101 1145 1022 1071 1134 1266 1186 1136 1147 1078 1129 1178
1224 1212 1164 1214 1121 1146 1080 1158 1106 1125 1061 1092 1186 1072 1186 1152 1244 1091 1130 1179 1190 1127 1127 1126 1242 1035 1258 1090 1048 1156 1189 1139
1030 1184 1156 1227 1046 1152 1197 1188 1077 1113 1195 1134 1223 1217 1229 1084 1115 1180 1108 1224 1293 1324 1116 1155 1071 1155 1184 1203 1026 1118 1154 1084
1077 1175 1125 1159 1241 1202 1080 1134 1183 1180 1196 1080 1204 1125 1098 1125 1083 1132 1116 1155 1226 1209 1101 1164 1242 1065 1215 1221 1088 1107 1151 1142
1086 1034 1183 1167 1163 1101 1147 1154 1105 1191 1164 1078 1192 1179 1132 1123 1056 1082 1134 1268 1098 1158 1085 1109 1114 1127 1040 1097 1081 1153 1113 1219
1181 1133 1086 1203 1184 1187 1183 1159 1152 1068 1073 1118 1152 1170 1149 1097 1095 1080 1192 1094 1078 1141 1151 1214 1186 1128 1172 1093 1147 1148 1286 1127
1211 1233 1144 1082 1059 1216 1114 1140 1168 1128 1165 1037 1177 1155 1135 1240 1197 1145 1146 1204 1136 1182 1161 1099 1166 1173 1087 1160 1152 1129 1198 1152
1141 1148 1083 1155 1154 1206 1154 1082 1150 1156 1174 1136 1239 1106 1197 1102 1089 1173 1222 1149 1144 1169 1196 1208 1203 1189 1160 1194 1176 1132 1121 1209
1206 1100 1125 1147 1227 1107 1189 1212 1170 1048 1128 1124 1131 1246 1070 1243 1073 1134 1173 1133 1110 1080 1023 1074 1195 1189 1129 1139 1110 1079 1178 1111
1241 1241 1181 1227 1182 1169 1117 1145 1129 1066 1006 1041 1149 1049 1201 1183 1233 1116 1113 1138 1177 1138 1140 1123 1181 1098 1215 1189 1075 1149 1206 1130
1078 1232 1124 1247 1058 1164 1197 1186 1169 1191 1225 1138 1213 1247 1137 1082 1143 1166 1140 1168 1201 1230 1192 1173 1131 1141 1190 1199 1156 1108 1130 1184
1087 1135 1183 1129 1213 1268 1104 1152 1203 1270 1250 1084 1256 1141 1100 1169 1167 1086 1118 1163 1170 1173 1097 1182 1204 1113 1185 1225 1102 1133 1175 1166
1066 1124 1103 1147 1121 1147 1133 1164 1141 1197 1176 1062 1170 1205 1116 1109 1090 1096 1168 1242 1132 1146 1117 1133 1188 1147 1076 1109 1119 1175 1093 1243
1161 1145 1110 1193 1182 1215 1195 1225 1162 1112 1113 1172 1130 1160 1109 1149 1079 1142 1176 1118 1084 1127 1183 1184 1094 1170 1186 1047 1179 1150 1234 1147
1171 1239 1108 1124 1033 1194 1074 1196 1160 1150 1239 1127 1171 1171 1113 1136 1203 1187 1234 1214 1088 1088 1173 1141 1148 1155 1095 1146 1190 1221 1200 1128
1163 1160 1133 1147 1132 1162 1224 1046 1134 1170 1116 1122 1295 1086 1165 1148 1073 1161 1196 1119 1138 1175 1178 1208 1219 1197 1176 1268 1140 1124 1167 1209
1216 1134 1091 1145 1161 1125 1155 1164 1070 1084 1162 1178 1105 1154 1146 1211 1111 1144 1139 1103 1110 1082 1091 1034 1147 1141 1089 1145 1124 1095 1180 1127
1199 1191 1159 1267 1158 1181 1049 1149 1133 1056 1012 1051 1119 1105 1185 1159 1185 1172 1127 1164 1129 1172 1176 1191 1155 1130 1179 1191 1113 1137 1230 1120
1122 1148 1140 1169 1198 1206 1139 1140 1163 1111 1135 1210 1173 1179 1155 1154 1127 1140 1124 1210 1129 1144 1200 1169 1171 1183 1202 1219 1032 1160 1108 1018
1157 1129 1157 1139 1227 1196 1118 1134 1187 1074 1128 1086 1144 1119 1056 1121 1105 1110 1228 1133 1218 1129 1151 1214 1074 1167 1233 1241 1042 1131 1175 1220
1140 1174 1121 1175 1233 1163 1193 1132 1101 1179 1186 1106 1144 1211 1220 1107 1096 1064 1144 1258 1062 1166 1075 1119 1130 1177 1168 1175 1157 1085 1197 1167
1145 1063 1098 1153 1188 1173 1203 1153 1074 1070 1133 1154 1142 1154 1203 1191 1131 1186 1136 1100 1108 1219 1071 1114 1140 1122 1130 1149 1087 1148 1184 1145
1155 1243 1122 1118 1213 1188 1158 1150 1210 1114 1137 1083 1197 1181 1143 1244 1145 1119 1106 1174 1170 1074 1115 1145 1172 1103 1131 1198 1188 1149 1158 1202
1133 1158 1163 1187 1158 1240 1190 1098 1120 1156 1168 1114 1213 1188 1153 1154 1185 1239 1128 1115 1226 1085 1188 1100 1119 1205 1144 1130 1104 1156 1173 1123
1266 1160 1173 1197 1147 1107 1115 1136 1104 1156 1156 1158 1115 1182 1208 1189 1157 1160 1111 1137 1178 1156 1079 1092 1209 1177 1179 1201 1160 1079 1174 1149
1239 1249 1115 1099 1134 1171 1083 1163 1079 1172 1132 1221 1305 1121 1167 1183 1195 1192 1155 1212 1199 1270 1114 1067 1165 1116 1215 1123 1069 1143 1176 1116
1114 1152 1136 1191 1134 1196 1107 1162 1165 1037 1213 1172 1203 1179 1235 1194 1173 1166 1102 1204 1197 1194 1152 1179 1165 1185 1212 1203 1064 1140 1148 1008
1065 1145 1141 1193 1223 1218 1144 1088 1163 1094 1152 1148 1092 1081 1080 1123 1117 1062 1196 1105 1196 1105 1105 1240 1058 1165 1241 1209 1086 1093 1189 1176
1176 1098 1137 1165 1255 1157 1161 1132 1093 1235 1192 1064 1154 1191 1246 1113 1050 1076 1102 1236 1072 1166 1101 1147 1172 1213 1144 1121 1185 1169 1197 1127
1169 1089 1086 1127 1210 1081 1199 1207 1158 1116 1131 1160 1144 1144 1179 1199 1137 1122 1122 1144 1126 1155 1095 1106 1180 1136 1152 1133 1049 1080 1238 1195
1139 1279 1106 1084 1193 1190 1086 1180 1202 1150 1175 1037 1239 1127 1161 1196 1161 1139 1154 1162 1194 1100 1101 1143 1180 1117 1191 1260 1120 1185 1166 1202
1123 1132 1207 1153 1146 1230 1176 1106 1170 1140 1166 1148 1181 1158 1221 1098 1223 1105 1134 1099 1242 1017 1232 1116 1145 1285 1132 1136 1140 1154 1093 1155
1200 1124 1153 1153 1209 1065 1095 1170 1174 1110 1170 1140 1101 1208 1140 1221 1209 1142 1151 1133 1162 1080 1031 1072 1237 1231 1167 1243 1118 995 1134 1155
1205 1255 1131 1129 1138 1131 1101 1213 1079 1152 1088 1159 1237 1103 1189 1175 1185 1104 1151 1194 1195 1232 1110 1143 1093 1110 1183 1105 1065 1153 1204 1132
1074 1176 1106 1175 1028 1166 1151 1180 1101 1099 1233 1162 1257 1213 1215 1128 1193 1160 1086 1158 1243 1212 1188 1201 1145 1165 1206 1231 1120 1094 1190 1078
1075 1125 1225 1217 1209 1234 1104 1082 1181 1212 1178 1136 1150 1075 1078 1125 1113 1048 1088 1129 1242 1161 1083 1232 1120 1119 1171 1221 1126 1049 1215 1122
1146 1064 1173 1167 1183 1155 1125 1124 1151 1215 1186 1042 1138 1131 1228 1099 1056 1114 1136 1248 1080 1120 1129 1127 1168 1169 1098 1143 1153 1215 1175 1137
1169 1121 1040 1133 1206 1093 1179 1189 1208 1100 1123 1130 1100 1128 1181 1173 1099 1090 1166 1176 1118 1173 1123 1064 1174 1160 1176 1063 1091 1086 1284 1179
1169 1305 1096 1058 1127 1202 1088 1170 1200 1128 1177 1045 1213 1089 1125 1152 1177 1161 1228 1170 1182 1106 1087 1103 1224 1105 1243 1296 1196 1201 1194 1216
1101 1140 1177 1095 1122 1206 1156 1072 1194 1128 1148 1144 1189 1150 1259 1056 1157 1071 1212 1069 1252 1035 1180 1176 1181 1223 1160 1170 1154 1136 1065 1167
1208 1066 1103 1073 1223 1093 1095 1174 1166 1104 1122 1174 1147 1230 1098 1279 1193 1132 1139 1123 1152 1006 1017 1058 1213 1185 1127 1239 1092 995 1186 1137
1181 1249 1147 1225 1186 1175 1111 1193 1105 1144 1068 1123 1157 1117 1183 1191 1151 1116 1137 1166 1219 1234 1118 1141 1083 1120 1195 1113 1083 1123 1210 1142
1100 1160 1092 1143 1028 1152 1223 1216 1073 1103 1195 1170 1237 1239 1151 1070 1175 1136 1148 1194 1231 1174 1194 1175 1153 1131 1230 1249 1132 1102 1210 1096
1095 1105 1253 1149 1173 1202 1094 1134 1177 1262 1234 1118 1164 1083 1124 1127 1117 1078 1082 1131 1250 1185 1117 1216 1126 1149 1089 1247 1110 999 1167 1126
1086 1120 1161 1147 1201 1135 1159 1110 1099 1223 1136 1044 1162 1141 1184 1065 1074 1126 1174 1250 1048 1148 1139 1087 1150 1153 1108 1155 1125 1205 1127 1153
1193 1117 1044 1133 1250 1105 1151 1195 1198 1058 1165 1172 1078 1104 1175 1157 1111 1102 1136 1166 1126 1149 1141 1052 1136 1148 1156 1075 1091 1082 1288 1177
1197 1287 1042 1068 1109 1220 1098 1158 1256 1188 1221 1077 1201 1131 1117 1118 1201 1151 1232 1148 1122 1076 1087 1153 1248 1109 1213 1262 1218 1181 1188 1222
1123 1086 1139 1119 1142 1212 1156 1078 1208 1122 1118 1140 1243 1122 1235 1058 1107 1107 1272 1097 1240 1109 1144 1188 1155 1189 1242 1188 1164 1130 1065 1161
1192 1120 1101 1093 1187 1035 1147 1192 1122 1108 1056 1162 1155 1202 1104 1283 1215 1160 1151 1087 1154 1064 1033 1076 1137 1169 1103 1163 1102 1025 1178 1097
1199 1247 1143 1233 1194 1175 1079 1173 1145 1162 1074 1147 1209 1133 1157 1155 1145 1106 1095 1176 1189 1234 1146 1119 1117 1122 1247 1139 1073 1153 1198 1104
1060 1140 1064 1169 1044 1158 1297 1176 1083 1125 1173 1174 1191 1269 1139 1092 1139 1102 1192 1288 1259 1162 1220 1165 1161 1091 1246 1227 1088 1108 1214 1110
1071 1091 1221 1143 1141 1128 1102 1134 1149 1218 1304 1094 1184 1083 1120 1113 1135 1094 1150 1141 1188 1215 1145 1226 1134 1165 1057 1267 1100 977 1133 1158
1042 1122 1119 1153 1191 1125 1209 1122 1111 1207 1116 1120 1230 1107 1192 1025 1116 1112 1212 1290 1042 1178 1141 1055 1088 1165 1104 1197 1093 1189 1093 1169
1239 1137 1090 1161 1300 1127 1177 1197 1164 1050 1147 1158 1130 1078 1153 1181 1123 1102 1118 1132 1082 1123 1173 1106 1202 1106 1090 1105 1133 1068 1302 1185
1207 1289 996 1084 1109 1246 1144 1174 1276 1232 1169 1101 1169 1223 1107 1174 1199 1147 1202 1166 1122 1076 1075 1139 1300 1111 1135 1198 1276 1171 1158 1232
1141 1074 1113 1127 1138 1262 1206 1072 1194 1108 1156 1154 1233 1150 1175 1070 1125 1169 1276 1137 1232 1155 1150 1202 1139 1155 1250 1142 1176 1118 1057 1123
1196 1138 1111 1105 1131 1003 1179 1212 1116 1106 1016 1098 1139 1182 1180 1269 1177 1170 1181 1063 1102 1130 1007 1088 1073 1215 1117 1133 1174 1087 1140 1115
1199 1239 1103 1217 1178 1171 1061 1185 1163 1138 1078 1131 1209 1131 1163 1167 1219 1126 1031 1186 1147 1232 1130 1119 1165 1092 1237 1133 1065 1159 1170 1090
1030 1120 1082 1203 1072 1120 1289 1148 1119 1119 1127 1166 1195 1281 1155 1096 1121 1120 1162 1276 1231 1210 1200 1143 1161 1059 1252 1173 1068 1130 1160 1086
1059 1147 1189 1149 1147 1120 1110 1140 1181 1192 1326 1112 1222 1079 1100 1093 1141 1082 1214 1133 1176 1251 1169 1242 1148 1151 1089 1273 1088 1033 1151 1124
1042 1100 1135 1195 1217 1125 1203 1148 1167 1179 1156 1176 1202 1111 1224 1007 1114 1070 1188 1292 1044 1168 1161 1039 1066 1181 1102 1195 1113 1165 1057 1193
1227 1117 1100 1171 1316 1183 1207 1181 1112 1056 1153 1176 1168 1074 1171 1181 1173 1060 1134 1078 1074 1143 1167 1160 1226 1114 1042 1129 1159 1066 1294 1161
1207 1309 982 1068 1099 1204 1138 1156 1290 1216 1173 1087 1181 1249 1123 1200 1151 1127 1198 1226 1076 1094 1037 1155 1304 1121 1079 1178 1198 1171 1130 1206
1179 1082 1091 1119 1116 1288 1220 1046 1152 1112 1194 1146 1199 1156 1147 1048 1121 1175 1218 1185 1184 1187 1172 1196 1159 1153 1180 1140 1204 1114 1031 1139
1202 1112 1127 1139 1119 985 1143 1192 1128 1086 1078 1102 1129 1188 1178 1241 1159 1160 1189 1099 1076 1172 997 1096 1107 1251 1125 1165 1188 1061 1124 1187
1225 1227 1073 1171 1128 1151 1085 1165 1143 1186 1068 1109 1169 1057 1165 1171 1233 1112 1035 1196 1149 1228 1160 1123 1183 1068 1213 1139 1045 1141 1178 1092
1007 1119 1089 1230 1063 1109 1226 1119 1102 1136 1118 1151 1212 1236 1188 1101 1128 1141 1131 1265 1238 1249 1189 1160 1164 1062 1205 1168 1017 1135 1101 1031
1072 1136 1158 1204 1192 1113 1085 1103 1174 1223 1291 1095 1173 1082 1097 1112 1146 1071 1171 1174 1175 1230 1158 1217 1179 1110 1156 1242 1099 1052 1208 1123
1069 1077 1152 1194 1188 1112 1186 1129 1230 1136 1167 1155 1157 1152 1221 1026 1117 1089 1175 1277 1101 1147 1120 1078 1095 1184 1073 1166 1124 1116 1052 1180
1204 1090 1117 1204 1253 1166 1170 1218 1135 1075 1130 1137 1211 1121 1164 1166 1094 1077 1165 1057 1077 1150 1152 1195 1243 1157 1103 1150 1190 1087 1263 1144
1162 1272 1051 1073 1078 1179 1113 1145 1237 1167 1180 1010 1174 1220 1122 1203 1140 1158 1211 1257 1081 1131 1052 1134 1243 1098 1094 1199 1133 1162 1189 1121
1198 1155 1088 1118 1095 1237 1171 1059 1125 1149 1197 1137 1196 1157 1196 1055 1100 1172 1159 1176 1171 1158 1157 1221 1248 1170 1077 1145 1189 1153 1076 1150
1207 1075 1142 1168 1110 994 1114 1125 1145 1103 1139 1091 1106 1227 1167 1224 1162 1153 1146 1140 1091 1143 998 1119 1176 1200 1172 1140 1155 1056 1195 1140
1220 1250 1124 1200 1141 1126 1104 1166 1146 1117 987 1076 1120 1038 1170 1174 1272 1105 1068 1143 1130 1259 1163 1140 1140 1025 1232 1142 1086 1134 1221 1133
1045 1191 1129 1232 1079 1119 1146 1183 1168 1180 1196 1131 1216 1206 1146 1105 1168 1187 1131 1181 1190 1235 1193 1190 1148 1102 1179 1152 1147 1117 1125 1099
1064 1120 1148 1192 1230 1225 1043 1125 1192 1291 1257 1107 1237 1124 1101 1164 1160 1103 1093 1178 1169 1158 1136 1199 1175 1110 1144 1194 1133 1120 1204 1139
1095 1131 1110 1150 1126 1152 1138 1129 1234 1138 1163 1083 1151 1180 1181 1080 1107 1103 1141 1219 1117 1105 1106 1142 1173 1150 1091 1152 1136 1168 1074 1224
1168 1130 1147 1180 1193 1168 1154 1248 1185 1091 1110 1181 1151 1149 1118 1138 1052 1121 1161 1107 1131 1102 1138 1149 1183 1161 1215 1084 1208 1101 1209 1136
1118 1266 1087 1131 1008 1143 1081 1201 1177 1083 1220 1052 1172 1182 1114 1143 1146 1170 1275 1245 1089 1101 1078 1136 1193 1128 1140 1213 1157 1212 1187 1099
1154 1203 1114 1070 1125 1167 1195 1009 1119 1141 1113 1149 1220 1135 1198 1085 1080 1152 1173 1132 1133 1134 1131 1207 1220 1216 1121 1213 1131 1121 1162 1172
1181 1107 1110 1142 1126 1062 1134 1113 1119 1121 1207 1153 1126 1205 1149 1198 1158 1171 1094 1106 1119 1119 1070 1025 1166 1134 1120 1158 1149 1060 1205 1122
1190 1226 1158 1242 1143 1132 1070 1152 1164 1071 1021 1024 1068 1100 1180 1158 1188 1149 1112 1163 1116 1253 1139 1200 1110 1097 1218 1110 1088 1112 1249 1121
1150 1148 1170 1169 1188 1208 1127 1134 1167 1117 1131 1200 1165 1175 1159 1116 1125 1136 1100 1186 1093 1134 1194 1121 1127 1199 1202 1225 1058 1128 1094 1060
1197 1127 1135 1121 1243 1212 1082 1138 1197 1076 1154 1096 1184 1141 1050 1115 1121 1130 1218 1155 1232 1137 1169 1208 1102 1139 1197 1205 1050 1171 1151 1170
1132 1182 1121 1175 1185 1137 1187 1148 1103 1181 1186 1070 1180 1207 1136 1129 1116 1072 1120 1262 1100 1154 1113 1133 1152 1181 1144 1173 1145 1093 1187 1191
1139 1073 1102 1141 1194 1205 1177 1127 1102 1090 1159 1166 1158 1200 1187 1189 1121 1204 1150 1094 1112 1215 1081 1150 1116 1142 1120 1107 1079 1148 1176 1159
1193 1211 1154 1154 1187 1182 1116 1162 1214 1122 1109 1147 1205 1181 1173 1238 1161 1133 1150 1170 1180 1068 1123 1159 1170 1099 1105 1140 1206 1129 1146 1170
1123 1186 1081 1225 1162 1200 1212 1106 1100 1134 1202 1152 1261 1182 1081 1194 1161 1227 1110 1139 1156 1121 1202 1100 1095 1179 1168 1148 1088 1184 1215 1151
1284 1164 1185 1175 1103 1149 1157 1174 1064 1148 1148 1140 1145 1138 1216 1209 1151 1166 1109 1159 1180 1186 1165 1060 1143 1137 1177 1193 1198 1121 1132 1155
1249 1251 1157 1115 1114 1169 1079 1179 1097 1106 1124 1209 1301 1151 1169 1147 1213 1212 1161 1186 1215 1204 1118 1091 1193 1130 1169 1123 1147 1153 1150 1104
1132 1118 1124 1235 1138 1192 1149 1100 1161 1095 1201 1188 1169 1185 1239 1150 1169 1170 1114 1204 1141 1170 1174 1117 1153 1193 1214 1249 1050 1074 1116 1020
1137 1143 1105 1105 1247 1196 1086 1130 1195 1064 1150 1156 1102 1147 1076 1117 1115 1114 1202 1127 1242 1101 1125 1238 1080 1183 1191 1181 1088 1147 1089 1152
1178 1096 1139 1165 1277 1151 1161 1134 1079 1257 1164 1058 1172 1221 1154 1157 1074 1102 1154 1224 1088 1156 1149 1107 1176 1209 1128 1117 1137 1117 1191 1143
1159 1121 1128 1145 1210 1151 1175 1153 1178 1144 1185 1174 1166 1214 1191 1171 1145 1156 1118 1098 1106 1207 1067 1156 1178 1110 1094 1121 1041 1134 1200 1145
1177 1213 1124 1130 1201 1188 1042 1194 1194 1138 1107 1089 1243 1145 1181 1234 1149 1141 1152 1160 1204 1100 1163 1139 1164 1101 1135 1184 1146 1167 1114 1194
1131 1188 1131 1229 1176 1212 1188 1156 1154 1144 1182 1142 1209 1152 1103 1168 1251 1163 1098 1185 1182 1053 1274 1124 1131 1239 1130 1100 1138 1178 1133 1227
1224 1158 1173 1203 1199 1127 1119 1234 1116 1148 1184 1108 1103 1142 1184 1257 1151 1120 1145 1227 1160 1152 1073 1054 1171 1227 1237 1291 1168 1039 1090 1203
1233 1283 1141 1049 1110 1099 1129 1215 1085 1144 1064 1153 1251 1105 1167 1175 1257 1098 1177 1206 1177 1198 1138 1149 1131 1144 1215 1187 1119 1189 1194 1108
1123 1085 1085 1212 1045 1155 1188 1123 1126 1080 1200 1171 1166 1194 1250 1079 1160 1185 1087 1157 1174 1211 1203 1136 1172 1184 1193 1228 1087 1129 1167 1017
1106 1168 1118 1148 1238 1211 1085 1087 1176 1143 1175 1185 1099 1096 1063 1130 1104 1099 1147 1138 1239 1132 1146 1221 1139 1152 1168 1206 1113 1070 1152 1125
1199 1047 1192 1152 1242 1182 1156 1137 1100 1250 1179 1059 1175 1176 1199 1136 1053 1093 1151 1207 1131 1123 1122 1126 1177 1160 1093 1092 1144 1126 1176 1166
1164 1102 1095 1130 1219 1138 1162 1150 1207 1123 1166 1127 1169 1189 1174 1156 1160 1109 1191 1147 1097 1214 1088 1131 1185 1133 1151 1114 1084 1121 1267 1156
1164 1226 1117 1113 1176 1171 1027 1155 1187 1123 1140 1056 1244 1140 1194 1185 1162 1148 1163 1163 1169 1107 1156 1130 1189 1132 1202 1227 1181 1168 1175 1189
1094 1151 1156 1200 1151 1183 1169 1123 1189 1135 1165 1129 1214 1147 1178 1117 1180 1140 1171 1152 1173 1090 1241 1141 1146 1196 1083 1151 1171 1181 1084 1202
1219 1083 1160 1154 1250 1108 1106 1203 1165 1127 1163 1133 1144 1243 1133 1282 1186 1083 1126 1204 1173 1057 1016 1087 1182 1218 1218 1286 1097 1036 1099 1194
1186 1272 1184 1094 1087 1128 1146 1218 1082 1157 1001 1188 1188 1098 1172 1150 1228 1135 1164 1157 1206 1211 1089 1136 1128 1105 1252 1206 1134 1156 1201 1133
1106 1118 1088 1141 1008 1164 1205 1156 1097 1129 1201 1168 1183 1199 1235 1030 1155 1148 1108 1156 1173 1192 1186 1105 1167 1191 1194 1247 1098 1128 1134 1052
1101 1127 1165 1145 1227 1198 1078 1086 1157 1214 1188 1168 1146 1115 1078 1139 1107 1098 1100 1157 1258 1143 1155 1194 1204 1109 1133 1203 1124 1063 1185 1124
1178 1066 1187 1109 1231 1191 1151 1140 1091 1253 1188 1040 1146 1175 1206 1143 1032 1102 1156 1242 1092 1116 1085 1153 1156 1147 1096 1125 1115 1131 1131 1191
1157 1095 1106 1105 1228 1161 1157 1149 1178 1102 1181 1146 1134 1190 1133 1155 1155 1092 1210 1146 1086 1203 1117 1136 1182 1132 1166 1087 1099 1112 1272 1151
1159 1207 1118 1110 1145 1156 1028 1118 1190 1120 1173 1099 1223 1185 1179 1146 1141 1147 1168 1184 1154 1078 1099 1123 1226 1099 1227 1246 1238 1199 1232 1182
1087 1144 1165 1167 1154 1172 1148 1136 1190 1138 1168 1084 1235 1118 1209 1108 1091 1179 1178 1139 1176 1137 1234 1138 1163 1167 1130 1150 1170 1154 1085 1183
1254 1106 1145 1139 1225 1065 1119 1204 1140 1118 1124 1136 1135 1258 1126 1279 1183 1090 1093 1129 1168 1058 991 1082 1165 1155 1169 1269 1086 1041 1124 1157
1187 1251 1171 1155 1108 1173 1129 1185 1121 1124 1030 1151 1183 1105 1179 1169 1171 1148 1153 1150 1203 1214 1158 1119 1101 1100 1299 1185 1129 1121 1190 1142
1101 1137 1059 1126 1013 1187 1202 1179 1110 1132 1188 1131 1218 1190 1220 1011 1162 1133 1117 1185 1188 1159 1221 1116 1182 1146 1199 1238 1127 1131 1131 1121
1074 1116 1208 1106 1220 1179 1065 1105 1168 1245 1245 1149 1175 1122 1035 1182 1116 1083 1129 1162 1263 1160 1152 1217 1187 1130 1100 1184 1089 1040 1222 1127
1117 1125 1122 1124 1238 1194 1194 1111 1096 1250 1157 1045 1167 1210 1183 1136 1077 1097 1195 1249 1079 1125 1086 1122 1123 1124 1103 1170 1090 1148 1126 1190
1174 1092 1105 1112 1231 1204 1156 1152 1161 1103 1180 1163 1123 1189 1126 1192 1166 1103 1223 1101 1061 1180 1136 1137 1155 1121 1131 1096 1134 1095 1281 1136
1178 1190 1093 1113 1078 1153 1067 1109 1213 1161 1174 1144 1200 1222 1150 1109 1146 1154 1179 1197 1151 1055 1066 1116 1257 1118 1234 1253 1269 1202 1257 1201
1114 1139 1156 1148 1141 1183 1141 1105 1205 1121 1161 1099 1260 1105 1238 1105 1012 1178 1183 1160 1187 1172 1225 1175 1164 1144 1153 1175 1175 1153 1092 1138
1273 1119 1140 1158 1188 1048 1124 1229 1093 1111 1079 1115 1148 1235 1149 1262 1162 1121 1108 1108 1137 1063 1012 1073 1122 1142 1158 1226 1125 1034 1109 1124
1212 1248 1132 1218 1117 1216 1120 1192 1174 1145 1033 1152 1170 1098 1172 1154 1198 1171 1086 1163 1206 1205 1159 1100 1086 1107 1278 1184 1142 1118 1175 1119
1092 1120 1038 1173 1068 1178 1217 1194 1135 1151 1165 1168 1167 1211 1193 1080 1173 1134 1110 1206 1191 1144 1280 1135 1185 1105 1218 1209 1160 1134 1126 1166
1061 1109 1237 1079 1183 1164 1086 1086 1167 1248 1310 1118 1238 1113 1042 1193 1125 1100 1174 1169 1260 1187 1191 1226 1146 1121 1089 1211 1090 1029 1223 1128
1046 1118 1111 1155 1235 1189 1239 1118 1115 1241 1180 1050 1166 1183 1208 1109 1098 1094 1228 1256 1062 1158 1117 1107 1104 1177 1100 1151 1123 1163 1103 1167
1191 1079 1126 1117 1304 1211 1167 1171 1156 1126 1213 1154 1128 1152 1171 1201 1187 1056 1226 1054 1040 1135 1157 1106 1130 1094 1100 1107 1153 1078 1302 1157
1173 1239 1058 1118 1079 1128 1096 1090 1230 1182 1219 1157 1181 1277 1147 1120 1079 1175 1194 1218 1100 1050 1017 1175 1294 1145 1219 1280 1208 1177 1246 1170
1171 1162 1145 1127 1108 1194 1172 1094 1194 1124 1218 1080 1273 1116 1215 1076 993 1169 1166 1223 1142 1215 1218 1194 1177 1131 1142 1174 1166 1148 1097 1139
1280 1140 1169 1173 1151 1025 1129 1180 1120 1106 1084 1098 1119 1198 1196 1243 1141 1146 1129 1131 1118 1098 1035 1100 1113 1149 1193 1253 1132 1011 1106 1127
1185 1237 1093 1227 1072 1193 1131 1207 1185 1168 1018 1113 1151 1077 1207 1135 1225 1172 1061 1194 1171 1240 1178 1139 1091 1078 1245 1229 1145 1093 1194 1110
1089 1083 1045 1234 1077 1147 1184 1171 1150 1164 1128 1165 1162 1216 1186 1121 1210 1141 1079 1217 1166 1177 1255 1130 1188 1126 1223 1194 1137 1167 1141 1129
1098 1124 1210 1118 1188 1131 1059 1131 1150 1239 1345 1103 1185 1120 1061 1178 1108 1091 1167 1178 1281 1190 1182 1213 1123 1134 1126 1222 1117 1012 1246 1079
1087 1099 1116 1162 1214 1168 1210 1107 1148 1214 1169 1087 1125 1164 1259 1062 1113 1091 1217 1223 1057 1111 1150 1084 1101 1202 1095 1168 1196 1136 1062 1144
1204 1054 1155 1178 1297 1206 1146 1152 1169 1165 1194 1183 1175 1153 1156 1216 1158 1071 1227 1067 1051 1146 1142 1149 1165 1089 1105 1162 1132 1071 1231 1168
1142 1244 1061 1109 1070 1135 1105 1115 1229 1151 1172 1092 1156 1246 1142 1167 1044 1178 1207 1225 1105 1099 1030 1164 1317 1154 1154 1285 1177 1186 1223 1155
1162 1209 1122 1146 1105 1197 1187 1091 1185 1077 1189 1123 1256 1143 1202 1095 1036 1140 1139 1228 1113 1156 1205 1207 1236 1102 1145 1157 1163 1185 1098 1174
1237 1097 1160 1194 1106 1054 1082 1121 1141 1151 1135 1127 1120 1211 1191 1206 1174 1155 1126 1180 1111 1141 1110 1085 1154 1170 1210 1224 1149 994 1135 1128
1182 1248 1116 1204 1083 1158 1126 1204 1174 1143 983 1094 1114 1084 1194 1142 1258 1133 1086 1217 1122 1249 1135 1146 1098 1023 1212 1190 1140 1092 1237 1129
1072 1164 1124 1235 1078 1140 1129 1156 1185 1183 1179 1132 1159 1175 1179 1116 1189 1178 1106 1172 1169 1192 1206 1163 1133 1105 1204 1153 1122 1124 1146 1068
1117 1147 1187 1171 1199 1220 1036 1138 1173 1220 1252 1124 1190 1159 1056 1183 1147 1122 1112 1141 1212 1127 1151 1224 1164 1139 1155 1191 1124 1085 1243 1106
1122 1108 1147 1135 1149 1181 1143 1124 1179 1209 1156 1042 1158 1165 1170 1133 1098 1102 1172 1186 1102 1102 1143 1173 1202 1151 1092 1161 1165 1141 1067 1155
1163 1145 1160 1177 1226 1169 1145 1203 1238 1128 1139 1184 1150 1164 1139 1135 1079 1112 1220 1132 1118 1111 1101 1134 1160 1106 1188 1109 1165 1096 1160 1171
1095 1251 1094 1114 1035 1140 1102 1168 1190 1076 1201 1057 1151 1193 1157 1172 1135 1183 1256 1236 1120 1106 1065 1179 1254 1179 1123 1254 1180 1221 1190 1140
1119 1208 1103 1117 1158 1136 1194 1056 1152 1106 1106 1116 1201 1164 1181 1084 1071 1129 1134 1149 1158 1111 1164 1248 1159 1177 1128 1212 1160 1160 1161 1165
1208 1074 1099 1139 1107 1143 1127 1162 1142 1122 1222 1178 1103 1184 1170 1195 1181 1148 1097 1157 1166 1162 1125 1072 1177 1145 1157 1211 1144 1065 1138 1143
1139 1251 1131 1203 1084 1139 1099 1199 1165 1130 1016 1049 1091 1127 1181 1175 1209 1148 1161 1196 1111 1228 1090 1201 1107 1108 1173 1111 1113 1091 1220 1154
1147 1173 1159 1142 1141 1163 1144 1155 1182 1154 1072 1129 1174 1194 1140 1125 1120 1153 1115 1175 1130 1175 1225 1162 1138 1158 1199 1202 1051 1165 1121 1121
1220 1148 1150 1124 1200 1223 1091 1137 1198 1077 1167 1059 1193 1148 1095 1114 1168 1143 1195 1168 1185 1156 1158 1201 1131 1136 1178 1168 1061 1156 1144 1193
1087 1187 1066 1142 1154 1118 1152 1189 1136 1108 1197 1109 1199 1202 1107 1160 1191 1081 1145 1193 1183 1129 1142 1140 1137 1182 1107 1202 1142 1134 1168 1202
1164 1120 1111 1132 1217 1224 1140 1182 1081 1035 1116 1161 1151 1133 1150 1194 1114 1223 1147 1125 1103 1178 1132 1165 1089 1165 1137 1114 1122 1133 1161 1124
1192 1188 1163 1187 1154 1197 1127 1147 1227 1107 1140 1148 1160 1176 1148 1211 1202 1166 1159 1177 1211 1069 1156 1152 1149 1130 1110 1077 1163 1128 1221 1159
1160 1145 1086 1228 1153 1183 1205 1067 1129 1173 1171 1173 1252 1157 1070 1185 1142 1226 1119 1136 1121 1178 1159 1105 1060 1166 1151 1203 1091 1165 1214 1146
1251 1169 1184 1180 1070 1160 1208 1191 1089 1115 1177 1155 1144 1165 1191 1200 1134 1173 1110 1152 1175 1171 1172 1119 1158 1108 1114 1110 1177 1176 1119 1160
1250 1186 1162 1116 1127 1206 1070 1132 1138 1099 1127 1184 1246 1128 1170 1144 1246 1213 1166 1159 1236 1173 1129 1106 1172 1181 1146 1104 1136 1110 1107 1101
1136 1142 1140 1213 1118 1166 1165 1132 1185 1167 1105 1096 1161 1201 1167 1154 1129 1162 1160 1202 1151 1204 1238 1133 1137 1149 1224 1251 1080 1136 1100 1100
1177 1181 1145 1091 1209 1178 1110 1140 1147 1078 1194 1096 1144 1135 1126 1115 1139 1122 1210 1147 1206 1153 1147 1254 1092 1125 1175 1151 1086 1153 1103 1190
1110 1166 1073 1167 1205 1099 1171 1180 1135 1167 1200 1080 1172 1221 1104 1149 1196 1142 1154 1208 1166 1142 1169 1143 1134 1191 1088 1171 1121 1135 1171 1179
1155 1147 1120 1129 1238 1207 1153 1181 1092 1102 1171 1174 1154 1170 1177 1185 1093 1190 1128 1096 1108 1145 1109 1166 1128 1176 1074 1101 1089 1110 1158 1105
1193 1183 1128 1166 1163 1222 1108 1152 1182 1116 1155 1151 1159 1127 1117 1170 1183 1153 1172 1174 1216 1080 1165 1173 1150 1111 1089 1074 1164 1111 1194 1154
1197 1128 1103 1247 1176 1210 1172 1138 1124 1176 1166 1132 1235 1140 1055 1196 1191 1201 1086 1149 1154 1173 1196 1114 1097 1167 1126 1138 1114 1158 1169 1169
1212 1160 1179 1211 1075 1155 1189 1224 1068 1082 1152 1134 1133 1122 1186 1219 1123 1188 1119 1207 1152 1162 1125 1094 1161 1157 1125 1145 1200 1137 1122 1151
1221 1205 1145 1087 1158 1129 1095 1163 1103 1152 1096 1189 1243 1099 1173 1129 1261 1136 1151 1190 1225 1166 1152 1133 1105 1176 1181 1169 1131 1143 1144 1082
1141 1133 1101 1198 1057 1145 1198 1103 1158 1162 1130 1105 1168 1228 1190 1119 1144 1185 1125 1183 1154 1225 1253 1108 1192 1152 1239 1246 1089 1141 1127 1061
1174 1194 1110 1132 1202 1175 1095 1127 1164 1127 1223 1141 1101 1102 1121 1130 1144 1089 1169 1144 1187 1182 1166 1239 1107 1158 1162 1170 1089 1104 1112 1183
1125 1131 1094 1130 1194 1102 1124 1185 1134 1176 1169 1065 1135 1198 1161 1128 1155 1127 1155 1211 1153 1097 1152 1140 1135 1200 1087 1150 1134 1102 1136 1148
1166 1124 1107 1124 1243 1198 1130 1186 1109 1097 1164 1161 1195 1151 1192 1166 1098 1187 1161 1117 1095 1136 1100 1167 1139 1169 1105 1108 1092 1087 1189 1154
1188 1184 1111 1125 1196 1189 1075 1159 1211 1069 1124 1140 1200 1106 1146 1175 1146 1148 1179 1201 1203 1041 1146 1162 1165 1116 1098 1095 1169 1166 1211 1173
1222 1131 1110 1210 1153 1217 1157 1123 1173 1163 1161 1147 1226 1131 1074 1185 1220 1192 1085 1174 1161 1158 1191 1113 1110 1152 1113 1165 1129 1165 1126 1164
1225 1103 1166 1180 1100 1116 1168 1207 1093 1109 1173 1121 1140 1147 1169 1220 1132 1143 1134 1194 1179 1131 1100 1075 1150 1188 1156 1148 1139 1132 1111 1152
1186 1220 1142 1060 1143 1112 1106 1142 1100 1121 1063 1214 1190 1074 1170 1146 1264 1109 1156 1181 1200 1215 1143 1144 1102 1153 1222 1200 1132 1152 1171 1093
1120 1122 1094 1171 1030 1146 1173 1092 1141 1175 1127 1100 1189 1211 1219 1044 1133 1216 1102 1136 1175 1218 1250 1119 1201 1163 1220 1231 1096 1160 1150 1042
1187 1193 1093 1139 1203 1178 1088 1122 1157 1170 1200 1144 1092 1119 1102 1163 1143 1066 1138 1141 1212 1181 1161 1220 1140 1161 1133 1149 1120 1097 1129 1142
1150 1118 1129 1135 1183 1117 1087 1150 1099 1159 1184 1046 1128 1197 1176 1139 1144 1142 1148 1162 1192 1092 1131 1139 1138 1181 1084 1143 1105 1121 1117 1161
1177 1115 1096 1133 1216 1199 1135 1165 1126 1110 1149 1134 1174 1154 1193 1145 1093 1198 1206 1134 1074 1145 1109 1166 1148 1170 1160 1093 1125 1106 1220 1175
1193 1199 1126 1132 1157 1198 1060 1162 1206 1090 1121 1135 1187 1109 1155 1178 1141 1175 1192 1232 1208 1030 1193 1161 1194 1101 1141 1104 1206 1185 1220 1174
1207 1156 1123 1187 1138 1204 1140 1126 1190 1132 1132 1156 1225 1140 1117 1184 1191 1197 1118 1163 1154 1139 1174 1126 1151 1179 1086 1202 1142 1164 1121 1183
1256 1068 1153 1165 1125 1113 1151 1170 1108 1112 1164 1118 1133 1182 1150 1235 1141 1142 1097 1193 1206 1088 1095 1062 1145 1195 1183 1159 1108 1135 1124 1169
1173 1215 1155 1047 1142 1139 1111 1123 1083 1124 1054 1203 1159 1077 1163 1145 1253 1118 1161 1182 1197 1222 1150 1133 1071 1138 1227 1203 1127 1127 1168 1120
1113 1149 1083 1178 1027 1149 1132 1131 1112 1206 1158 1121 1182 1200 1226 1021 1152 1217 1083 1113 1176 1223 1261 1130 1214 1168 1225 1230 1119 1169 1157 1079
1164 1178 1106 1128 1192 1175 1105 1111 1162 1199 1199 1123 1081 1118 1097 1204 1140 1081 1117 1122 1237 1182 1142 1219 1167 1112 1106 1114 1121 1106 1142 1129
1127 1127 1146 1120 1192 1098 1076 1139 1088 1176 1167 1029 1111 1206 1187 1152 1127 1151 1185 1157 1193 1085 1112 1134 1145 1170 1097 1138 1094 1132 1132 1150
1174 1120 1077 1118 1181 1202 1126 1182 1149 1139 1156 1141 1137 1169 1172 1158 1092 1207 1227 1129 1079 1136 1106 1145 1107 1155 1187 1124 1110 1099 1239 1180
1204 1204 1131 1103 1140 1175 1091 1147 1213 1077 1154 1162 1190 1142 1154 1155 1130 1190 1189 1253 1213 1029 1210 1152 1179 1094 1152 1133 1227 1218 1259 1163
1184 1133 1146 1144 1145 1189 1103 1127 1203 1139 1141 1137 1262 1105 1146 1215 1158 1168 1109 1176 1131 1152 1163 1131 1146 1178 1105 1205 1147 1167 1158 1168
1249 1071 1146 1178 1134 1118 1148 1173 1109 1107 1141 1147 1126 1185 1151 1224 1120 1145 1078 1186 1237 1077 1102 1067 1160 1194 1206 1162 1063 1128 1119 1144
1180 1214 1186 1100 1147 1190 1124 1124 1102 1133 1039 1176 1164 1080 1162 1134 1234 1159 1150 1193 1200 1221 1191 1142 1058 1177 1230 1188 1144 1134 1171 1117
1093 1159 1061 1202 1035 1167 1132 1125 1122 1212 1156 1135 1150 1210 1208 1015 1160 1181 1095 1127 1170 1209 1285 1156 1192 1174 1231 1220 1139 1167 1143 1133
1128 1176 1132 1098 1180 1185 1153 1111 1144 1233 1203 1109 1123 1100 1079 1222 1128 1103 1099 1126 1261 1188 1120 1213 1135 1094 1096 1112 1117 1076 1132 1137
1109 1145 1148 1146 1174 1110 1084 1133 1062 1184 1159 1011 1105 1186 1191 1142 1121 1143 1223 1167 1167 1091 1138 1138 1147 1174 1139 1122 1114 1172 1112 1152
1162 1088 1069 1104 1201 1190 1138 1172 1171 1185 1156 1153 1129 1183 1182 1168 1082 1181 1255 1113 1079 1088 1100 1123 1057 1117 1211 1124 1102 1083 1263 1178
1204 1206 1145 1097 1120 1147 1121 1147 1215 1085 1200 1212 1202 1170 1140 1133 1092 1188 1199 1265 1205 993 1178 1168 1183 1124 1160 1183 1229 1190 1287 1179
1178 1123 1174 1108 1149 1201 1115 1129 1203 1145 1159 1119 1286 1117 1188 1227 1108 1154 1107 1220 1139 1158 1187 1161 1156 1160 1131 1173 1123 1183 1164 1180
1269 1099 1162 1166 1110 1132 1188 1153 1119 1123 1129 1167 1104 1163 1163 1214 1102 1161 1082 1180 1221 1075 1132 1037 1172 1188 1206 1172 1061 1112 1127 1148
1184 1206 1158 1138 1111 1214 1134 1144 1162 1143 1045 1164 1156 1082 1198 1140 1224 1139 1140 1215 1196 1221 1203 1190 1034 1183 1210 1210 1154 1132 1177 1111
1102 1134 1056 1215 1058 1178 1115 1132 1113 1231 1163 1130 1115 1193 1193 1076 1175 1172 1086 1156 1177 1168 1278 1133 1171 1141 1196 1191 1110 1190 1174 1144
1147 1179 1141 1109 1139 1188 1172 1124 1145 1208 1230 1128 1170 1085 1088 1211 1103 1146 1086 1121 1260 1175 1113 1214 1134 1111 1095 1131 1110 1051 1143 1108
1132 1144 1135 1145 1171 1099 1095 1118 1067 1189 1158 1008 1132 1179 1178 1141 1116 1146 1242 1152 1134 1084 1165 1147 1146 1189 1172 1117 1157 1155 1119 1117
1199 1091 1070 1123 1176 1165 1165 1161 1210 1166 1147 1150 1158 1162 1183 1157 1067 1190 1244 1138 1090 1055 1125 1154 1080 1136 1186 1109 1111 1054 1222 1205
1141 1215 1148 1102 1105 1140 1124 1122 1230 1124 1185 1173 1159 1179 1129 1174 1097 1173 1236 1226 1222 1032 1157 1191 1204 1137 1135 1196 1196 1215 1248 1218
1189 1150 1165 1109 1152 1170 1164 1130 1214 1140 1112 1132 1253 1092 1177 1206 1135 1107 1124 1225 1134 1119 1200 1162 1183 1131 1156 1166 1104 1208 1157 1181
1280 1084 1129 1131 1107 1189 1193 1152 1156 1124 1136 1180 1117 1160 1144 1211 1127 1154 1119 1167 1196 1128 1173 1052 1161 1175 1203 1149 1076 1091 1126 1155
1175 1231 1159 1151 1124 1193 1145 1165 1185 1150 1058 1153 1159 1117 1193 1109 1247 1148 1157 1216 1177 1214 1172 1197 1055 1158 1149 1179 1149 1121 1142 1094
1118 1152 1116 1219 1058 1158 1131 1132 1157 1197 1173 1118 1133 1185 1155 1092 1153 1162 1140 1148 1151 1158 1214 1143 1097 1125 1194 1157 1128 1138 1190 1120
1149 1183 1155 1155 1125 1204 1152 1156 1143 1156 1210 1166 1198 1129 1104 1173 1159 1140 1112 1143 1218 1143 1145 1220 1158 1121 1141 1143 1120 1103 1153 1128
1156 1134 1137 1153 1137 1139 1119 1138 1117 1159 1140 1024 1166 1163 1120 1145 1136 1128 1196 1162 1166 1066 1161 1169 1168 1171 1156 1161 1171 1119 1119 1137
1167 1143 1102 1145 1198 1157 1183 1189 1202 1120 1149 1146 1148 1124 1159 1137 1065 1184 1230 1154 1122 1119 1105 1168 1118 1180 1150 1101 1147 1092 1162 1157
1145 1195 1152 1140 1091 1136 1142 1162 1204 1106 1169 1129 1137 1193 1131 1192 1163 1149 1260 1224 1190 1058 1167 1189 1170 1125 1103 1162 1186 1229 1220 1186
1169 1172 1139 1139 1174 1166 1194 1090 1188 1142 1076 1124 1185 1134 1149 1132 1157 1127 1158 1139 1190 1117 1168 1222 1121 1155 1114 1182 1136 1166 1155 1137
1236 1078 1117 1145 1107 1195 1205 1174 1134 1076 1180 1236 1117 1142 1162 1181 1137 1148 1121 1147 1178 1152 1125 1078 1179 1131 1145 1151 1130 1145 1126 1189
1169 1219 1175 1157 1106 1167 1115 1171 1177 1170 1090 1145 1123 1117 1189 1155 1227 1166 1215 1198 1131 1194 1144 1199 1147 1162 1143 1153 1125 1129 1168 1122
