1139 1252 1183 1141 1076 1141 1143 1109 1235 1204 1305 1061 1061 1131 1106 1117 1031 1091 1162 1177 1116 1119 1042 1061 1155 1052 1220 1170 1071 1190 1186 1197
1267 1253 1301 1163 1097 1060 1180 1109 1136 1046 1205 1048 1125 1240 1080 1196 1306 1011 1028 1214 1001 1087 1138 1092 1304 1078 1164 1149 1143 1249 1073 1260
1055 1234 1181 1087 1043 1151 1198 1095 1183 1257 1109 1201 1262 1179 1207 1099 1199 1269 1115 1090 1098 1073 1277 1168 1180 1141 1235 1228 1213 1256 1197 1182
1083 1068 1094 1180 1228 1193 1172 1228 1089 1053 980 1083 1192 1231 1144 1225 1248 1229 1179 1048 1213 1233 1174 1012 1077 1236 1141 1300 1258 1232 1129 1210
1135 1073 1096 1061 1254 1139 1259 1124 1202 1156 1139 1201 1112 1076 1145 1188 1074 1244 1066 1216 1144 1088 1120 1120 1087 1251 1141 1188 1181 1148 1242 1094
1268 1239 1133 1185 1240 1143 1114 1162 1329 1244 1242 1107 1191 1131 1306 1325 1118 1172 1138 1224 1188 1027 1231 1188 1153 1208 1208 1130 1067 1223 1064 1080
1219 1161 1195 1159 1076 1170 1112 1063 1184 1168 1232 1178 1249 1192 1039 1186 1099 1175 1084 1143 1353 1226 1205 1259 1199 1210 1098 1213 1054 1229 1104 1197
1094 1134 1118 1168 1262 1141 1197 1032 1008 1204 1089 1184 1138 999 1210 1173 1060 1275 1089 1290 1134 1210 1294 1245 1215 1276 1049 1104 1088 1206 1264 1135
1152 1279 1188 1106 1031 1080 1184 1150 1270 1221 1348 1062 1014 1090 1051 1058 1028 1056 1131 1152 1093 1140 1041 1060 1232 991 1263 1183 1066 1181 1169 1184
1320 1256 1330 1126 1068 1029 1175 1148 1145 1035 1226 1033 1156 1325 1083 1201 1351 1020 985 1241 978 1114 1143 1065 1321 1063 1177 1046 1126 1274 1006 1305
1102 1273 1138 1018 988 1114 1219 1130 1144 1324 1090 1210 1319 1202 1230 1112 1216 1284 1094 1069 1059 1050 1344 1127 1195 1158 1218 1255 1230 1275 1186 1207
1058 1091 1071 1209 1227 1250 1205 1231 1144 1016 1003 1012 1235 1302 1149 1272 1245 1240 1180 1037 1226 1268 1125 963 1086 1241 1076 1353 1323 1239 1124 1231
1136 1098 1017 1106 1283 1098 1314 1133 1209 1191 1150 1184 1097 1061 1108 1227 1115 1215 1055 1237 1199 1075 1075 1125 1068 1276 1166 1189 1194 1143 1245 1111
1249 1238 1114 1182 1321 1130 1077 1167 1388 1287 1239 1120 1242 1138 1311 1334 1059 1161 1065 1265 1185 960 1212 1157 1134 1179 1173 1115 1010 1248 1025 1043
1260 1188 1218 1218 1055 1201 1069 1100 1215 1111 1251 1179 1244 1181 1048 1241 1088 1162 1039 1154 1400 1237 1204 1378 1208 1211 1075 1188 1037 1268 1043 1228
1049 1129 1091 1167 1265 1184 1202 1019 997 1197 1068 1173 1117 984 1233 1198 1047 1276 1054 1311 1211 1227 1341 1166 1274 1307 1092 1093 1045 1225 1297 1166
1162 1269 1166 1088 1033 1078 1156 1152 1252 1213 1292 1036 1048 1074 1025 1104 1030 1040 1127 1136 1121 1180 1073 1056 1216 1005 1205 1157 1072 1187 1125 1184
1288 1250 1282 1106 1046 1019 1163 1186 1109 1069 1216 1027 1170 1297 1085 1171 1317 1028 953 1199 978 1114 1159 1093 1331 1031 1167 1074 1132 1250 1034 1273
1130 1255 1140 996 1022 1056 1231 1130 1110 1310 1106 1224 1291 1158 1232 1120 1198 1266 1062 1073 1037 1060 1312 1129 1235 1144 1188 1217 1204 1299 1194 1187
1042 1091 1085 1219 1235 1258 1161 1187 1162 1034 991 988 1191 1282 1105 1252 1221 1228 1188 1051 1226 1264 1113 1011 1088 1251 1116 1329 1293 1191 1146 1249
1150 1094 1005 1130 1253 1112 1268 1143 1193 1185 1162 1178 1133 1029 1104 1205 1103 1237 1025 1195 1219 1077 1079 1145 1092 1252 1146 1199 1160 1113 1221 1143
1231 1238 1094 1204 1319 1126 1065 1167 1348 1241 1215 1128 1216 1130 1291 1310 1059 1151 1037 1245 1195 998 1184 1157 1130 1179 1169 1121 1036 1238 1035 1047
1242 1170 1214 1224 1039 1221 1087 1082 1219 1095 1237 1165 1240 1159 1054 1225 1062 1170 1029 1170 1374 1217 1192 1390 1196 1213 1111 1172 1079 1236 1053 1184
1079 1137 1071 1187 1243 1158 1168 993 985 1167 1076 1137 1127 972 1205 1204 1075 1254 1104 1305 1219 1249 1301 1146 1256 1275 1094 1055 1065 1231 1249 1212
1167 1230 1193 1093 1038 1079 1139 1167 1297 1172 1313 1009 1041 1063 1022 1145 1043 1015 1146 1149 1142 1177 1096 1043 1201 1002 1192 1170 1089 1188 1156 1151
1269 1239 1301 1103 1061 986 1160 1183 1110 1080 1207 1054 1169 1286 1096 1202 1320 1041 976 1192 975 1161 1124 1108 1316 1048 1154 1065 1135 1235 1047 1264
1127 1252 1135 1007 1037 1059 1226 1113 1119 1287 1127 1189 1278 1157 1247 1089 1207 1251 1059 1076 994 1077 1313 1126 1214 1147 1205 1200 1171 1284 1193 1156
1035 1112 1106 1208 1226 1229 1186 1208 1175 1051 998 1017 1216 1241 1064 1267 1220 1189 1183 1084 1211 1243 1070 1032 1083 1222 1137 1284 1292 1174 1193 1272
1143 1115 1008 1153 1228 1117 1309 1164 1178 1150 1157 1171 1142 1008 1107 1184 1096 1226 1018 1176 1176 1052 1084 1152 1111 1255 1137 1206 1141 1128 1202 1124
1236 1241 1097 1213 1312 1135 1044 1158 1319 1234 1182 1147 1211 1131 1288 1321 1056 1120 1002 1234 1146 1045 1187 1134 1117 1178 1178 1100 1059 1255 1052 1042
1241 1147 1209 1179 1034 1198 1104 1087 1186 1084 1256 1132 1245 1182 1045 1234 1095 1157 1046 1183 1355 1202 1205 1351 1173 1192 1130 1217 1106 1217 1104 1141
1124 1158 1084 1196 1246 1109 1167 1002 948 1146 1083 1122 1134 951 1172 1185 1064 1273 1121 1312 1192 1222 1300 1177 1217 1274 1103 1044 1106 1186 1254 1171
1141 1212 1183 1095 1032 1115 1113 1179 1311 1202 1335 973 1033 1041 1024 1159 1023 1011 1152 1167 1130 1201 1044 1053 1227 1002 1222 1178 1081 1188 1168 1157
1271 1271 1293 1105 1031 964 1172 1183 1122 1076 1195 1058 1163 1306 1098 1188 1328 1011 978 1196 971 1179 1094 1114 1324 1022 1124 1053 1131 1225 1051 1262
1091 1298 1121 1033 1051 1021 1226 1095 1165 1277 1121 1189 1300 1183 1233 1089 1197 1267 1049 1072 1026 1093 1313 1140 1202 1129 1217 1228 1203 1282 1181 1146
1043 1140 1102 1220 1230 1249 1192 1230 1177 1007 970 1017 1232 1233 1086 1263 1232 1233 1183 1064 1205 1233 1056 1004 1059 1234 1127 1302 1306 1190 1189 1274
1131 1113 1016 1135 1236 1133 1351 1140 1174 1162 1171 1181 1120 1004 1087 1216 1090 1210 1028 1198 1140 1090 1064 1144 1103 1281 1147 1222 1129 1136 1216 1088
1232 1239 1125 1213 1336 1107 1024 1144 1355 1240 1192 1157 1221 1109 1276 1349 1072 1130 1004 1210 1136 1059 1201 1120 1091 1148 1216 1094 1077 1253 1064 1060
1253 1151 1219 1161 1010 1182 1110 1081 1168 1094 1242 1144 1287 1192 1031 1234 1071 1151 1058 1221 1371 1234 1199 1375 1167 1186 1154 1223 1100 1213 1116 1163
1096 1172 1052 1200 1248 1129 1167 982 944 1152 1081 1078 1144 941 1202 1195 1042 1245 1109 1300 1184 1206 1292 1179 1233 1292 1101 1018 1108 1182 1258 1137
1138 1253 1174 1100 1021 1112 1126 1182 1296 1195 1348 1012 1028 1050 1043 1100 1010 1014 1107 1166 1107 1178 1005 1012 1232 1027 1241 1169 1056 1203 1149 1182
1312 1286 1320 1116 1038 983 1147 1162 1137 1063 1220 1049 1154 1293 1063 1177 1323 984 971 1233 984 1124 1095 1085 1355 997 1141 1074 1114 1274 1014 1269
1108 1319 1114 1026 1014 1030 1225 1116 1168 1320 1122 1182 1335 1180 1226 1114 1234 1302 1072 1083 1063 1070 1320 1157 1223 1142 1232 1235 1214 1275 1222 1185
1058 1131 1095 1233 1233 1268 1179 1235 1168 1000 917 978 1259 1270 1101 1286 1229 1264 1192 1021 1192 1256 1099 955 1076 1239 1104 1343 1277 1233 1156 1261
1130 1080 1057 1120 1257 1152 1288 1131 1203 1195 1166 1192 1113 1027 1070 1249 1081 1227 1053 1223 1169 1125 1033 1159 1056 1278 1150 1221 1140 1111 1217 1077
1235 1248 1120 1206 1333 1090 1055 1147 1370 1297 1217 1112 1220 1090 1317 1334 1085 1155 1073 1229 1149 1012 1224 1137 1096 1141 1213 1131 1082 1220 1057 1035
1276 1174 1212 1196 1003 1197 1127 1076 1173 1107 1257 1135 1284 1201 1008 1243 1082 1174 1081 1214 1390 1243 1208 1384 1194 1185 1131 1206 1061 1240 1079 1202
1087 1165 1083 1169 1275 1162 1172 981 969 1173 1040 1105 1117 950 1229 1198 1017 1240 1094 1319 1183 1235 1307 1176 1270 1319 1086 1043 1089 1213 1261 1128
1101 1244 1201 1087 1032 1125 1199 1157 1301 1214 1339 1045 1023 1073 1066 1061 1021 1035 1112 1187 1088 1127 1004 1019 1211 986 1246 1158 1055 1208 1166 1197
1311 1243 1349 1155 1051 984 1174 1133 1152 1050 1255 1032 1137 1272 1024 1216 1326 977 986 1252 943 1105 1104 1072 1344 1022 1168 1093 1107 1255 983 1266
1127 1286 1113 1009 1003 1075 1230 1135 1207 1301 1083 1221 1326 1205 1233 1129 1231 1287 1131 1058 1048 1015 1315 1136 1206 1167 1229 1248 1249 1250 1217 1192
1043 1092 1070 1220 1262 1249 1180 1256 1101 977 908 983 1258 1315 1110 1279 1220 1235 1165 1020 1173 1277 1106 898 1125 1250 1081 1342 1282 1244 1113 1246
1173 1103 1036 1125 1260 1179 1309 1158 1234 1210 1185 1197 1080 1046 1089 1250 1034 1248 1040 1232 1186 1156 1074 1138 1027 1273 1173 1184 1173 1092 1226 1070
1224 1263 1123 1173 1320 1089 1076 1146 1375 1294 1208 1085 1233 1109 1310 1381 1030 1166 1094 1234 1166 963 1227 1138 1107 1168 1196 1150 1055 1247 1054 1044
1279 1231 1189 1229 1004 1216 1114 1081 1200 1076 1248 1126 1249 1200 1011 1262 1121 1185 1058 1191 1399 1228 1217 1361 1219 1242 1106 1205 1032 1231 1050 1207
1050 1142 1086 1126 1262 1241 1197 946 992 1216 1009 1162 1126 951 1218 1193 1000 1275 1065 1344 1172 1256 1314 1205 1245 1306 1071 1104 1054 1212 1272 1133
1120 1199 1180 1116 1063 1082 1188 1194 1274 1229 1294 1110 1026 1126 1115 1072 1044 1124 1133 1176 1097 1130 1011 1094 1252 1003 1237 1169 1078 1233 1163 1172
1260 1220 1318 1110 1138 1053 1205 1130 1149 1073 1228 977 1146 1285 1069 1235 1311 1060 1001 1235 1022 1142 1139 1079 1269 1101 1155 1024 1106 1238 1038 1255
1150 1261 1142 1048 1026 1150 1193 1132 1172 1238 1090 1234 1235 1202 1212 1144 1212 1236 1128 1067 1081 1038 1296 1119 1227 1188 1238 1241 1230 1261 1180 1195
1068 1105 1087 1131 1237 1246 1187 1221 1124 1066 1037 1050 1219 1304 1193 1256 1229 1196 1184 1033 1212 1246 1067 995 1128 1241 1046 1287 1295 1239 1148 1237
1174 1136 1033 1124 1225 1160 1298 1161 1213 1191 1180 1210 1063 1095 1118 1227 1089 1223 1073 1249 1191 1137 1143 1115 1086 1258 1174 1191 1144 1149 1227 1087
1233 1218 1120 1176 1253 1080 1101 1139 1310 1261 1167 1130 1208 1120 1287 1322 1075 1149 1073 1225 1139 1010 1196 1157 1122 1179 1183 1149 1062 1222 1045 1075
1244 1234 1204 1258 1085 1217 1083 1116 1229 1107 1241 1157 1250 1211 1086 1259 1122 1174 1065 1158 1312 1221 1222 1348 1184 1199 1117 1188 1059 1236 1037 1212
1039 1113 1085 1093 1243 1176 1204 1043 1053 1215 1046 1171 1137 1004 1199 1176 1063 1260 1084 1293 1185 1253 1275 1180 1246 1269 1162 1155 1059 1211 1283 1194
1094 1245 1192 1104 1049 1138 1186 1148 1254 1265 1350 986 1014 1092 1017 1108 1004 1038 1167 1186 1119 1152 1057 1042 1132 1059 1237 1209 1040 1205 1215 1240
1338 1314 1362 1148 1048 1031 1197 1134 1139 1083 1194 1097 1098 1269 1055 1169 1347 962 1007 1253 1018 1096 1101 1085 1327 1021 1191 1126 1154 1254 1022 1319
1008 1277 1128 1002 1016 1054 1249 1034 1186 1342 1132 1196 1349 1198 1242 1116 1218 1322 1056 1079 1065 1094 1288 1147 1221 1142 1240 1239 1226 1283 1174 1183
1120 1125 1071 1207 1241 1250 1181 1241 1094 990 953 1008 1181 1242 1133 1242 1247 1292 1214 1029 1238 1236 1185 989 1118 1223 1118 1339 1277 1257 1116 1169
1152 1084 1053 1066 1271 1104 1316 1101 1191 1157 1162 1222 1097 1027 1140 1189 1069 1243 1015 1181 1167 1115 1043 1119 1038 1278 1176 1191 1200 1123 1265 1053
1269 1212 1108 1196 1281 1132 1011 1123 1356 1279 1273 1064 1180 1118 1293 1336 1077 1131 1079 1257 1107 1022 1220 1123 1154 1211 1233 1143 1036 1234 1097 1125
1228 1154 1160 1168 1001 1157 1113 1086 1211 1141 1259 1175 1272 1191 1016 1195 1118 1206 1083 1184 1412 1299 1194 1340 1194 1237 1139 1222 1049 1236 1125 1206
1129 1105 1071 1195 1301 1166 1204 975 983 1191 1048 1117 1161 986 1249 1222 1073 1274 1044 1301 1183 1183 1311 1238 1270 1319 1120 1021 1175 1229 1277 1142
1118 1291 1176 1008 981 1086 1246 1224 1328 1283 1364 968 1000 1014 913 1050 1048 996 1107 1142 1119 1204 1069 1012 1264 1011 1267 1177 1036 1191 1185 1204
1348 1330 1378 1096 972 943 1183 1218 1151 1109 1198 1129 1148 1329 1081 1205 1369 972 935 1257 980 1118 1097 1075 1373 957 1185 1038 1168 1262 940 1369
1096 1343 1058 896 958 978 1293 1084 1140 1408 1112 1224 1405 1218 1272 1176 1230 1354 1028 1067 981 1056 1368 1105 1267 1162 1216 1225 1244 1269 1154 1219
1138 1153 1059 1235 1221 1308 1217 1221 1200 930 971 866 1225 1288 1089 1264 1271 1342 1274 1015 1282 1256 1093 951 1108 1249 1030 1381 1313 1271 1110 1173
1096 1104 961 1150 1269 1096 1374 1143 1185 1197 1192 1228 1077 933 1116 1219 1109 1207 985 1189 1229 1123 961 1145 1010 1288 1180 1167 1220 1095 1285 1057
1227 1190 1080 1186 1399 1124 917 1113 1396 1279 1275 1082 1232 1086 1323 1316 1017 1083 1005 1295 1105 966 1180 1091 1100 1173 1223 1143 1014 1270 1099 1113
1280 1194 1174 1234 935 1203 1085 1104 1221 1063 1267 1163 1212 1157 1014 1279 1120 1202 995 1216 1484 1317 1202 1498 1224 1207 1159 1184 1035 1240 1073 1216
1097 1125 983 1193 1277 1222 1218 941 933 1189 1002 1045 1177 996 1271 1250 1055 1268 1042 1329 1297 1199 1351 1160 1354 1367 1216 989 1117 1257 1291 1192
1143 1270 1181 1035 1028 1091 1219 1239 1271 1248 1315 965 1035 993 928 1129 1071 933 1102 1121 1150 1211 1096 1029 1269 1028 1222 1138 1059 1224 1152 1195
1329 1313 1309 1105 977 924 1136 1265 1108 1146 1239 1172 1147 1302 1090 1192 1302 955 952 1224 1007 1169 1058 1100 1340 922 1178 1049 1161 1209 975 1306
1119 1292 1035 893 983 965 1286 1115 1159 1375 1127 1217 1354 1175 1249 1197 1213 1289 993 1052 962 1073 1335 1132 1268 1141 1161 1174 1175 1250 1141 1168
1139 1148 1074 1262 1216 1297 1182 1158 1201 961 1010 891 1186 1271 988 1257 1250 1269 1231 1014 1243 1281 1064 970 1091 1236 1095 1350 1282 1216 1145 1166
1057 1183 942 1163 1246 1083 1347 1168 1170 1156 1183 1205 1054 954 1095 1210 1106 1204 982 1148 1238 1102 976 1164 1017 1277 1135 1174 1189 1078 1228 1084
1186 1161 1087 1187 1364 1089 942 1074 1337 1208 1264 1113 1203 1077 1248 1275 1042 1088 926 1260 1112 999 1101 1070 1065 1170 1230 1138 1043 1247 1124 1144
1233 1191 1163 1223 854 1224 1068 1103 1216 1014 1238 1152 1205 1124 1021 1280 1103 1211 1018 1231 1411 1274 1183 1503 1213 1192 1190 1173 1098 1255 1130 1157
1130 1146 954 1176 1204 1195 1215 934 938 1186 1013 1018 1186 933 1208 1207 1078 1265 1085 1316 1310 1212 1294 1113 1311 1364 1215 940 1132 1236 1252 1203
1131 1210 1229 1031 1034 1131 1159 1249 1299 1220 1339 937 1045 949 946 1155 1075 891 1114 1147 1152 1213 1080 1071 1271 1046 1206 1148 1111 1168 1194 1151
1317 1303 1331 1073 979 910 1144 1225 1090 1178 1221 1176 1143 1258 1088 1198 1290 977 976 1208 1047 1187 1040 1162 1320 930 1158 1047 1171 1217 989 1276
1147 1294 1077 957 975 951 1308 1101 1189 1331 1147 1165 1338 1189 1237 1145 1189 1287 997 1050 958 1095 1319 1166 1196 1075 1139 1182 1197 1204 1169 1110
1139 1192 1120 1262 1220 1249 1150 1210 1215 929 1032 943 1206 1233 950 1257 1244 1253 1161 1080 1217 1211 1054 1014 1075 1222 1101 1306 1286 1224 1189 1212
1079 1193 944 1173 1224 1057 1401 1162 1136 1124 1171 1203 1066 964 1081 1154 1108 1186 980 1152 1162 1096 998 1178 1043 1267 1115 1204 1145 1052 1192 1110
1188 1117 1093 1199 1368 1065 938 1088 1341 1194 1220 1139 1197 1077 1234 1307 1072 1086 880 1212 1094 1027 1101 1062 1043 1182 1196 1096 1065 1233 1132 1122
1217 1131 1145 1149 838 1158 1078 1101 1150 988 1250 1148 1223 1156 1025 1234 1131 1177 1044 1239 1399 1232 1163 1467 1163 1212 1214 1217 1122 1177 1152 1127
1158 1170 976 1182 1214 1145 1179 934 930 1164 1029 1034 1162 921 1238 1187 1080 1251 1061 1344 1244 1200 1304 1133 1295 1350 1201 930 1142 1176 1294 1143
1186 1213 1208 1034 1013 1142 1152 1234 1324 1203 1380 928 1034 936 935 1206 1050 914 1095 1162 1145 1238 1061 1052 1254 1057 1201 1145 1084 1171 1189 1144
1336 1310 1354 1062 966 903 1159 1204 1097 1183 1152 1203 1158 1271 1065 1191 1337 928 975 1225 1016 1178 1003 1177 1331 889 1129 1072 1174 1212 1006 1269
1142 1313 1108 976 1006 920 1281 1104 1126 1304 1144 1154 1331 1150 1226 1088 1148 1284 976 1095 981 1090 1328 1161 1195 1088 1182 1217 1224 1195 1168 1111
1160 1233 1077 1247 1191 1242 1151 1223 1218 928 989 936 1249 1204 983 1256 1219 1250 1156 1087 1208 1224 1075 993 1102 1237 1098 1325 1279 1193 1188 1203
1074 1146 991 1154 1237 1048 1422 1095 1149 1141 1130 1198 1033 971 1010 1175 1111 1187 1003 1141 1153 1091 1015 1171 1024 1270 1124 1251 1144 1049 1197 1071
1191 1136 1096 1194 1375 1034 925 1091 1344 1237 1215 1130 1192 1090 1287 1330 1075 1063 915 1183 1077 1020 1124 1067 1006 1173 1229 1095 1080 1234 1141 1103
1244 1130 1160 1128 847 1143 1103 1122 1135 997 1267 1107 1274 1197 1022 1223 1120 1132 1085 1264 1438 1261 1118 1466 1150 1247 1219 1186 1081 1162 1163 1130
1119 1155 993 1175 1285 1156 1152 915 923 1165 1018 1015 1147 916 1291 1196 1033 1196 1060 1363 1217 1179 1327 1152 1256 1337 1188 925 1143 1197 1293 1100
1166 1265 1194 1056 995 1128 1166 1230 1334 1199 1404 946 1048 960 947 1146 1014 938 1107 1152 1079 1238 1025 988 1230 1041 1255 1155 1038 1165 1153 1188
1356 1326 1386 1062 936 935 1139 1158 1101 1101 1172 1163 1170 1257 1017 1173 1355 880 939 1263 998 1126 1041 1123 1355 855 1157 1080 1190 1260 964 1299
1132 1333 1090 944 960 916 1261 1110 1114 1328 1120 1162 1399 1180 1258 1112 1160 1316 998 1127 1049 1060 1374 1161 1237 1116 1236 1233 1224 1235 1214 1189
1164 1241 1047 1251 1221 1266 1187 1259 1186 928 939 914 1247 1230 997 1280 1233 1248 1218 1027 1224 1256 1111 929 1152 1247 1082 1373 1247 1213 1182 1227
1124 1092 1005 1120 1253 1132 1384 1097 1191 1181 1166 1200 1045 945 1008 1203 1065 1187 1007 1169 1181 1129 977 1155 980 1312 1178 1225 1166 995 1255 1035
1215 1178 1088 1184 1377 1046 901 1091 1388 1273 1267 1084 1208 1080 1259 1326 1053 1083 975 1231 1081 974 1158 1085 1038 1151 1233 1161 1048 1262 1153 1063
1300 1168 1180 1172 843 1149 1079 1108 1169 1033 1267 1133 1276 1181 996 1233 1166 1142 1093 1264 1462 1305 1126 1456 1176 1251 1235 1146 1039 1190 1153 1182
1133 1131 1037 1147 1301 1214 1174 883 949 1147 1000 1007 1113 940 1309 1234 989 1152 1046 1357 1213 1199 1335 1166 1278 1365 1190 951 1139 1179 1285 1088
1100 1255 1266 1060 975 1150 1252 1180 1350 1239 1430 970 1018 964 965 1068 1016 946 1141 1146 1023 1190 1033 972 1218 997 1291 1133 1054 1191 1167 1244
1358 1292 1410 1108 958 939 1175 1142 1175 1081 1234 1145 1118 1249 961 1201 1371 846 933 1275 950 1118 1097 1053 1371 915 1201 1096 1192 1282 908 1333
1104 1311 1092 894 958 942 1273 1066 1176 1338 1088 1242 1413 1232 1308 1154 1202 1326 1066 1063 1025 982 1354 1107 1219 1198 1244 1243 1262 1225 1202 1219
1112 1189 1035 1215 1243 1280 1185 1301 1146 866 911 914 1249 1306 1049 1274 1225 1244 1200 1011 1218 1258 1111 893 1172 1257 1044 1369 1271 1273 1132 1233
1186 1048 991 1120 1279 1206 1414 1125 1219 1217 1226 1194 1043 971 1042 1195 1013 1211 981 1193 1207 1159 997 1141 926 1308 1200 1179 1206 969 1259 1049
1213 1172 1062 1186 1385 1074 935 1091 1398 1309 1243 1068 1248 1092 1245 1410 971 1101 1011 1241 1095 928 1172 1077 1064 1183 1221 1193 996 1256 1153 1055
1312 1240 1190 1230 857 1191 1047 1126 1191 1005 1271 1103 1238 1181 996 1269 1190 1176 1041 1276 1474 1281 1178 1464 1198 1283 1187 1188 999 1192 1061 1186
1113 1113 1089 1101 1301 1280 1210 849 955 1189 966 1045 1157 948 1329 1246 977 1226 1032 1363 1193 1207 1333 1212 1286 1373 1180 1005 1133 1155 1315 1100
1117 1240 1213 1071 1032 1089 1219 1247 1341 1258 1357 1053 1019 1069 1048 1067 1065 1083 1152 1141 1068 1193 1004 1037 1305 1018 1280 1150 1081 1216 1154 1169
1271 1287 1365 1071 1063 988 1236 1163 1194 1104 1225 1050 1121 1272 1024 1246 1338 1023 970 1282 989 1175 1116 1058 1314 1068 1168 1005 1159 1249 959 1326
1143 1298 1131 951 995 1073 1208 1095 1171 1273 1063 1271 1298 1219 1263 1169 1185 1283 1101 1070 1038 1025 1347 1092 1246 1241 1243 1244 1273 1258 1147 1242
1095 1174 1062 1094 1214 1307 1186 1234 1137 1001 1046 981 1244 1299 1176 1263 1264 1219 1193 998 1229 1251 1022 988 1155 1250 953 1316 1294 1262 1157 1212
1171 1131 970 1135 1272 1181 1383 1152 1220 1246 1181 1209 1028 1006 1107 1244 1094 1224 1038 1216 1258 1168 1094 1134 1027 1273 1199 1172 1169 1070 1268 1072
1234 1143 1077 1193 1330 1097 994 1094 1327 1268 1190 1127 1221 1069 1282 1363 1010 1092 1012 1242 1072 1005 1179 1090 1115 1200 1226 1198 1053 1259 1124 1086
1291 1247 1201 1263 1008 1202 1102 1133 1222 1080 1268 1164 1229 1208 1089 1232 1159 1179 1058 1213 1385 1292 1205 1435 1157 1188 1174 1177 1048 1205 1020 1243
1060 1106 1038 1092 1256 1233 1221 994 1002 1216 1033 1086 1160 1019 1262 1189 1068 1229 1043 1308 1204 1250 1290 1219 1295 1326 1219 1116 1104 1224 1310 1173
1129 1250 1193 1087 1052 1135 1191 1175 1227 1240 1329 1005 1063 1077 1008 1171 1017 1033 1182 1201 1166 1167 1034 1025 1143 1068 1246 1218 1049 1208 1184 1221
1293 1305 1317 1105 1033 1036 1188 1149 1140 1080 1191 1110 1115 1266 1062 1168 1310 947 1018 1246 1005 1087 1070 1090 1320 996 1162 1141 1173 1261 1025 1336
1019 1248 1117 1029 1067 1027 1226 1051 1153 1313 1131 1215 1310 1185 1225 1125 1233 1261 1065 1092 1054 1117 1263 1168 1224 1153 1213 1218 1211 1256 1159 1182
1117 1136 1100 1194 1240 1261 1186 1236 1109 1019 966 1009 1182 1245 1098 1229 1256 1281 1211 1046 1235 1249 1150 1012 1109 1220 1121 1274 1256 1218 1129 1172
1149 1091 1058 1077 1256 1119 1297 1098 1192 1146 1171 1235 1088 1020 1133 1176 1098 1244 1012 1190 1164 1098 1070 1108 1069 1301 1181 1200 1199 1108 1266 1076
1266 1195 1139 1185 1304 1117 1014 1110 1297 1256 1234 1063 1187 1111 1298 1313 1108 1108 1044 1258 1102 1057 1223 1122 1141 1194 1218 1144 1055 1241 1100 1122
1239 1139 1153 1153 980 1168 1120 1083 1196 1160 1226 1144 1255 1150 1049 1220 1113 1223 1108 1189 1387 1290 1169 1339 1209 1232 1166 1245 1064 1205 1148 1191
1146 1100 1086 1202 1260 1187 1203 974 1000 1160 1051 1088 1166 963 1226 1193 1094 1237 1045 1268 1186 1162 1258 1227 1259 1310 1155 996 1180 1230 1244 1159
1148 1299 1166 1018 997 1078 1256 1272 1288 1243 1326 1016 1062 986 969 1074 1080 1012 1119 1146 1151 1194 1053 938 1246 1035 1251 1153 1060 1177 1181 1228
1270 1332 1310 1058 962 939 1141 1264 1139 1123 1180 1149 1132 1285 1083 1203 1337 934 951 1249 976 1132 1039 1089 1361 893 1167 1052 1174 1254 970 1343
1120 1327 1064 926 1046 998 1261 1080 1116 1350 1096 1244 1353 1178 1264 1184 1226 1290 1018 1073 977 1096 1324 1141 1245 1136 1158 1215 1184 1259 1116 1213
1134 1181 1099 1219 1155 1290 1215 1175 1200 954 981 884 1225 1294 1017 1212 1245 1336 1236 1027 1272 1246 1091 985 1118 1227 1074 1321 1251 1231 1140 1161
1078 1102 999 1136 1233 1114 1350 1155 1181 1185 1144 1234 1091 973 1088 1205 1115 1211 1001 1195 1209 1145 979 1139 1004 1284 1164 1167 1228 1083 1261 1069
1247 1158 1076 1202 1401 1068 925 1103 1342 1255 1241 1058 1212 1096 1309 1268 1061 1101 955 1291 1095 1014 1146 1091 1102 1183 1215 1135 1052 1256 1109 1081
1272 1172 1156 1204 869 1181 1105 1084 1199 1051 1245 1111 1176 1103 1060 1257 1136 1198 1025 1236 1410 1295 1172 1500 1190 1211 1187 1212 1059 1270 1083 1162
1121 1113 987 1171 1231 1242 1200 947 959 1187 1002 1031 1143 986 1251 1212 1059 1218 1058 1253 1247 1163 1303 1154 1332 1379 1232 965 1119 1227 1203 1136
1126 1233 1174 1070 1017 1096 1204 1280 1254 1243 1286 1016 1056 956 975 1132 1122 954 1085 1116 1133 1170 1065 978 1254 1041 1189 1119 1118 1193 1159 1214
1270 1306 1264 1058 994 887 1109 1270 1131 1165 1220 1197 1130 1265 1087 1201 1267 924 1005 1209 1010 1158 1049 1101 1331 895 1179 1070 1144 1198 1020 1289
1170 1289 1096 948 1030 994 1233 1124 1162 1302 1096 1214 1301 1136 1220 1194 1206 1238 1016 1049 977 1068 1290 1147 1217 1076 1096 1177 1162 1185 1092 1183
1136 1161 1123 1257 1189 1238 1175 1149 1212 1000 993 912 1209 1290 965 1210 1241 1264 1206 1027 1184 1226 1057 999 1126 1231 1098 1269 1265 1179 1146 1181
1096 1138 977 1122 1201 1136 1342 1149 1153 1159 1146 1200 1091 985 1056 1197 1101 1211 1001 1197 1215 1117 1029 1165 1018 1256 1150 1185 1208 1061 1191 1105
1189 1130 1064 1182 1375 1006 979 1081 1314 1221 1183 1094 1220 1108 1229 1282 1033 1117 907 1231 1151 1004 1076 1059 1050 1161 1167 1147 1116 1228 1145 1103
1208 1172 1168 1210 815 1179 1075 1090 1209 973 1199 1109 1122 1103 1056 1279 1166 1170 1043 1242 1378 1249 1148 1506 1150 1255 1205 1180 1093 1224 1117 1108
1135 1139 959 1111 1159 1226 1218 911 957 1195 1034 1029 1143 952 1237 1168 1043 1226 1106 1237 1233 1183 1253 1150 1322 1333 1248 1003 1099 1213 1211 1142
1133 1220 1245 1065 1036 1137 1163 1269 1279 1220 1299 989 1013 931 978 1193 1129 923 1106 1109 1120 1171 1044 1015 1215 1052 1168 1150 1121 1132 1164 1177
1307 1277 1315 1065 1017 864 1128 1243 1086 1172 1189 1214 1157 1258 1084 1170 1282 935 996 1200 1017 1135 1044 1140 1298 908 1140 1071 1145 1199 1081 1290
1169 1270 1131 995 987 999 1238 1157 1139 1303 1105 1169 1302 1111 1191 1149 1151 1261 1021 1058 986 1065 1309 1158 1172 1049 1139 1180 1171 1168 1157 1126
1159 1128 1100 1264 1204 1193 1086 1168 1189 1013 1012 947 1194 1247 944 1209 1236 1227 1167 1084 1177 1231 1104 1036 1077 1216 1079 1296 1286 1214 1187 1174
1111 1151 978 1141 1212 1117 1377 1136 1136 1172 1135 1151 1086 1016 1043 1200 1106 1198 1032 1192 1156 1100 1032 1150 1009 1237 1125 1236 1133 1046 1170 1100
1190 1089 1117 1197 1338 1001 992 1102 1313 1190 1184 1131 1167 1089 1224 1273 1060 1114 912 1164 1158 975 1099 1086 1001 1170 1166 1096 1099 1229 1196 1072
1205 1131 1143 1167 840 1128 1058 1111 1168 976 1198 1134 1177 1106 1047 1236 1147 1157 1080 1245 1375 1222 1087 1497 1133 1314 1210 1201 1086 1163 1150 1123
1156 1188 936 1154 1180 1185 1163 916 966 1166 1025 1050 1132 917 1260 1157 1074 1191 1115 1286 1202 1150 1276 1145 1289 1290 1179 976 1098 1158 1272 1127
1187 1248 1195 1113 1008 1135 1091 1229 1279 1204 1359 969 1049 929 974 1237 1085 929 1102 1081 1098 1177 1058 1013 1187 1052 1178 1136 1089 1134 1128 1139
1311 1279 1335 1091 1033 872 1200 1211 1056 1156 1133 1210 1189 1268 1068 1142 1318 891 980 1166 1023 1127 1030 1120 1320 868 1140 1083 1167 1245 1095 1274
1155 1312 1137 1001 999 1015 1252 1175 1075 1293 1087 1155 1306 1109 1227 1093 1127 1241 995 1062 1030 1041 1329 1152 1188 1079 1213 1202 1163 1242 1153 1156
1135 1198 1112 1264 1204 1215 1118 1218 1211 991 1004 971 1192 1231 938 1225 1202 1193 1149 1132 1215 1227 1120 992 1129 1236 1109 1314 1278 1206 1227 1182
1091 1135 1020 1139 1226 1081 1385 1098 1148 1166 1099 1175 1044 1018 1013 1180 1090 1198 1032 1138 1176 1026 1066 1136 977 1247 1107 1234 1121 1008 1192 1102
1162 1141 1123 1175 1354 997 976 1116 1349 1176 1182 1147 1165 1101 1226 1291 1092 1098 940 1202 1152 991 1101 1114 1015 1158 1158 1080 1095 1241 1208 1068
1253 1101 1169 1149 880 1112 1036 1157 1134 1014 1254 1116 1263 1184 1033 1252 1193 1125 1104 1247 1441 1242 1023 1495 1173 1312 1222 1183 1042 1159 1188 1171
1118 1210 964 1138 1228 1151 1137 880 996 1162 1003 1042 1114 913 1284 1141 1034 1145 1073 1292 1204 1178 1318 1123 1229 1306 1187 972 1100 1214 1270 1115
1180 1271 1192 1114 1015 1146 1140 1208 1312 1183 1354 1004 1030 960 1001 1182 1060 920 1101 1084 1089 1214 1031 998 1200 1033 1211 1131 1082 1153 1145 1196
1344 1254 1348 1130 1010 929 1155 1156 1093 1103 1188 1161 1186 1255 1025 1159 1341 870 945 1179 1002 1090 1029 1065 1367 847 1209 1106 1168 1270 1018 1303
1130 1331 1096 984 998 958 1265 1152 1078 1292 1082 1170 1363 1164 1302 1102 1148 1270 998 1093 1037 1012 1344 1161 1237 1096 1242 1231 1170 1241 1196 1193
1138 1217 1049 1265 1229 1280 1185 1233 1194 964 971 940 1199 1220 961 1266 1199 1230 1182 1095 1224 1228 1101 931 1176 1277 1114 1351 1229 1211 1178 1211
1156 1102 1029 1126 1261 1122 1346 1095 1195 1163 1166 1198 1055 1005 1020 1181 1059 1181 993 1117 1193 1025 1023 1113 968 1270 1136 1193 1168 993 1211 1067
1177 1182 1120 1154 1361 1036 963 1067 1376 1219 1221 1082 1204 1094 1231 1302 1077 1099 973 1259 1119 960 1114 1121 1058 1169 1179 1145 1070 1262 1177 1031
1318 1170 1186 1186 839 1169 1045 1134 1155 1029 1255 1125 1284 1185 974 1255 1166 1138 1115 1232 1452 1237 1116 1444 1198 1273 1205 1164 1025 1182 1173 1160
1125 1167 1061 1143 1239 1164 1156 823 971 1159 974 1035 1133 928 1263 1208 1017 1156 1060 1327 1205 1219 1329 1158 1248 1329 1158 985 1127 1217 1291 1124
1128 1271 1226 1094 979 1102 1228 1198 1334 1199 1412 1022 1014 970 989 1096 1022 940 1157 1154 1035 1206 1011 964 1214 981 1291 1125 1060 1145 1185 1258
1398 1280 1418 1118 958 959 1191 1164 1171 1079 1208 1157 1150 1263 957 1185 1381 852 977 1211 950 1082 1061 1023 1367 933 1209 1120 1194 1276 930 1347
1110 1355 1070 914 966 948 1253 1072 1138 1326 1048 1218 1409 1244 1326 1118 1178 1336 1030 1027 1015 978 1362 1115 1229 1158 1256 1249 1216 1227 1206 1213
1112 1181 1055 1223 1261 1284 1219 1311 1176 932 945 944 1205 1282 995 1256 1213 1248 1204 1029 1232 1208 1079 903 1182 1267 1056 1367 1267 1261 1156 1217
1198 1062 991 1122 1285 1200 1418 1117 1249 1187 1192 1186 1065 993 1032 1187 1057 1187 993 1151 1167 1071 1015 1149 928 1288 1186 1197 1208 1015 1209 1059
1205 1186 1066 1158 1379 1090 951 1055 1418 1271 1213 1060 1244 1108 1215 1378 1021 1091 999 1259 1105 944 1144 1093 1074 1187 1219 1187 1014 1258 1115 1051
1332 1240 1216 1234 881 1205 1049 1140 1205 1013 1261 1135 1240 1199 996 1263 1154 1150 1035 1254 1466 1243 1176 1458 1220 1279 1175 1202 1019 1230 1107 1208
1133 1127 1093 1139 1269 1230 1184 845 959 1189 982 1033 1163 936 1285 1254 995 1200 998 1347 1209 1201 1315 1220 1266 1363 1144 1027 1135 1153 1343 1114
1133 1280 1195 1087 1020 1067 1221 1243 1343 1246 1373 1075 1051 1047 1078 1095 1101 1059 1158 1137 1060 1191 1006 1023 1283 1014 1286 1118 1071 1222 1158 1179
1285 1277 1369 1053 1043 1008 1226 1161 1228 1128 1209 1082 1141 1254 1014 1220 1346 1013 994 1246 1003 1157 1128 1060 1298 1054 1174 1037 1177 1271 961 1316
1141 1322 1125 957 997 1057 1198 1085 1157 1285 1051 1253 1320 1235 1253 1159 1179 1283 1079 1068 1032 1035 1341 1116 1250 1221 1255 1242 1265 1230 1131 1248
1087 1190 1066 1070 1256 1279 1186 1246 1181 1021 1040 997 1210 1289 1146 1275 1216 1247 1195 998 1231 1243 1022 990 1177 1250 993 1314 1302 1246 1179 1214
1169 1097 992 1135 1258 1183 1371 1154 1238 1228 1177 1203 1048 1024 1071 1228 1094 1206 1052 1192 1220 1140 1074 1134 1027 1241 1163 1174 1183 1082 1266 1066
1208 1159 1059 1185 1326 1109 984 1074 1349 1252 1166 1111 1207 1085 1248 1359 1018 1098 1046 1246 1074 1025 1157 1086 1095 1186 1220 1184 1071 1245 1110 1058
1289 1255 1209 1249 998 1214 1100 1121 1204 1070 1254 1166 1223 1202 1071 1236 1147 1147 1030 1221 1367 1268 1241 1421 1195 1174 1190 1177 1074 1241 1038 1259
1084 1096 1038 1134 1252 1219 1207 974 1048 1222 1043 1056 1160 1053 1260 1217 1084 1249 1061 1312 1206 1224 1300 1215 1277 1340 1225 1098 1090 1226 1306 1187
1154 1227 1194 1102 1053 1160 1184 1184 1204 1235 1332 1040 1098 1028 1027 1186 1064 1062 1155 1160 1183 1138 1047 1046 1134 1067 1247 1217 1062 1225 1181 1188
1300 1278 1334 1132 1058 1011 1185 1136 1127 1099 1206 1095 1112 1253 1081 1175 1327 936 1021 1213 1032 1086 1031 1111 1313 989 1129 1158 1160 1250 1032 1293
1052 1205 1146 1060 1030 1046 1219 1068 1130 1262 1128 1202 1287 1188 1194 1126 1216 1262 1058 1109 1075 1106 1284 1169 1219 1168 1228 1235 1192 1213 1160 1183
1118 1149 1119 1195 1261 1266 1183 1269 1098 1026 1003 1034 1185 1240 1045 1234 1247 1230 1208 1071 1226 1250 1185 999 1086 1217 1124 1281 1251 1235 1136 1159
1106 1110 1091 1096 1253 1118 1300 1093 1183 1145 1136 1250 1077 1015 1112 1147 1091 1229 1033 1189 1133 1095 1095 1111 1064 1296 1166 1245 1182 1059 1229 1079
1251 1184 1144 1160 1289 1044 993 1099 1324 1231 1225 1044 1182 1112 1281 1284 1117 1123 1027 1267 1109 1032 1226 1129 1112 1197 1203 1129 1064 1230 1103 1113
1232 1156 1160 1122 967 1167 1123 1106 1199 1117 1259 1167 1264 1163 1054 1223 1118 1206 1103 1184 1370 1271 1148 1348 1194 1229 1177 1262 1069 1184 1169 1162
1097 1097 1095 1161 1255 1174 1236 991 1011 1161 1012 1103 1157 974 1219 1170 1073 1254 1022 1297 1163 1185 1291 1188 1270 1295 1146 1013 1153 1213 1255 1174
1174 1277 1154 1064 987 1110 1250 1272 1266 1211 1332 1032 1088 982 975 1128 1098 986 1091 1118 1137 1182 1043 996 1224 999 1259 1173 1096 1191 1169 1226
1280 1300 1312 1070 1032 923 1191 1240 1123 1149 1136 1137 1134 1213 1031 1211 1327 914 923 1233 1020 1134 1003 1101 1341 873 1167 1084 1156 1234 1014 1311
1144 1287 1130 966 1026 1010 1231 1110 1084 1284 1096 1228 1325 1188 1252 1126 1204 1270 1016 1085 1033 1052 1286 1137 1231 1146 1176 1195 1192 1205 1128 1209
1116 1219 1081 1245 1193 1282 1199 1227 1182 954 1049 930 1207 1264 977 1208 1233 1264 1252 1081 1258 1238 1089 941 1148 1203 1104 1303 1217 1205 1170 1169
1104 1132 1033 1154 1267 1124 1346 1123 1145 1167 1150 1220 1071 1011 1060 1189 1119 1199 1007 1203 1207 1109 1011 1137 992 1278 1168 1207 1212 1039 1243 1101
1191 1124 1078 1160 1383 978 945 1093 1336 1245 1209 1056 1202 1096 1277 1298 1083 1099 941 1287 1121 970 1158 1109 1062 1183 1219 1147 1042 1228 1125 1069
1266 1188 1160 1192 865 1181 1067 1100 1215 1025 1271 1137 1212 1097 1066 1265 1142 1164 1063 1214 1392 1261 1162 1496 1124 1251 1187 1194 1051 1202 1141 1136
1091 1085 1013 1113 1225 1220 1170 975 985 1171 986 1033 1119 970 1255 1182 1015 1192 1028 1295 1229 1171 1337 1172 1290 1367 1216 1007 1079 1195 1219 1160
1180 1181 1178 1110 1021 1112 1202 1262 1300 1227 1302 1018 1072 954 995 1170 1146 958 1107 1116 1137 1138 1043 988 1200 1009 1229 1117 1142 1181 1175 1212
1262 1290 1300 1068 1026 895 1157 1238 1147 1173 1174 1175 1118 1203 1053 1193 1289 888 959 1205 1032 1146 1037 1097 1313 881 1175 1090 1148 1194 1038 1263
1160 1295 1148 944 1038 1006 1223 1126 1108 1292 1074 1222 1323 1178 1222 1130 1182 1254 1038 1029 981 1032 1288 1121 1189 1088 1144 1183 1200 1159 1114 1175
1156 1217 1113 1267 1163 1208 1191 1211 1220 1024 991 948 1227 1260 949 1178 1201 1262 1220 1049 1200 1216 1129 993 1140 1229 1126 1269 1257 1149 1154 1175
1168 1126 1029 1130 1277 1150 1324 1129 1175 1159 1146 1172 1075 1035 1060 1213 1069 1191 999 1197 1177 1091 1037 1165 978 1240 1140 1193 1208 1031 1189 1103
1149 1122 1088 1132 1379 1000 985 1087 1336 1257 1173 1068 1200 1100 1221 1308 1017 1115 935 1229 1167 986 1102 1101 1052 1143 1155 1123 1090 1194 1171 1099
1218 1176 1162 1232 825 1155 1047 1130 1179 971 1189 1119 1168 1099 1040 1257 1168 1142 1035 1240 1364 1249 1158 1486 1104 1289 1193 1146 1069 1188 1161 1096
1115 1139 957 1085 1163 1224 1130 945 1003 1195 1026 1011 1117 940 1271 1142 1025 1170 1066 1251 1199 1153 1221 1156 1272 1319 1204 1037 1057 1163 1219 1128
1142 1179 1178 1122 1051 1144 1172 1232 1294 1211 1310 1010 1060 932 1007 1198 1148 902 1095 1090 1117 1204 1041 1034 1200 1025 1205 1135 1142 1147 1173 1176
1266 1290 1304 1128 1020 879 1165 1234 1127 1201 1194 1201 1132 1257 1053 1139 1281 922 963 1205 1052 1122 1063 1105 1279 881 1143 1120 1138 1164 1086 1303
1162 1287 1114 952 1020 990 1235 1158 1108 1348 1052 1188 1317 1162 1222 1162 1172 1266 1030 1021 977 1032 1320 1121 1179 1078 1160 1145 1170 1175 1132 1175
1176 1223 1113 1251 1143 1196 1173 1223 1162 1002 1003 928 1215 1252 945 1206 1181 1216 1166 1075 1152 1224 1133 1007 1134 1213 1110 1313 1277 1193 1176 1177
1136 1138 993 1170 1269 1130 1320 1127 1205 1199 1166 1156 1067 1031 1062 1205 1049 1171 987 1209 1167 1075 1013 1147 962 1196 1142 1223 1162 1021 1243 1089
1167 1148 1108 1146 1351 1000 1033 1089 1330 1249 1175 1096 1180 1110 1205 1290 1045 1123 947 1185 1195 972 1068 1135 1014 1137 1151 1135 1076 1186 1225 1091
1220 1156 1148 1178 873 1145 1033 1140 1187 939 1199 1097 1210 1123 1052 1241 1184 1150 1061 1266 1370 1209 1138 1472 1132 1277 1237 1158 1071 1176 1191 1176
1149 1165 905 1109 1183 1244 1134 903 1005 1151 1012 1035 1131 908 1279 1148 1059 1178 1062 1277 1215 1177 1275 1134 1274 1311 1162 997 1033 1141 1235 1130
1157 1200 1193 1121 1058 1139 1141 1217 1301 1162 1349 1003 1029 951 990 1213 1127 915 1112 1069 1142 1197 1038 1027 1177 1014 1202 1154 1089 1180 1172 1167
1281 1277 1299 1131 1049 882 1184 1221 1090 1176 1175 1186 1177 1278 1062 1156 1304 905 984 1152 1053 1131 1042 1076 1310 882 1172 1085 1151 1235 1051 1338
1189 1262 1109 975 1013 1021 1262 1145 1115 1335 1055 1187 1316 1153 1253 1131 1183 1273 1037 1002 974 1057 1365 1102 1202 1087 1195 1156 1141 1242 1109 1168
1163 1206 1110 1256 1192 1229 1168 1228 1177 1017 1040 957 1224 1223 942 1217 1154 1195 1171 1118 1181 1225 1130 958 1145 1226 1085 1354 1240 1232 1225 1196
1115 1115 984 1147 1266 1123 1343 1142 1176 1180 1169 1179 1104 1026 1033 1172 1048 1182 1012 1152 1180 1064 1044 1124 999 1229 1109 1224 1135 1006 1202 1092
1114 1171 1113 1147 1348 981 1010 1084 1377 1196 1212 1141 1189 1107 1200 1319 1070 1084 906 1210 1180 971 1091 1104 1013 1118 1204 1126 1083 1243 1188 1094
1223 1173 1139 1171 888 1148 1018 1157 1210 954 1236 1148 1243 1174 1031 1244 1169 1169 1070 1223 1399 1208 1127 1465 1173 1282 1212 1207 1102 1213 1186 1173
1156 1172 946 1140 1248 1219 1125 882 958 1166 1015 1024 1132 883 1242 1157 1028 1173 1053 1292 1240 1212 1322 1135 1287 1334 1167 1010 1086 1210 1222 1163
1153 1246 1235 1143 1044 1095 1135 1215 1319 1156 1373 1017 1023 971 994 1175 1061 889 1154 1115 1134 1251 1022 1015 1171 1000 1206 1158 1109 1180 1176 1191
1311 1299 1323 1135 1019 942 1182 1195 1088 1126 1201 1150 1211 1278 1048 1160 1350 889 972 1168 1017 1099 1008 1094 1370 886 1206 1087 1157 1243 983 1348
1179 1278 1071 1021 1009 999 1254 1129 1127 1347 1103 1181 1358 1191 1299 1147 1205 1243 1023 1054 1018 1047 1385 1138 1234 1101 1215 1206 1163 1250 1183 1156
1113 1210 1052 1262 1240 1283 1184 1210 1185 991 1018 981 1186 1211 970 1249 1210 1227 1163 1098 1207 1261 1096 914 1151 1254 1101 1312 1260 1228 1231 1224
1143 1083 962 1117 1252 1111 1375 1130 1216 1172 1175 1215 1108 984 1009 1166 1066 1186 974 1132 1166 1070 1042 1142 981 1245 1105 1222 1155 998 1196 1094
1162 1193 1151 1175 1356 1003 972 1048 1367 1196 1220 1107 1241 1079 1196 1325 1082 1084 880 1258 1152 993 1119 1112 1059 1160 1224 1142 1081 1289 1182 1062
1265 1175 1177 1175 870 1202 1004 1151 1220 1010 1260 1186 1265 1198 987 1260 1167 1189 1106 1221 1445 1200 1125 1459 1219 1256 1172 1213 1078 1207 1168 1139
1132 1144 1048 1168 1250 1195 1159 864 942 1168 995 1036 1136 867 1236 1211 994 1193 1047 1338 1220 1242 1318 1137 1321 1328 1123 966 1140 1184 1274 1151
1122 1257 1230 1108 969 1090 1206 1224 1344 1201 1426 1002 1024 998 989 1124 1034 894 1205 1198 1105 1226 997 964 1212 1001 1277 1163 1108 1169 1189 1210
1374 1314 1400 1102 994 967 1189 1192 1169 1117 1200 1155 1184 1291 973 1143 1381 906 983 1163 992 1120 1013 1073 1385 911 1203 1102 1186 1278 906 1343
1104 1325 1064 988 1018 972 1251 1048 1182 1352 1110 1192 1419 1232 1288 1124 1166 1300 1048 1039 973 1024 1400 1133 1225 1118 1232 1261 1238 1203 1194 1185
1106 1217 1065 1219 1255 1280 1209 1303 1208 942 953 984 1205 1252 1001 1286 1243 1278 1218 1067 1244 1212 1071 927 1166 1255 1058 1365 1307 1241 1218 1229
1200 1048 971 1126 1259 1140 1440 1133 1213 1205 1180 1200 1071 1011 1044 1173 1059 1171 983 1169 1169 1097 1011 1179 986 1294 1160 1247 1192 1037 1209 1099
1199 1176 1100 1184 1381 1070 945 1033 1384 1245 1189 1076 1214 1062 1211 1364 1067 1077 927 1255 1079 978 1176 1091 1082 1177 1247 1125 1030 1276 1155 1077
1304 1200 1176 1166 897 1201 1035 1162 1199 1057 1275 1159 1270 1193 988 1261 1134 1164 1067 1240 1462 1245 1136 1448 1206 1233 1149 1260 1067 1200 1129 1158
1121 1153 1085 1159 1293 1204 1196 899 917 1189 1008 1031 1165 936 1273 1226 965 1218 1014 1337 1235 1189 1315 1162 1296 1365 1140 981 1169 1143 1293 1144
1151 1266 1165 1091 1006 1063 1191 1251 1337 1256 1361 1081 1067 1073 1070 1119 1113 1053 1170 1149 1086 1173 1012 993 1277 1048 1258 1148 1087 1226 1166 1185
1237 1275 1331 1015 1039 998 1234 1153 1192 1130 1177 1078 1147 1270 1012 1190 1316 1041 1002 1196 1003 1195 1118 1082 1298 1024 1178 1041 1179 1301 979 1286
1135 1290 1135 987 1031 1055 1190 1067 1157 1271 1087 1219 1332 1235 1241 1141 1161 1273 1105 1114 1038 1063 1355 1122 1264 1193 1215 1266 1255 1240 1131 1218
1111 1206 1068 1100 1240 1293 1188 1240 1215 1021 1018 1013 1208 1255 1124 1249 1226 1273 1199 1032 1241 1219 1030 1012 1169 1252 1041 1302 1286 1236 1201 1224
1169 1083 984 1143 1244 1145 1369 1156 1206 1198 1151 1217 1084 1036 1051 1194 1134 1188 1054 1208 1196 1168 1050 1168 1031 1239 1147 1200 1189 1092 1252 1070
1190 1161 1085 1191 1328 1095 1004 1082 1341 1224 1160 1103 1209 1089 1242 1301 1058 1106 1040 1258 1048 1047 1191 1078 1125 1196 1244 1136 1085 1271 1120 1064
1285 1213 1189 1223 990 1206 1136 1131 1194 1066 1248 1142 1243 1200 1079 1246 1119 1161 1050 1239 1341 1248 1203 1431 1183 1158 1156 1185 1118 1235 1056 1229
1102 1136 1076 1140 1256 1199 1203 984 1016 1216 1037 1030 1180 1043 1240 1229 1092 1221 1065 1292 1210 1196 1284 1191 1287 1342 1211 1050 1112 1214 1260 1195
1127 1250 1217 1085 1086 1191 1155 1185 1217 1248 1347 1041 1085 1027 1060 1151 1083 1065 1148 1149 1170 1119 1064 1025 1143 1086 1224 1204 1051 1200 1200 1209
1305 1287 1329 1139 1091 1026 1162 1129 1136 1098 1187 1100 1079 1240 1072 1170 1336 935 1042 1208 1019 1075 1062 1100 1258 988 1130 1143 1169 1259 1059 1270
1043 1234 1149 1049 1007 1083 1222 1103 1183 1269 1091 1213 1296 1169 1201 1121 1227 1297 1087 1092 1088 1057 1309 1148 1176 1139 1245 1214 1193 1226 1173 1176
1139 1144 1126 1216 1228 1205 1176 1270 1047 1029 1002 1045 1220 1263 1068 1217 1244 1199 1189 1074 1245 1243 1174 968 1097 1218 1115 1314 1262 1260 1089 1116
1113 1111 1092 1119 1264 1107 1291 1102 1178 1154 1143 1243 1062 1030 1143 1144 1060 1234 1036 1192 1136 1112 1112 1110 1051 1263 1169 1246 1193 1048 1244 1080
1226 1173 1137 1145 1274 1031 1042 1120 1351 1228 1212 1057 1157 1133 1266 1295 1114 1108 1060 1236 1142 1005 1199 1126 1117 1204 1192 1120 1025 1223 1114 1104
1239 1179 1149 1125 982 1186 1108 1139 1216 1098 1252 1198 1269 1150 1043 1202 1159 1185 1114 1201 1377 1266 1133 1339 1199 1242 1192 1227 1064 1209 1156 1181
1072 1122 1086 1138 1266 1171 1199 988 1020 1184 997 1130 1154 983 1236 1169 1070 1265 1005 1308 1178 1178 1314 1213 1237 1270 1141 1022 1124 1232 1268 1195
1175 1274 1185 1093 1044 1153 1235 1241 1275 1214 1359 1039 1045 979 986 1113 1093 1003 1100 1077 1102 1209 1024 1009 1223 1000 1238 1138 1091 1208 1174 1235
1307 1279 1329 1113 1071 934 1194 1233 1122 1138 1149 1134 1107 1186 1032 1238 1352 877 956 1218 1031 1141 1040 1040 1322 906 1154 1085 1149 1239 1029 1308
1131 1280 1105 1013 1021 1089 1236 1131 1073 1269 1029 1235 1330 1189 1245 1107 1199 1285 1019 1030 1018 997 1339 1130 1228 1123 1207 1184 1185 1218 1137 1194
1105 1202 1088 1240 1196 1263 1172 1234 1125 969 1078 959 1206 1283 998 1229 1214 1247 1215 1102 1273 1265 1090 904 1169 1214 1071 1340 1238 1244 1143 1142
1141 1125 1032 1149 1294 1081 1339 1134 1180 1164 1161 1231 1038 1030 1061 1162 1086 1210 1004 1194 1196 1090 1044 1124 971 1263 1139 1204 1213 1018 1242 1094
1186 1117 1121 1165 1366 987 1018 1096 1375 1250 1196 1075 1183 1091 1276 1329 1104 1056 964 1274 1174 927 1147 1116 1073 1226 1200 1122 1023 1261 1138 1088
1281 1201 1163 1185 916 1226 1008 1193 1220 1024 1288 1148 1215 1136 1047 1246 1179 1159 1088 1207 1415 1258 1137 1435 1147 1244 1182 1169 1018 1219 1164 1151
1038 1086 1010 1090 1248 1227 1155 944 1040 1154 973 1052 1144 963 1270 1167 1000 1201 991 1346 1214 1168 1342 1159 1275 1342 1187 1068 1072 1222 1274 1151
1178 1201 1168 1096 1033 1136 1204 1248 1286 1193 1326 1048 1044 968 1013 1178 1128 954 1153 1092 1125 1182 1031 1002 1160 1011 1229 1093 1106 1161 1205 1226
1300 1284 1322 1116 1072 955 1189 1244 1177 1177 1138 1153 1098 1173 999 1141 1339 896 953 1225 1056 1148 1051 1035 1317 889 1165 1106 1134 1194 1062 1315
1162 1297 1116 996 1056 1044 1237 1132 1080 1286 1048 1184 1321 1190 1284 1098 1188 1252 1032 1017 985 996 1290 1095 1187 1074 1182 1165 1152 1163 1104 1173
1140 1219 1137 1243 1155 1236 1209 1233 1150 1006 1041 950 1201 1270 959 1170 1187 1254 1224 1107 1216 1202 1095 935 1142 1249 1094 1299 1269 1189 1180 1167
1220 1122 1005 1110 1249 1118 1324 1137 1195 1147 1166 1186 1071 1077 1056 1201 1055 1191 1023 1197 1199 1055 1031 1117 954 1214 1122 1125 1194 1043 1197 1099
1207 1128 1076 1134 1371 998 1039 1067 1328 1261 1207 1056 1198 1130 1253 1296 1077 1087 971 1239 1171 966 1110 1135 1094 1179 1175 1099 1070 1216 1169 1115
1252 1186 1160 1186 857 1151 963 1170 1173 1011 1235 1099 1174 1139 1042 1237 1188 1164 1077 1202 1374 1245 1140 1420 1116 1259 1207 1140 1021 1218 1189 1148
1129 1147 993 1107 1187 1228 1166 925 1031 1219 990 1003 1137 932 1245 1160 1043 1140 996 1285 1219 1161 1247 1168 1264 1305 1182 1061 1037 1169 1241 1102
1143 1208 1149 1111 1064 1123 1163 1259 1291 1198 1317 1039 1053 975 1004 1159 1167 937 1106 1103 1156 1191 1036 1019 1195 1048 1204 1096 1113 1146 1208 1203
1257 1271 1293 1131 1043 918 1158 1221 1160 1174 1135 1200 1073 1258 1020 1118 1310 933 972 1202 1077 1125 1064 1064 1302 898 1156 1101 1133 1183 1059 1342
1169 1256 1105 933 1047 1033 1228 1111 1113 1299 1063 1183 1350 1175 1289 1155 1175 1227 1031 992 976 1019 1305 1130 1200 1063 1163 1132 1117 1196 1073 1176
1197 1234 1126 1238 1114 1235 1212 1200 1143 1053 1042 941 1230 1253 948 1171 1156 1211 1177 1082 1155 1197 1104 968 1129 1220 1107 1322 1278 1192 1153 1176
1181 1125 1016 1125 1274 1125 1301 1150 1160 1140 1159 1181 1074 1068 1031 1230 1038 1164 1016 1202 1134 1088 1006 1128 963 1193 1135 1138 1191 1052 1206 1082
1176 1151 1115 1151 1364 1021 1052 1066 1339 1242 1186 1039 1195 1111 1228 1293 1048 1084 994 1196 1218 1017 1103 1140 1039 1148 1156 1106 1073 1229 1198 1134
1207 1147 1133 1211 894 1174 1000 1147 1196 980 1218 1072 1197 1168 1035 1236 1201 1159 1032 1235 1349 1230 1139 1433 1157 1234 1264 1137 1068 1201 1216 1163
1178 1162 930 1138 1188 1263 1145 918 1012 1180 1005 1026 1170 935 1250 1157 1068 1145 1029 1258 1238 1170 1264 1159 1291 1326 1179 1014 1028 1190 1208 1085
1145 1174 1203 1095 1098 1129 1185 1275 1281 1162 1327 1045 1059 967 1024 1155 1095 925 1100 1141 1176 1183 1038 1039 1217 1046 1186 1134 1117 1186 1224 1177
1265 1263 1267 1115 1051 888 1170 1233 1160 1204 1187 1202 1131 1260 1058 1174 1300 937 966 1166 1063 1169 1070 1094 1306 894 1174 1089 1141 1181 1071 1342
1197 1250 1083 917 1029 1031 1260 1139 1151 1307 1051 1167 1368 1207 1277 1163 1203 1249 1015 982 930 1061 1335 1150 1166 1075 1159 1116 1133 1200 1063 1132
1193 1228 1116 1242 1170 1221 1196 1172 1191 1047 1062 955 1246 1265 966 1181 1154 1219 1137 1080 1173 1191 1070 940 1147 1230 1077 1328 1256 1240 1185 1186
1159 1097 970 1149 1260 1119 1347 1150 1154 1136 1169 1193 1114 1032 1019 1194 1060 1172 978 1206 1132 1088 1014 1148 987 1213 1155 1194 1167 1048 1158 1084
1144 1197 1137 1169 1362 1021 1026 1072 1375 1238 1184 1083 1205 1067 1182 1325 1040 1074 914 1184 1194 1005 1111 1092 1001 1102 1214 1152 1055 1279 1212 1138
1229 1207 1153 1217 866 1208 998 1143 1220 964 1220 1088 1207 1180 1031 1226 1175 1187 1038 1235 1393 1184 1191 1453 1183 1228 1254 1201 1112 1255 1216 1137
1176 1162 900 1164 1214 1241 1147 904 946 1160 1015 1030 1156 887 1230 1157 1090 1197 1055 1288 1238 1194 1280 1165 1311 1340 1175 1006 1072 1230 1218 1105
1150 1169 1252 1086 1095 1146 1174 1258 1306 1183 1348 966 1108 958 975 1170 1060 878 1141 1160 1167 1234 1043 1038 1172 1013 1183 1209 1144 1165 1227 1190
1314 1314 1290 1144 1036 913 1169 1186 1145 1207 1208 1173 1200 1289 1081 1171 1319 894 957 1189 1020 1154 1009 1135 1341 899 1201 1068 1144 1186 1020 1297
1182 1239 1082 972 996 1008 1259 1108 1170 1346 1088 1176 1353 1182 1260 1174 1200 1266 1010 1063 969 1066 1386 1171 1191 1106 1166 1149 1178 1199 1156 1153
1154 1227 1099 1257 1207 1220 1177 1221 1208 1010 1061 986 1201 1232 959 1250 1195 1226 1098 1101 1218 1210 1083 951 1138 1235 1078 1313 1303 1221 1232 1237
1098 1066 929 1166 1239 1112 1410 1129 1177 1149 1188 1212 1079 983 1038 1135 1067 1167 945 1185 1119 1125 1033 1129 996 1238 1162 1249 1180 1033 1153 1053
1157 1194 1170 1192 1379 1014 969 1071 1370 1219 1173 1136 1222 1060 1201 1346 1059 1053 847 1157 1133 1034 1106 1105 1000 1135 1229 1139 1058 1302 1191 1137
1208 1212 1158 1180 863 1197 1011 1170 1203 983 1243 1167 1222 1189 1016 1229 1158 1164 1067 1206 1410 1203 1174 1436 1198 1241 1227 1248 1103 1210 1215 1150
1173 1159 957 1183 1255 1196 1188 907 915 1193 986 1029 1171 866 1223 1182 1039 1250 1078 1343 1223 1199 1305 1142 1334 1327 1174 949 1147 1227 1255 1146
1139 1226 1237 1079 1002 1119 1165 1237 1313 1206 1409 939 1099 943 966 1199 1051 897 1150 1159 1132 1249 992 1007 1201 988 1240 1220 1127 1184 1218 1171
1333 1333 1349 1079 993 926 1186 1191 1130 1178 1193 1152 1183 1268 1040 1184 1348 879 950 1222 1047 1149 994 1158 1338 878 1152 1059 1167 1231 955 1262
1107 1286 1093 1001 997 929 1260 1099 1171 1297 1119 1179 1388 1137 1241 1113 1175 1315 1041 1058 994 1095 1369 1190 1214 1141 1215 1174 1285 1172 1203 1160
1135 1212 1094 1250 1230 1257 1158 1280 1205 971 1012 1035 1202 1191 968 1271 1266 1259 1187 1112 1271 1215 1064 944 1159 1206 1065 1338 1302 1228 1251 1220
1099 1087 948 1145 1218 1133 1463 1130 1170 1166 1191 1229 1026 1008 1055 1124 1060 1172 940 1174 1160 1154 1044 1146 1007 1269 1189 1290 1175 1044 1190 1046
1184 1141 1151 1183 1374 1019 926 1046 1391 1248 1168 1109 1231 1057 1202 1337 1092 1054 894 1180 1048 1039 1169 1116 977 1156 1242 1134 1059 1277 1182 1098
1267 1193 1157 1147 832 1194 1030 1149 1180 1058 1286 1190 1271 1196 1013 1238 1133 1151 1112 1247 1439 1256 1105 1439 1159 1270 1188 1237 1084 1163 1214 1171
1124 1146 1034 1188 1290 1189 1209 944 914 1180 969 1016 1166 895 1246 1205 1000 1215 991 1346 1210 1154 1306 1147 1301 1336 1171 928 1162 1192 1282 1155
1147 1250 1195 1091 1028 1111 1159 1241 1291 1228 1353 1049 1105 1041 1064 1157 1085 1017 1154 1131 1096 1175 986 1027 1289 1042 1270 1196 1079 1196 1154 1155
1237 1279 1319 985 1059 1006 1222 1135 1146 1144 1161 1084 1143 1210 1028 1206 1318 981 968 1204 1063 1179 1080 1142 1294 978 1148 1055 1175 1265 1013 1242
1169 1268 1141 1011 1003 1015 1208 1131 1167 1231 1127 1173 1306 1183 1211 1107 1129 1265 1103 1138 1066 1097 1353 1156 1214 1217 1215 1238 1265 1208 1177 1200
1155 1222 1096 1166 1238 1281 1156 1236 1225 1011 1026 1035 1212 1217 1064 1241 1236 1235 1191 1062 1233 1201 1072 1030 1163 1220 1085 1310 1262 1232 1249 1220
1151 1109 1000 1149 1206 1137 1319 1128 1218 1178 1153 1225 1060 1066 1073 1154 1100 1176 1042 1214 1186 1162 1024 1164 1027 1285 1167 1214 1155 1072 1270 1078
1178 1125 1129 1167 1336 1069 1008 1062 1321 1208 1170 1129 1207 1087 1268 1261 1104 1132 1048 1234 1054 1047 1189 1136 1065 1174 1244 1156 1097 1259 1142 1056
1269 1199 1139 1213 956 1184 1134 1131 1160 1072 1276 1166 1255 1200 1081 1244 1105 1149 1092 1227 1345 1258 1143 1387 1121 1180 1196 1199 1104 1161 1106 1225
1112 1142 1098 1134 1276 1197 1203 996 1018 1226 1003 1046 1166 1033 1234 1171 1056 1187 1061 1320 1182 1172 1276 1159 1263 1332 1211 1002 1104 1206 1250 1167
1091 1268 1201 1111 1068 1185 1171 1141 1251 1228 1371 1063 1063 1073 1072 1095 1073 1065 1154 1193 1152 1131 1040 1041 1161 1088 1214 1208 1053 1210 1262 1225
1307 1289 1353 1155 1091 1020 1182 1135 1146 1090 1211 1086 1049 1218 1032 1178 1356 947 1044 1224 1031 1085 1098 1086 1254 1028 1152 1167 1157 1285 1057 1308
1075 1248 1139 1033 983 1093 1228 1087 1201 1283 1095 1231 1322 1175 1229 1151 1247 1307 1105 1042 1094 1035 1319 1144 1182 1155 1235 1222 1173 1246 1161 1212
1143 1146 1112 1206 1236 1225 1180 1268 1021 1035 990 1013 1222 1289 1112 1219 1218 1219 1201 1048 1233 1229 1204 928 1115 1232 1111 1352 1250 1294 1075 1118
1127 1085 1090 1083 1276 1149 1279 1130 1204 1170 1151 1245 1102 1040 1117 1144 1036 1222 1066 1214 1124 1130 1082 1104 1039 1229 1151 1252 1189 1046 1260 1076
1220 1235 1139 1125 1280 1045 1066 1102 1361 1244 1222 1069 1153 1111 1268 1315 1098 1116 1092 1234 1164 977 1221 1158 1131 1198 1234 1146 1009 1243 1126 1112
1249 1165 1129 1133 1024 1204 1118 1115 1226 1098 1248 1214 1277 1180 1033 1180 1157 1227 1102 1201 1405 1246 1135 1347 1227 1240 1192 1247 1070 1247 1144 1209
1092 1116 1066 1142 1294 1197 1193 982 1010 1182 989 1156 1166 991 1222 1179 1068 1273 1025 1296 1188 1182 1316 1245 1255 1300 1077 1070 1108 1256 1258 1183
1130 1283 1224 1080 1029 1116 1248 1234 1334 1227 1420 1026 998 998 1013 1054 1084 1014 1173 1138 1111 1208 1001 998 1210 977 1275 1187 1082 1231 1217 1226
1314 1298 1358 1148 1080 967 1217 1198 1167 1117 1176 1121 1086 1209 1027 1227 1389 910 999 1233 1024 1130 1035 1019 1315 999 1163 1084 1134 1282 988 1339
1176 1267 1080 1028 990 1078 1229 1130 1132 1318 1034 1262 1359 1216 1276 1130 1238 1296 1110 979 997 972 1362 1113 1221 1138 1200 1201 1196 1285 1130 1231
1106 1143 1075 1237 1191 1262 1173 1279 1088 974 1065 948 1269 1342 1055 1254 1209 1242 1242 1079 1274 1248 1115 881 1146 1219 1038 1363 1271 1279 1114 1133
1172 1126 993 1090 1291 1110 1362 1175 1221 1215 1180 1258 1045 1023 1042 1163 1059 1235 1055 1223 1193 1087 1083 1123 972 1246 1146 1223 1226 1005 1257 1081
1205 1228 1138 1124 1335 996 1037 1103 1416 1247 1215 1102 1196 1110 1291 1356 1089 1061 979 1263 1195 890 1186 1143 1128 1211 1225 1151 1006 1248 1147 1117
1306 1232 1142 1194 947 1225 1005 1180 1249 1041 1273 1193 1240 1129 1042 1195 1194 1224 1061 1184 1468 1251 1160 1436 1198 1233 1145 1256 1001 1256 1119 1194
1045 1099 993 1097 1253 1272 1224 967 977 1189 964 1079 1161 936 1251 1180 1005 1262 1004 1341 1219 1209 1331 1178 1290 1347 1130 1111 1051 1225 1269 1194
1175 1232 1209 1119 1056 1107 1201 1247 1323 1212 1381 1053 1005 1009 1050 1093 1095 961 1212 1141 1126 1189 970 1001 1163 978 1268 1146 1093 1200 1232 1231
1285 1311 1317 1157 1097 978 1222 1219 1182 1126 1137 1134 1085 1216 1006 1164 1350 913 1004 1218 1055 1129 1012 1048 1316 958 1130 1075 1105 1255 979 1346
1183 1274 1079 1043 1037 1061 1252 1105 1103 1335 1041 1207 1354 1213 1279 1147 1231 1269 1063 998 982 1005 1315 1118 1228 1091 1215 1202 1199 1252 1125 1206
1095 1196 1094 1242 1138 1269 1208 1250 1105 1021 1120 993 1260 1297 1038 1201 1226 1219 1273 1082 1257 1267 1094 884 1129 1202 1047 1328 1308 1238 1135 1172
1189 1137 976 1077 1274 1095 1327 1148 1184 1190 1199 1241 1038 1080 1023 1172 1054 1192 1060 1216 1182 1114 1096 1102 987 1239 1147 1176 1233 1044 1242 1106
1226 1199 1121 1133 1348 977 1076 1066 1357 1258 1232 1065 1219 1069 1304 1347 1116 1034 954 1288 1180 913 1169 1122 1135 1192 1210 1078 1067 1233 1134 1106
1289 1221 1147 1199 904 1196 940 1173 1214 1034 1246 1166 1213 1120 1039 1236 1193 1219 1126 1167 1425 1266 1153 1401 1155 1238 1204 1225 1036 1243 1124 1165
1088 1088 1010 1102 1224 1235 1215 988 984 1194 973 1054 1138 891 1232 1189 1004 1221 961 1302 1226 1212 1276 1149 1283 1332 1167 1072 1024 1188 1258 1121
1166 1201 1170 1100 1035 1094 1206 1288 1310 1211 1394 1084 1072 1006 1061 1080 1148 946 1157 1152 1145 1160 957 998 1170 1001 1263 1131 1108 1175 1229 1210
1278 1260 1292 1144 1120 955 1193 1234 1197 1163 1104 1157 1088 1151 995 1131 1349 908 1049 1217 1088 1122 1017 1057 1309 943 1101 1098 1100 1220 992 1347
1188 1245 1100 1024 1032 1032 1249 1106 1134 1286 1064 1194 1349 1172 1268 1184 1180 1242 1102 1013 969 1028 1318 1165 1225 1090 1182 1173 1176 1199 1094 1189
1116 1227 1121 1253 1135 1272 1187 1253 1114 1032 1121 988 1259 1294 977 1214 1199 1192 1218 1109 1244 1234 1091 899 1146 1199 1068 1319 1233 1231 1156 1165
1188 1142 995 1104 1257 1118 1304 1147 1165 1171 1152 1232 1043 1087 1030 1191 1047 1201 1031 1225 1187 1081 1059 1095 976 1256 1154 1167 1214 1049 1219 1093
1197 1192 1164 1116 1347 966 1083 1047 1362 1269 1221 1038 1192 1074 1279 1328 1119 1027 939 1241 1175 950 1182 1111 1134 1173 1175 1073 1070 1220 1133 1089
1286 1206 1132 1192 897 1163 985 1192 1217 1003 1237 1103 1226 1131 1050 1245 1210 1212 1123 1204 1372 1237 1140 1406 1134 1235 1225 1190 1061 1236 1137 1174
1153 1133 985 1103 1215 1224 1206 967 973 1193 956 1027 1157 900 1237 1162 1007 1186 964 1301 1223 1171 1269 1188 1284 1339 1202 1041 1005 1181 1229 1100
1144 1169 1204 1104 1033 1098 1174 1322 1278 1195 1364 1106 1096 986 1053 1062 1148 932 1167 1186 1155 1134 985 1002 1204 1011 1231 1143 1118 1161 1251 1182
1256 1236 1294 1122 1102 913 1175 1240 1185 1175 1124 1201 1114 1165 1039 1157 1337 922 1029 1229 1106 1132 1031 1123 1289 967 1125 1082 1124 1206 1046 1329
1204 1243 1104 996 1038 1040 1243 1128 1164 1268 1064 1172 1341 1164 1266 1162 1172 1248 1060 991 943 1060 1310 1175 1155 1082 1162 1175 1160 1185 1106 1181
1160 1243 1139 1225 1133 1216 1189 1233 1172 1058 1137 990 1273 1254 951 1176 1191 1220 1156 1105 1200 1204 1079 949 1170 1221 1078 1311 1247 1255 1174 1155
1170 1128 983 1132 1195 1136 1344 1153 1153 1161 1142 1192 1039 1075 1042 1195 1049 1161 1037 1249 1157 1117 1053 1111 986 1242 1152 1197 1188 1041 1179 1093
1189 1192 1134 1122 1347 926 1073 1057 1374 1229 1195 1054 1190 1078 1235 1302 1109 1065 939 1175 1173 998 1166 1091 1066 1157 1179 1089 1064 1244 1173 1125
1256 1186 1146 1164 893 1173 985 1170 1175 987 1233 1097 1170 1137 1046 1227 1198 1192 1123 1244 1356 1225 1138 1418 1134 1223 1229 1208 1077 1234 1139 1150
1189 1155 931 1141 1223 1198 1202 1003 967 1193 1004 1017 1167 892 1225 1152 1023 1206 984 1279 1191 1177 1285 1192 1236 1357 1198 1033 1033 1203 1207 1106
1167 1186 1239 1053 1074 1143 1169 1281 1285 1210 1393 1025 1121 921 1012 1155 1113 891 1114 1191 1156 1167 1030 1043 1223 1010 1178 1162 1113 1176 1222 1167
1267 1233 1313 1127 1103 904 1172 1197 1170 1192 1143 1204 1105 1192 1078 1182 1338 945 1028 1186 1065 1151 1022 1126 1288 986 1126 1101 1109 1227 1073 1264
1195 1250 1099 1009 995 1047 1246 1159 1145 1247 1091 1187 1326 1159 1265 1151 1133 1263 1019 1022 952 1045 1331 1154 1166 1091 1167 1188 1207 1162 1121 1154
1161 1236 1134 1216 1180 1215 1174 1252 1177 1043 1104 1001 1238 1229 952 1193 1200 1255 1089 1118 1255 1223 1056 994 1137 1200 1093 1322 1282 1224 1167 1188
1123 1125 962 1141 1172 1127 1391 1138 1142 1172 1137 1229 998 1028 1037 1172 1074 1156 1014 1210 1124 1136 1066 1102 979 1231 1155 1224 1177 1022 1178 1038
1170 1161 1167 1125 1320 957 1040 1082 1371 1224 1172 1117 1183 1087 1236 1299 1080 1050 930 1130 1156 1019 1159 1114 1003 1150 1172 1100 1079 1257 1194 1152
1265 1169 1139 1157 864 1166 1004 1177 1198 968 1232 1130 1215 1168 1049 1232 1163 1147 1096 1237 1395 1220 1123 1413 1147 1236 1244 1207 1068 1197 1192 1171
1184 1162 912 1170 1240 1151 1179 926 982 1168 1003 1016 1184 897 1238 1127 1040 1189 1009 1314 1220 1170 1288 1179 1223 1298 1195 976 1036 1204 1246 1133
1157 1254 1219 1039 1058 1157 1151 1247 1305 1166 1415 961 1105 881 1006 1201 1085 905 1110 1111 1162 1209 994 1037 1227 1018 1212 1212 1101 1188 1174 1145
1325 1265 1357 1073 1043 926 1184 1185 1124 1180 1165 1200 1111 1208 1080 1172 1340 895 980 1200 1063 1121 1002 1192 1306 962 1114 1085 1131 1275 1073 1188
1149 1274 1099 1045 977 983 1264 1155 1103 1281 1085 1201 1360 1105 1261 1089 1137 1277 995 1074 998 1069 1351 1156 1200 1103 1221 1194 1265 1174 1171 1160
1139 1220 1100 1250 1216 1243 1154 1254 1159 1025 1024 1021 1174 1203 950 1283 1258 1195 1155 1126 1265 1239 1068 972 1121 1200 1077 1318 1300 1240 1181 1200
1063 1147 994 1163 1222 1113 1401 1122 1144 1168 1159 1241 970 1030 1043 1148 1070 1186 980 1158 1122 1144 1084 1110 1001 1275 1169 1272 1139 1002 1204 1046
1164 1175 1177 1151 1342 983 988 1072 1391 1234 1154 1123 1171 1097 1220 1311 1092 1062 960 1170 1144 989 1193 1162 955 1158 1188 1114 1069 1191 1190 1126
1283 1203 1161 1137 854 1182 1014 1173 1214 1018 1290 1140 1291 1164 1017 1246 1141 1163 1136 1267 1431 1286 1093 1385 1159 1284 1220 1205 1038 1157 1210 1193
1138 1184 970 1152 1286 1163 1189 906 986 1142 975 1018 1150 881 1294 1141 1030 1151 995 1350 1184 1140 1306 1141 1197 1262 1193 954 1056 1204 1320 1133
1166 1243 1202 1108 1095 1148 1158 1252 1278 1191 1358 1066 1102 1004 1087 1202 1114 996 1123 1082 1129 1188 971 1058 1280 1029 1253 1189 1070 1201 1173 1122
1252 1258 1336 1024 1090 1009 1203 1160 1113 1135 1186 1101 1138 1195 1045 1199 1325 972 991 1209 1098 1158 1067 1153 1247 1005 1105 1064 1144 1276 1086 1235
1182 1283 1130 1062 988 1042 1237 1152 1108 1250 1118 1192 1307 1154 1192 1098 1138 1274 1056 1131 1071 1098 1332 1139 1217 1188 1230 1197 1232 1221 1202 1199
1166 1233 1089 1167 1227 1300 1133 1231 1164 1028 1023 1030 1205 1208 1041 1266 1225 1194 1196 1101 1240 1218 1071 1043 1118 1201 1070 1321 1265 1257 1224 1219
1150 1132 1047 1144 1237 1116 1304 1125 1231 1163 1190 1240 999 1087 1034 1169 1105 1201 1035 1185 1189 1113 1061 1107 1030 1276 1180 1209 1092 1065 1267 1083
1177 1142 1148 1184 1301 1010 1051 1045 1318 1225 1177 1108 1176 1090 1267 1270 1109 1131 1077 1233 1083 1038 1164 1173 1058 1169 1213 1155 1116 1222 1155 1075
1284 1190 1138 1198 961 1181 1091 1154 1185 1073 1275 1179 1272 1211 1058 1227 1112 1136 1117 1204 1344 1279 1152 1362 1150 1197 1201 1160 1087 1178 1137 1248
1105 1149 1087 1099 1281 1188 1196 959 1041 1189 986 1057 1173 1002 1235 1186 1055 1160 1054 1335 1175 1169 1305 1164 1212 1283 1182 1001 1071 1215 1289 1146
1079 1280 1199 1111 1066 1159 1197 1167 1279 1244 1353 1081 1039 1111 1080 1075 1049 1083 1168 1237 1172 1135 1036 1017 1157 1090 1258 1210 1047 1208 1296 1209
1327 1301 1359 1167 1105 1068 1190 1119 1160 1084 1213 1084 1057 1282 1012 1168 1344 975 1044 1240 1005 1103 1086 1080 1282 1042 1188 1159 1179 1243 1017 1322
1069 1256 1095 1033 1001 1099 1208 1057 1227 1289 1115 1209 1344 1185 1259 1165 1251 1309 1103 1048 1110 1047 1311 1132 1216 1173 1259 1214 1191 1256 1155 1236
1137 1132 1084 1190 1252 1235 1198 1254 1031 1047 968 1013 1212 1315 1142 1207 1216 1235 1221 1008 1245 1235 1188 922 1119 1240 1093 1346 1272 1262 1093 1158
1163 1051 1084 1067 1266 1155 1297 1114 1210 1144 1187 1239 1104 1028 1085 1180 1000 1210 1072 1228 1144 1170 1064 1118 1055 1243 1183 1228 1205 1086 1250 1078
1262 1243 1137 1149 1280 1073 1068 1112 1347 1274 1224 1083 1211 1091 1262 1333 1092 1144 1098 1252 1144 993 1245 1124 1129 1224 1258 1166 1023 1281 1118 1124
1263 1157 1151 1153 1034 1226 1122 1103 1252 1122 1250 1198 1263 1166 1019 1174 1133 1215 1112 1205 1409 1260 1165 1319 1253 1192 1200 1251 1078 1239 1128 1193
1102 1096 1080 1190 1296 1207 1181 1008 994 1212 1007 1164 1164 987 1206 1215 1086 1265 1063 1296 1198 1206 1312 1259 1265 1312 1095 1072 1144 1266 1266 1179
1104 1321 1228 1078 1023 1106 1282 1214 1344 1249 1424 1030 994 1058 1011 990 1060 1006 1177 1218 1127 1200 1001 1014 1242 1027 1281 1161 1056 1209 1295 1230
1336 1330 1374 1144 1040 1017 1181 1162 1171 1081 1240 1113 1068 1291 1011 1205 1381 948 999 1235 988 1126 1091 1019 1325 1027 1221 1092 1158 1276 950 1357
1144 1311 1030 974 994 1090 1255 1092 1222 1354 1044 1228 1415 1230 1296 1154 1238 1340 1098 983 1029 990 1404 1091 1229 1174 1236 1227 1214 1295 1138 1219
1092 1135 1061 1221 1217 1254 1231 1271 1082 958 1033 920 1247 1384 1139 1240 1215 1252 1218 985 1244 1262 1093 861 1118 1247 1008 1385 1339 1283 1108 1159
1196 1088 1005 1086 1257 1122 1366 1137 1187 1215 1184 1220 1061 985 1034 1209 1041 1205 1041 1221 1199 1171 1081 1125 984 1268 1170 1219 1230 1063 1279 1083
1237 1220 1104 1170 1349 1068 989 1115 1440 1295 1223 1132 1202 1074 1279 1370 1061 1093 1019 1263 1159 924 1208 1115 1124 1213 1273 1191 976 1280 1079 1127
1292 1218 1160 1214 967 1233 1039 1130 1261 1071 1275 1187 1246 1129 1018 1239 1172 1222 1049 1208 1486 1283 1178 1436 1280 1193 1177 1276 1039 1270 1067 1208
1063 1071 989 1125 1297 1288 1222 975 957 1219 996 1113 1149 960 1211 1230 1037 1314 1042 1325 1273 1209 1351 1214 1302 1367 1164 1117 1107 1239 1271 1208
1115 1282 1239 1053 1030 1081 1249 1221 1365 1268 1393 1013 985 1039 1004 1041 1067 989 1178 1181 1126 1219 962 997 1209 1010 1272 1114 1061 1224 1260 1249
1339 1335 1357 1153 1035 964 1214 1183 1202 1106 1235 1106 1073 1270 1026 1176 1370 931 1002 1240 999 1121 1064 1054 1352 998 1206 1041 1137 1245 947 1368
1139 1312 1047 1011 999 1077 1248 1101 1197 1383 1029 1211 1404 1221 1303 1163 1223 1323 1093 1004 1048 1015 1347 1100 1254 1143 1225 1238 1245 1244 1135 1224
1079 1150 1086 1248 1216 1267 1236 1252 1089 975 1052 951 1264 1355 1126 1237 1234 1267 1237 996 1249 1269 1062 858 1103 1234 987 1354 1354 1280 1135 1158
1159 1135 994 1061 1294 1129 1375 1138 1184 1212 1219 1219 1064 1012 1017 1216 1054 1240 1034 1230 1210 1160 1098 1102 1005 1261 1145 1198 1275 1078 1260 1066
1242 1221 1135 1179 1372 1035 994 1108 1381 1294 1246 1127 1185 1057 1294 1381 1066 1062 980 1286 1140 925 1157 1110 1119 1210 1256 1154 1015 1249 1088 1098
1267 1227 1139 1199 926 1202 998 1113 1244 1070 1242 1192 1231 1124 985 1198 1203 1233 1116 1199 1471 1306 1165 1415 1219 1204 1162 1249 1014 1269 1070 1179
1078 1088 976 1126 1256 1277 1241 968 930 1242 999 1106 1122 893 1198 1243 1020 1283 1021 1330 1236 1228 1306 1181 1305 1374 1163 1096 1080 1238 1272 1169
1122 1261 1246 1074 1023 1068 1236 1248 1330 1259 1428 1068 1016 1034 1045 1044 1090 998 1205 1154 1137 1176 917 990 1220 1011 1287 1159 1054 1205 1225 1216
1370 1296 1388 1162 1104 989 1219 1188 1187 1109 1184 1091 1094 1207 997 1163 1403 948 1013 1285 1044 1106 1071 1065 1319 1003 1153 1050 1128 1256 958 1345
1172 1315 1072 1040 944 1068 1239 1146 1182 1364 1042 1200 1417 1208 1272 1178 1194 1314 1112 1023 1061 1018 1356 1139 1241 1112 1242 1225 1226 1245 1142 1211
1062 1149 1097 1237 1197 1286 1217 1261 1088 992 1075 976 1253 1328 1095 1270 1249 1250 1232 1013 1248 1264 1071 817 1132 1203 1012 1391 1313 1303 1150 1149
1160 1144 987 1050 1269 1126 1350 1149 1189 1205 1198 1236 1073 1053 1006 1219 1041 1215 1063 1239 1219 1133 1105 1085 1022 1270 1184 1181 1272 1097 1247 1051
1239 1196 1156 1150 1359 984 1015 1095 1392 1303 1281 1102 1204 1084 1319 1384 1089 1063 969 1293 1153 918 1164 1125 1144 1231 1231 1117 1020 1240 1087 1087
1276 1220 1146 1216 951 1197 1003 1124 1243 1045 1259 1187 1234 1149 990 1237 1184 1202 1143 1196 1454 1283 1136 1438 1172 1215 1149 1240 1027 1264 1089 1188
1081 1093 995 1105 1293 1262 1258 991 921 1235 988 1097 1137 878 1211 1222 1009 1284 1018 1367 1213 1215 1353 1154 1308 1369 1158 1101 1045 1211 1313 1160
1131 1222 1255 1117 1024 1057 1209 1263 1353 1226 1429 1081 1051 1027 1068 1035 1107 983 1212 1173 1110 1163 920 969 1205 1022 1260 1182 1079 1188 1230 1185
1361 1227 1375 1143 1147 968 1226 1199 1162 1126 1165 1118 1107 1176 986 1158 1378 959 1042 1326 1067 1091 1090 1078 1298 1012 1148 1055 1129 1243 985 1330
1179 1304 1095 1037 949 1059 1238 1167 1171 1311 1049 1213 1404 1159 1247 1159 1161 1301 1099 1000 1036 1005 1361 1136 1202 1111 1251 1218 1211 1184 1103 1234
1103 1188 1078 1218 1200 1255 1166 1292 1119 1025 1080 971 1252 1295 1068 1253 1248 1221 1211 1024 1243 1231 1082 848 1157 1246 1029 1404 1298 1288 1143 1160
1163 1109 1004 1045 1256 1137 1355 1152 1184 1222 1179 1221 1052 1096 1021 1224 1072 1186 1092 1268 1212 1146 1128 1090 993 1275 1177 1172 1261 1094 1230 1078
1252 1175 1153 1121 1366 947 1062 1084 1409 1262 1258 1087 1197 1077 1304 1347 1120 1092 982 1234 1184 927 1189 1132 1137 1202 1226 1120 1043 1239 1112 1082
1239 1227 1147 1191 952 1150 982 1139 1214 1034 1272 1158 1231 1166 999 1212 1201 1191 1140 1209 1421 1278 1115 1419 1173 1242 1144 1207 1020 1227 1086 1217
1122 1078 974 1104 1292 1261 1217 1012 938 1226 1003 1072 1108 899 1226 1193 1016 1259 1037 1346 1192 1200 1370 1177 1263 1366 1135 1092 982 1214 1294 1165
1152 1213 1228 1134 1033 1082 1192 1256 1336 1211 1368 1058 1078 980 1067 1076 1110 988 1179 1148 1117 1148 975 970 1228 1003 1229 1219 1098 1189 1197 1186
1320 1204 1378 1150 1180 971 1237 1190 1159 1105 1166 1179 1090 1185 1037 1181 1355 966 1015 1247 1056 1112 1105 1051 1287 999 1147 1106 1136 1276 1038 1307
1178 1291 1102 1040 968 1072 1251 1160 1156 1260 1050 1238 1395 1112 1286 1150 1132 1300 1082 995 995 988 1372 1125 1185 1110 1224 1253 1216 1203 1070 1221
1116 1197 1095 1217 1199 1236 1177 1271 1108 1036 1043 978 1235 1252 1033 1248 1239 1222 1136 1083 1272 1238 1113 899 1176 1225 1046 1399 1291 1305 1108 1155
1156 1134 999 1058 1245 1128 1346 1093 1175 1219 1144 1236 1039 1115 1026 1193 1063 1165 1133 1223 1193 1175 1107 1095 982 1274 1134 1167 1248 1053 1229 1091
1209 1156 1190 1098 1307 950 1093 1113 1400 1243 1231 1100 1182 1086 1275 1316 1109 1063 969 1201 1219 930 1208 1145 1070 1187 1209 1121 1042 1256 1161 1095
1272 1182 1138 1174 991 1137 1001 1174 1203 985 1277 1155 1270 1183 1028 1223 1206 1210 1127 1220 1420 1223 1060 1432 1166 1253 1165 1222 987 1194 1093 1234
1149 1125 945 1129 1293 1246 1196 969 965 1241 1026 1063 1105 924 1279 1132 1007 1210 1040 1347 1195 1167 1359 1170 1212 1313 1154 1117 993 1213 1285 1184
1147 1260 1223 1091 1026 1115 1183 1235 1333 1198 1405 1037 1045 947 1072 1125 1097 955 1132 1129 1110 1207 962 997 1239 1024 1214 1218 1077 1198 1180 1181
1315 1229 1365 1145 1119 960 1224 1157 1142 1086 1175 1170 1109 1228 1014 1194 1346 939 1000 1256 1035 1107 1102 1070 1284 996 1166 1109 1147 1289 1059 1268
1163 1264 1091 1025 957 1037 1260 1175 1139 1267 1033 1245 1360 1151 1295 1151 1141 1293 1093 1014 1018 973 1389 1114 1206 1121 1233 1232 1251 1230 1095 1216
1119 1216 1070 1206 1194 1247 1170 1274 1075 1033 990 981 1228 1281 1036 1289 1266 1209 1135 1090 1249 1235 1132 908 1187 1252 1071 1354 1300 1296 1123 1166
1141 1127 1016 1099 1288 1139 1375 1104 1164 1266 1149 1255 1008 1122 981 1160 1030 1216 1084 1178 1198 1156 1112 1076 895 1275 1175 1196 1187 1022 1250 1078
1176 1215 1143 1111 1298 977 1084 1082 1423 1260 1206 1085 1165 1101 1234 1355 1094 1060 1000 1232 1206 917 1177 1134 1031 1154 1200 1166 1035 1231 1186 1072
1319 1209 1147 1195 944 1158 996 1177 1248 996 1262 1142 1297 1206 1007 1268 1197 1213 1104 1223 1453 1218 1095 1395 1195 1248 1194 1211 980 1213 1138 1259
1134 1138 966 1112 1282 1201 1179 940 956 1196 997 1064 1136 905 1294 1151 1050 1205 1015 1344 1190 1204 1356 1169 1181 1276 1149 1078 1014 1214 1298 1173
1135 1244 1205 1117 1080 1091 1183 1261 1305 1228 1365 1117 1053 1047 1124 1121 1131 1013 1134 1093 1130 1177 938 1043 1277 1054 1262 1196 1073 1216 1170 1153
1265 1259 1337 1087 1139 1012 1224 1157 1132 1096 1187 1102 1149 1252 1034 1200 1342 993 1018 1230 1089 1143 1104 1082 1234 1030 1142 1063 1135 1271 1089 1286
1195 1264 1127 1065 983 1117 1218 1175 1121 1275 1051 1233 1306 1187 1221 1121 1195 1269 1075 1088 1074 1023 1343 1110 1218 1169 1245 1204 1221 1236 1147 1224
1151 1212 1086 1132 1190 1297 1180 1236 1135 1087 1048 1041 1206 1251 1080 1295 1244 1211 1193 1056 1197 1223 1054 998 1169 1238 1041 1320 1292 1266 1193 1204
1177 1127 1050 1111 1304 1157 1309 1110 1252 1206 1153 1247 1006 1118 1009 1176 1068 1212 1090 1176 1222 1120 1134 1080 989 1265 1179 1204 1147 1088 1294 1106
1214 1187 1093 1163 1290 999 1092 1038 1355 1240 1178 1107 1169 1081 1264 1317 1110 1092 1058 1266 1126 1011 1159 1140 1097 1176 1196 1158 1093 1227 1146 1082
1283 1235 1149 1241 1026 1176 1028 1149 1204 1060 1280 1158 1275 1212 1087 1242 1117 1167 1130 1185 1359 1256 1179 1369 1151 1208 1188 1193 1044 1211 1088 1247
1112 1116 1030 1076 1264 1199 1179 980 1020 1206 1029 1078 1154 991 1228 1177 1074 1219 1041 1314 1182 1206 1322 1165 1243 1284 1169 1086 1046 1190 1304 1187
1083 1242 1195 1151 1114 1165 1215 1197 1223 1234 1327 1085 1095 1133 1044 1141 1057 1091 1174 1241 1152 1111 1102 1063 1109 1100 1262 1228 1049 1206 1250 1223
1263 1261 1317 1147 1129 1128 1190 1113 1128 1164 1199 1090 1061 1258 1052 1190 1314 999 1046 1210 1035 1139 1132 1128 1246 1076 1184 1153 1149 1213 1079 1286
1055 1232 1133 1063 1033 1133 1176 1011 1223 1255 1151 1221 1258 1199 1197 1173 1225 1257 1101 1094 1128 1053 1301 1136 1232 1181 1227 1196 1201 1236 1121 1234
1145 1150 1080 1122 1232 1229 1160 1242 1103 1071 1040 1093 1172 1249 1182 1203 1256 1211 1207 1014 1239 1223 1202 1006 1135 1200 1103 1292 1256 1264 1155 1200
1145 1079 1108 1077 1236 1189 1277 1134 1152 1178 1223 1229 1122 1026 1121 1202 1042 1208 1078 1190 1156 1210 1106 1148 1073 1257 1211 1216 1153 1136 1226 1062
1278 1181 1123 1171 1270 1109 1064 1126 1273 1248 1202 1099 1169 1055 1262 1303 1114 1174 1106 1218 1112 1083 1221 1104 1105 1206 1260 1168 1061 1271 1146 1140
1255 1135 1143 1175 1084 1206 1140 1111 1224 1136 1256 1194 1259 1178 1051 1104 1145 1207 1106 1179 1347 1258 1159 1271 1211 1184 1222 1239 1122 1189 1136 1207
1138 1106 1134 1176 1280 1175 1211 1038 1044 1188 1065 1122 1148 1059 1174 1239 1102 1237 1073 1290 1176 1200 1256 1265 1239 1282 1155 1062 1204 1236 1246 1205
1113 1278 1199 1109 1070 1125 1265 1215 1295 1246 1369 1059 1061 1117 992 1095 1061 1075 1188 1243 1118 1173 1102 1023 1179 1058 1270 1172 1045 1210 1266 1247
1271 1283 1349 1127 1097 1090 1156 1141 1134 1142 1205 1112 1075 1264 1052 1226 1336 1001 1014 1228 1041 1163 1138 1090 1266 1062 1190 1109 1171 1233 1017 1328
1097 1262 1067 985 1021 1087 1182 1031 1217 1291 1113 1211 1326 1229 1231 1191 1171 1289 1113 1058 1056 1037 1375 1120 1246 1177 1193 1210 1255 1248 1115 1234
1133 1158 1052 1134 1204 1253 1172 1250 1183 1033 1052 1019 1200 1283 1180 1207 1266 1277 1219 998 1271 1247 1144 1000 1157 1188 1031 1330 1288 1266 1149 1190
1147 1077 1034 1089 1224 1183 1337 1166 1124 1228 1217 1213 1126 998 1093 1204 1076 1190 1086 1196 1216 1242 1090 1192 1033 1267 1217 1184 1173 1102 1276 1088
1268 1149 1091 1173 1320 1127 1004 1122 1327 1278 1178 1135 1171 1045 1288 1315 1070 1134 1080 1234 1084 1035 1205 1094 1083 1190 1268 1182 1049 1281 1156 1132
1279 1177 1141 1221 1042 1196 1120 1107 1242 1084 1254 1158 1235 1136 1041 1100 1153 1211 1076 1215 1427 1264 1175 1387 1191 1158 1238 1243 1134 1189 1116 1225
1146 1084 1096 1162 1236 1233 1229 1020 1026 1220 1063 1076 1152 1061 1196 1227 1088 1237 1069 1294 1208 1190 1290 1207 1269 1360 1193 1068 1196 1218 1244 1201
1116 1285 1220 1072 1071 1118 1220 1208 1298 1243 1360 1040 1034 1092 1001 1110 1054 1056 1189 1230 1117 1178 1083 1030 1166 1061 1229 1135 1060 1213 1227 1262
1272 1274 1338 1112 1098 1079 1189 1138 1159 1151 1178 1119 1082 1283 1065 1221 1343 1002 1007 1237 1004 1142 1131 1089 1291 1061 1207 1100 1180 1202 1046 1327
1108 1269 1080 978 1038 1072 1183 1044 1190 1320 1088 1220 1329 1222 1244 1180 1186 1268 1090 1053 1069 1046 1360 1133 1259 1168 1200 1211 1268 1267 1116 1241
1124 1187 1061 1139 1195 1256 1197 1245 1172 1012 1051 1008 1197 1274 1175 1202 1249 1266 1208 981 1272 1268 1115 981 1146 1199 1044 1307 1321 1229 1150 1213
1152 1098 1029 1062 1211 1200 1360 1135 1105 1239 1192 1206 1115 983 1072 1209 1075 1179 1059 1197 1235 1235 1099 1195 1038 1254 1202 1171 1192 1111 1249 1065
1281 1176 1090 1182 1321 1132 999 1149 1322 1269 1203 1164 1172 1040 1291 1340 1059 1143 1057 1261 1097 1068 1190 1101 1082 1211 1257 1187 1058 1274 1157 1127
1262 1174 1136 1214 1011 1179 1133 1114 1243 1099 1239 1157 1244 1145 1024 1107 1154 1220 1085 1214 1422 1295 1184 1380 1158 1153 1237 1248 1107 1212 1115 1224
1135 1069 1087 1159 1239 1216 1246 1009 999 1205 1082 1081 1149 1012 1209 1222 1095 1222 1082 1301 1195 1201 1265 1218 1278 1363 1184 1059 1179 1213 1253 1216
1119 1258 1219 1071 1084 1127 1225 1195 1287 1250 1353 1049 1045 1095 994 1099 1053 1055 1174 1189 1126 1163 1068 1021 1169 1056 1236 1158 1041 1214 1230 1263
1289 1277 1355 1117 1105 1074 1188 1141 1142 1142 1219 1098 1087 1276 1066 1224 1368 999 994 1246 997 1147 1138 1106 1290 1062 1200 1093 1167 1211 1039 1320
1097 1284 1065 997 997 1065 1214 1053 1165 1341 1093 1231 1334 1209 1235 1175 1199 1291 1081 1072 1088 1021 1353 1132 1254 1155 1207 1220 1267 1268 1123 1244
1117 1168 1050 1134 1200 1273 1188 1268 1161 993 1048 1011 1190 1267 1172 1243 1254 1275 1215 984 1275 1247 1102 972 1149 1188 1021 1346 1318 1256 1163 1210
1135 1113 1026 1075 1236 1195 1363 1136 1094 1226 1187 1217 1106 988 1073 1204 1074 1196 1046 1210 1248 1218 1080 1170 1021 1261 1197 1156 1203 1108 1260 1040
1284 1153 1103 1193 1330 1101 1006 1142 1335 1290 1218 1173 1175 1031 1298 1343 1086 1120 1070 1272 1090 1047 1159 1124 1099 1208 1250 1176 1045 1249 1142 1130
1279 1203 1141 1233 1024 1178 1130 1111 1232 1112 1272 1170 1259 1174 1005 1102 1161 1203 1100 1207 1411 1292 1173 1367 1149 1164 1208 1223 1082 1201 1108 1213
1118 1086 1096 1160 1248 1237 1229 1014 996 1186 1067 1074 1150 977 1190 1223 1082 1217 1079 1322 1206 1222 1280 1195 1263 1360 1197 1056 1160 1218 1276 1225
1140 1253 1232 1088 1083 1108 1228 1200 1276 1239 1370 1060 1056 1098 1007 1110 1098 1062 1173 1160 1123 1150 1039 1030 1184 1069 1269 1171 1026 1209 1211 1248
1300 1226 1372 1142 1128 1067 1193 1166 1127 1155 1190 1093 1086 1253 1055 1225 1375 990 975 1245 1016 1150 1125 1103 1285 1057 1177 1074 1180 1236 1056 1297
1096 1297 1104 1016 990 1090 1209 1070 1158 1312 1096 1246 1337 1210 1220 1140 1176 1286 1102 1063 1091 1020 1358 1133 1251 1184 1204 1209 1274 1241 1108 1245
1124 1181 1059 1145 1183 1260 1183 1267 1144 1022 1075 1038 1179 1254 1175 1246 1261 1280 1208 999 1276 1214 1103 955 1156 1159 998 1347 1283 1291 1146 1187
1132 1118 1063 1078 1245 1184 1344 1137 1097 1213 1194 1230 1101 1011 1068 1197 1079 1199 1033 1211 1237 1185 1059 1187 1026 1268 1190 1145 1196 1123 1253 1035
1303 1158 1102 1184 1341 1092 1043 1133 1340 1287 1211 1166 1154 1028 1297 1318 1117 1109 1057 1251 1083 1046 1152 1101 1082 1217 1259 1179 1042 1240 1139 1109
1268 1196 1152 1226 1045 1177 1133 1120 1227 1115 1273 1171 1268 1215 1006 1127 1190 1192 1127 1204 1396 1273 1186 1362 1148 1171 1177 1212 1103 1188 1135 1220
1133 1077 1087 1159 1263 1252 1228 1005 989 1197 1066 1099 1151 972 1199 1212 1065 1214 1066 1327 1225 1221 1297 1194 1262 1347 1196 1081 1135 1221 1281 1208
1175 1266 1231 1113 1086 1105 1251 1215 1253 1194 1371 1105 1075 1099 1004 1147 1119 1061 1194 1129 1104 1137 1050 1031 1155 1068 1264 1178 1035 1220 1208 1249
1279 1207 1347 1155 1149 1050 1208 1149 1132 1136 1173 1124 1077 1204 1064 1218 1368 989 976 1220 1013 1159 1132 1114 1294 1080 1178 1123 1185 1239 1061 1304
1117 1280 1119 1013 1005 1097 1222 1077 1157 1287 1079 1283 1352 1215 1233 1139 1177 1317 1111 1050 1074 989 1363 1122 1236 1195 1201 1208 1251 1254 1067 1250
1125 1166 1080 1124 1182 1247 1180 1224 1139 1037 1052 1037 1188 1243 1164 1255 1236 1269 1199 1034 1267 1205 1142 968 1165 1190 1031 1372 1262 1308 1129 1178
1155 1091 1060 1069 1256 1211 1339 1126 1090 1240 1199 1229 1098 1076 1061 1182 1074 1194 1082 1200 1218 1184 1064 1178 1011 1261 1163 1142 1191 1100 1264 1050
1272 1131 1085 1159 1328 1111 1064 1130 1349 1268 1246 1145 1159 1031 1258 1297 1124 1118 1058 1244 1114 1019 1133 1112 1077 1194 1268 1208 1053 1253 1142 1100
1253 1163 1129 1247 1066 1180 1126 1139 1236 1092 1274 1182 1265 1242 1023 1140 1171 1209 1108 1195 1385 1240 1189 1373 1139 1174 1188 1227 1090 1195 1142 1223
1150 1072 1074 1160 1276 1263 1217 990 1004 1222 1085 1126 1142 967 1212 1193 1078 1199 1055 1316 1220 1204 1300 1177 1245 1314 1177 1088 1098 1220 1270 1199
1153 1260 1205 1111 1092 1091 1243 1231 1279 1172 1377 1101 1061 1101 1032 1139 1105 1055 1178 1147 1100 1165 1068 1033 1173 1060 1244 1152 1041 1232 1206 1223
1281 1229 1337 1151 1129 1056 1216 1135 1132 1144 1185 1150 1059 1232 1034 1230 1370 987 1002 1234 1027 1137 1160 1092 1278 1074 1198 1135 1197 1217 1091 1282
1117 1264 1113 985 983 1095 1206 1067 1191 1273 1045 1297 1342 1235 1249 1171 1203 1273 1107 1040 1082 993 1373 1114 1244 1195 1233 1190 1233 1256 1053 1238
1147 1168 1068 1130 1184 1245 1200 1242 1129 1043 1052 1043 1214 1259 1156 1271 1230 1251 1177 1052 1251 1239 1160 946 1197 1228 1057 1358 1266 1274 1125 1188
1181 1101 1084 1087 1280 1225 1363 1150 1098 1242 1193 1231 1060 1100 1033 1190 1072 1224 1086 1186 1228 1184 1098 1182 959 1275 1195 1162 1197 1094 1250 1058
1248 1173 1083 1155 1318 1105 1070 1114 1359 1248 1224 1109 1159 1073 1236 1353 1128 1108 1056 1250 1148 1013 1115 1098 1055 1166 1264 1202 1079 1235 1178 1088
1257 1205 1149 1215 1038 1216 1088 1129 1264 1068 1264 1150 1271 1228 1035 1130 1173 1201 1106 1209 1379 1252 1193 1369 1175 1190 1198 1225 1086 1205 1134 1231
1122 1096 1078 1122 1288 1215 1211 984 1012 1218 1061 1100 1140 991 1216 1219 1070 1193 1053 1326 1178 1220 1318 1173 1235 1292 1173 1082 1132 1188 1272 1185
1160 1241 1202 1124 1123 1090 1206 1244 1264 1215 1328 1116 1070 1152 1117 1130 1126 1070 1187 1170 1135 1150 1035 1074 1206 1095 1247 1161 1078 1219 1195 1178
1226 1258 1310 1094 1150 1059 1213 1120 1137 1143 1200 1111 1118 1225 1083 1235 1329 1054 1035 1209 1084 1160 1153 1097 1223 1121 1153 1086 1142 1242 1088 1277
1148 1225 1142 1044 1014 1140 1177 1084 1188 1244 1044 1248 1279 1218 1166 1144 1184 1244 1110 1087 1077 1060 1332 1119 1237 1206 1218 1211 1230 1235 1076 1223
1154 1179 1091 1037 1189 1258 1181 1237 1166 1112 1089 1096 1219 1250 1171 1258 1255 1230 1180 1031 1222 1218 1091 1039 1162 1217 1072 1309 1281 1241 1178 1185
1166 1116 1083 1090 1271 1184 1336 1159 1141 1211 1168 1218 1037 1099 1072 1195 1121 1209 1103 1181 1227 1171 1133 1141 1038 1264 1202 1199 1142 1145 1269 1083
1231 1168 1096 1164 1275 1104 1073 1075 1320 1249 1195 1132 1152 1066 1295 1326 1127 1123 1075 1257 1125 1092 1154 1137 1088 1163 1233 1175 1112 1228 1153 1107
1236 1198 1148 1212 1059 1167 1085 1122 1223 1091 1271 1143 1274 1227 1054 1133 1132 1178 1099 1152 1316 1249 1208 1310 1140 1139 1217 1190 1127 1210 1131 1234
1131 1117 1095 1105 1235 1194 1214 1047 1031 1223 1090 1095 1165 1042 1173 1220 1087 1218 1080 1307 1165 1229 1291 1194 1256 1273 1188 1097 1101 1201 1277 1200
