1123 1125 1070 1217 1130 1165 1191 1095 1104 1148 1208 1183 1223 1172 1189 1264 1141 1131 1177 1054 1142 1104 1150 1129 1165 1095 1212 1169 1155 1153 1160 1161
1200 1183 1193 1170 1085 1138 1059 1121 1225 1079 1199 1198 1120 1160 1086 1192 1220 1165 1187 1131 1164 1157 1165 1191 1139 1114 1094 1175 1124 1075 1162 1121
1143 1216 1226 1179 1267 1124 1145 1165 1218 1106 1190 1237 1157 1180 1192 1158 1094 1211 1109 1193 1122 1162 1132 1132 1181 1232 1188 1079 1210 1207 1225 1135
1212 1168 1125 1095 1146 1100 1084 1127 1088 1208 1199 1152 1079 1181 1072 1117 1169 1129 1072 1156 1140 1117 1078 1216 1130 1126 1094 1161 1080 1157 1223 1158
1128 1133 1197 1167 1113 1189 1230 1144 1151 1168 1186 1112 1164 1183 1123 1130 1188 1065 1133 1118 1250 1094 1219 1260 1138 1090 1169 1076 1184 1166 1170 1163
1201 1070 1105 1227 1103 1087 1187 1125 1057 1210 1133 1109 1058 1224 1134 1155 1055 1202 1145 1101 1177 1160 1229 1131 1176 1175 1099 1137 1155 1179 1134 1129
1240 1169 1172 1196 1170 1181 1113 1109 1115 1161 1158 1145 1147 1108 1157 1116 1141 1175 1113 1149 1216 1107 1190 1216 1116 1251 1173 1140 1154 1189 1123 1073
1137 1143 1129 1169 1195 1135 1108 1080 1156 1178 1140 1146 1146 1243 1193 1199 1233 1173 1147 1136 1187 1097 1149 1144 1236 1134 1159 1172 1072 1160 1133 1195
1126 1190 977 1174 1149 1172 1168 1118 1119 1137 1195 1146 1208 1161 1156 1289 1160 1176 1110 1089 1137 1127 1173 1116 1236 1110 1187 1160 1160 1168 1105 1220
1225 1152 1158 1121 1160 1139 1122 1100 1244 1140 1088 1225 1073 1189 1191 1229 1207 1188 1170 1150 1171 1216 1120 1158 1056 1145 1101 1202 1185 1082 1137 1058
1124 1217 1267 1190 1256 1201 1190 1196 1207 1115 1151 1264 1122 1205 1193 1129 1115 1104 1146 1122 1079 1079 1157 1151 1188 1167 1163 1080 1243 1214 1136 1154
1255 1109 1118 1050 1191 1157 1099 1164 1089 1225 1134 1123 1074 1246 1199 1108 1164 1140 1161 1107 1093 1116 1119 1239 1181 1129 1089 1202 1119 1178 1144 1203
1149 1126 1218 1170 1114 1218 1153 1165 1168 1121 1243 1101 1145 1198 1116 1157 1177 1082 1122 1157 1291 1109 1216 1271 1177 1047 1202 1089 1169 1195 1199 1230
1178 1101 1048 1242 1104 1092 1208 1096 1122 1135 1142 1178 1091 1215 1179 1188 1080 1243 1152 1036 1152 1089 1212 1180 1157 1180 1100 1132 1166 1214 1101 1152
1199 1212 1179 1255 1107 1184 1120 1134 1128 1176 1119 1160 1208 1075 1126 1149 1166 1158 1116 1186 1137 1046 1171 1189 1149 1250 1216 1119 1127 1176 1144 1184
1112 1082 1036 1176 1192 1180 1117 1079 1149 1199 1103 1157 1137 1258 1176 1140 1222 1144 1076 1073 1112 1146 1172 1221 1301 1163 1090 1169 1055 1215 1176 1204
1128 1180 1017 1182 1147 1172 1192 1192 1161 1109 1167 1166 1152 1165 1134 1277 1174 1180 1106 1089 1169 1097 1171 1042 1256 1090 1173 1124 1210 1184 1143 1192
1301 1168 1132 1155 1104 1179 1164 1120 1270 1112 1136 1219 1069 1133 1139 1199 1225 1118 1178 1072 1193 1228 1174 1182 1080 1173 1101 1164 1133 1086 1097 1100
1144 1261 1261 1162 1292 1155 1210 1228 1273 1145 1127 1282 1172 1219 1215 1097 1161 1134 1156 1170 1081 1133 1157 1131 1192 1173 1133 1084 1141 1226 1138 1156
1225 1079 1080 1060 1127 1173 1081 1138 1059 1177 1142 1083 1106 1284 1133 1134 1146 1146 1101 1163 1107 1090 1143 1249 1203 1159 1179 1178 1145 1218 1204 1189
1149 1116 1210 1194 1054 1246 1159 1177 1150 1185 1207 1117 1163 1238 1136 1197 1187 1038 1108 1143 1245 1131 1172 1225 1239 1085 1158 1105 1127 1191 1201 1230
1196 1147 1086 1282 1064 1106 1166 1150 1112 1135 1172 1168 1035 1181 1197 1160 1028 1231 1118 1070 1204 1101 1242 1158 1187 1220 1142 1146 1174 1230 1111 1120
1165 1172 1217 1231 1127 1154 1110 1168 1098 1136 1103 1118 1216 1131 1134 1189 1148 1096 1116 1156 1149 1064 1159 1193 1163 1194 1274 1061 1081 1192 1188 1168
1130 1076 1048 1218 1202 1106 1141 1159 1191 1159 1115 1159 1169 1238 1180 1140 1190 1190 1028 1031 1144 1162 1150 1167 1235 1211 1114 1113 1023 1209 1184 1090
1071 1157 1030 1175 1122 1081 1223 1175 1162 1082 1182 1201 1207 1152 1073 1252 1181 1195 1157 1114 1122 1060 1168 1073 1221 1051 1170 1173 1213 1217 1168 1155
1242 1179 1167 1134 1123 1166 1181 1135 1267 1109 1145 1260 1060 1172 1140 1170 1240 1109 1129 1119 1212 1249 1165 1169 1105 1192 1142 1199 1148 1059 1114 1061
1209 1222 1264 1249 1277 1178 1231 1251 1282 1156 1116 1233 1135 1200 1134 1096 1184 1163 1133 1211 1038 1196 1180 1128 1237 1208 1164 1131 1162 1223 1149 1233
1236 1078 1097 1091 1080 1144 1096 1117 1078 1164 1163 1122 1019 1231 1056 1097 1147 1175 1138 1160 1176 1093 1160 1274 1148 1152 1206 1207 1166 1235 1173 1188
1158 1123 1249 1169 1113 1259 1174 1192 1169 1176 1108 1154 1176 1207 1103 1192 1192 1051 1127 1118 1248 1068 1179 1156 1224 1096 1103 1070 1106 1168 1220 1239
1179 1104 1083 1213 1051 1075 1183 1163 1185 1156 1169 1115 1064 1218 1142 1155 975 1172 1139 1057 1195 1148 1213 1195 1160 1231 1139 1185 1169 1245 1130 1165
1208 1149 1226 1212 1122 1177 1097 1135 1123 1173 1102 1141 1201 1238 1133 1194 1167 1095 1103 1205 1124 1055 1170 1226 1138 1233 1231 1114 1080 1197 1159 1209
1181 1099 1079 1217 1191 1089 1136 1110 1214 1154 1186 1180 1170 1217 1141 1101 1219 1185 1027 1094 1125 1213 1161 1236 1192 1124 1131 1076 1032 1180 1179 1111
1150 1148 979 1134 1195 1116 1184 1132 1163 1127 1207 1156 1198 1133 1096 1287 1170 1188 1130 1105 1211 1041 1169 1112 1242 1112 1183 1112 1226 1218 1195 1224
1253 1130 1164 1145 1122 1167 1194 1136 1230 1074 1130 1215 1151 1141 1177 1225 1209 1128 1182 1132 1183 1182 1126 1130 1086 1151 1171 1230 1119 1028 1115 1040
1160 1267 1269 1298 1226 1193 1202 1232 1261 1137 1055 1194 1144 1183 1179 1187 1201 1036 1186 1176 1073 1141 1189 1117 1186 1207 1115 1192 1167 1254 1112 1204
1295 1095 1142 1080 1069 1139 1087 1172 1105 1153 1176 1133 1030 1256 1109 1096 1188 1200 1169 1175 1167 1136 1171 1243 1173 1167 1165 1184 1201 1288 1098 1169
1177 1116 1214 1110 1086 1246 1103 1157 1172 1145 1185 1181 1153 1224 1110 1163 1213 1096 1110 1139 1265 1073 1140 1149 1221 1077 1092 1073 1119 1169 1197 1250
1154 1123 1094 1196 1028 1052 1192 1118 1194 1109 1200 1110 1139 1221 1189 1126 1002 1189 1150 1046 1192 1183 1158 1190 1229 1234 1154 1164 1114 1234 1101 1162
1211 1134 1199 1245 1099 1158 1084 1174 1164 1204 1059 1182 1184 1233 1164 1183 1174 1118 1148 1178 1117 1030 1251 1207 1065 1218 1206 1155 1067 1188 1212 1248
1144 1098 1094 1198 1192 1100 1163 1115 1171 1183 1065 1155 1143 1208 1140 1056 1200 1140 1076 1097 1114 1182 1140 1213 1173 1131 1066 1173 1061 1185 1220 1196
1176 1104 1017 1142 1231 1200 1198 1114 1157 1149 1223 1148 1156 1127 1152 1263 1102 1132 1204 1069 1263 1169 1189 1086 1228 1118 1131 1098 1246 1182 1241 1172
1245 1092 1164 1155 1022 1171 1148 1122 1208 1080 1190 1197 1141 1085 1105 1273 1217 1036 1206 1102 1159 1186 1140 1108 1136 1101 1175 1182 1137 1034 1133 1070
1116 1203 1257 1260 1248 1081 1174 1152 1227 1103 1085 1224 1134 1191 1165 1137 1251 1084 1154 1162 1137 1083 1211 1133 1152 1209 1123 1152 1187 1280 1134 1134
1249 1123 1152 1070 1103 1145 1019 1126 1069 1173 1188 1133 1114 1236 1085 1138 1206 1188 1151 1173 1089 1066 1173 1171 1165 1151 1189 1172 1133 1216 1202 1173
1183 1092 1166 1094 1066 1234 1149 1141 1186 1177 1229 1181 1101 1186 1120 1177 1191 1052 1120 1115 1263 1155 1118 1183 1185 1075 1124 1077 1129 1177 1155 1218
1190 1179 1104 1210 978 1078 1176 1144 1114 1119 1218 1116 1099 1179 1185 1142 982 1163 1152 1070 1196 1151 1172 1176 1187 1226 1170 1180 1118 1190 1099 1142
1181 1120 1181 1233 1135 1144 1052 1152 1128 1168 1031 1156 1166 1111 1118 1161 1184 1128 1168 1130 1097 1090 1259 1225 1047 1188 1118 1145 1087 1196 1210 1136
1118 1144 1062 1204 1192 1156 1195 1187 1185 1185 1099 1195 1181 1260 1146 1086 1204 1176 1156 1121 1150 1126 1160 1111 1145 1149 1064 1213 1071 1187 1160 1142
1146 1130 1049 1180 1187 1192 1220 1116 1129 1159 1225 1196 1198 1151 1204 1251 1102 1098 1248 1025 1191 1171 1215 1120 1174 1102 1083 1126 1290 1124 1255 1142
1213 1116 1192 1195 1020 1169 1104 1110 1236 1082 1182 1223 1117 1189 1043 1263 1191 1058 1196 1064 1129 1160 1108 1154 1180 1131 1137 1196 1177 1050 1155 1108
1144 1161 1269 1224 1276 1051 1130 1140 1235 1135 1183 1180 1126 1257 1177 1105 1241 1206 1082 1194 1107 1071 1177 1149 1130 1243 1153 1078 1179 1260 1186 1104
1223 1127 1120 1094 1143 1113 1003 1154 1057 1207 1198 1197 1090 1210 1053 1128 1192 1172 1095 1127 1065 1112 1131 1177 1091 1135 1155 1174 1037 1108 1208 1195
1191 1112 1220 1122 1136 1242 1203 1161 1140 1173 1233 1101 1111 1188 1116 1177 1165 1074 1170 1115 1283 1129 1154 1235 1119 1071 1166 1103 1117 1233 1167 1222
1220 1177 1114 1194 968 1082 1152 1154 1078 1153 1196 1116 1065 1207 1085 1146 982 1183 1162 1078 1240 1129 1254 1132 1143 1230 1150 1184 1142 1176 1099 1150
1207 1148 1137 1209 1171 1166 1094 1116 1120 1136 1111 1164 1194 1115 1146 1157 1232 1212 1178 1144 1157 1158 1245 1295 1049 1220 1154 1117 1107 1202 1156 1042
1104 1126 1068 1220 1250 1170 1123 1121 1163 1191 1157 1183 1175 1324 1172 1128 1222 1202 1158 1129 1156 1120 1162 1131 1177 1171 1084 1195 1033 1117 1114 1112
1158 1152 1073 1192 1151 1170 1218 1080 1097 1137 1207 1220 1234 1185 1160 1275 1144 1130 1174 1105 1085 1177 1185 1196 1168 1142 1151 1178 1220 1180 1191 1220
1241 1136 1154 1107 1158 1167 1194 1092 1220 1090 1126 1237 1069 1215 1175 1227 1207 1114 1186 1102 1157 1132 1112 1206 1118 1195 1107 1184 1199 1094 1173 1046
1212 1143 1279 1216 1228 1149 1140 1162 1243 1105 1149 1160 1130 1271 1183 1157 1219 1162 1128 1192 1095 1051 1151 1113 1098 1165 1157 1144 1187 1190 1162 1154
1271 1125 1128 1122 1171 1131 1091 1140 1117 1233 1204 1245 1074 1202 1173 1130 1200 1146 1117 1087 1083 1176 1165 1209 1121 1101 1097 1144 1073 1170 1156 1221
1189 1142 1258 1158 1166 1204 1177 1179 1162 1135 1207 1045 1091 1226 1100 1121 1137 1154 1168 1115 1257 1105 1198 1191 1131 1057 1166 1113 1145 1209 1187 1224
1174 1163 1090 1154 1030 1036 1188 1142 1122 1125 1182 1170 1135 1197 1141 1180 1014 1197 1130 1046 1190 1087 1196 1150 1201 1210 1120 1114 1172 1204 1113 1142
1245 1160 1179 1251 1135 1216 1118 1098 1156 1130 1131 1216 1234 1157 1150 1199 1206 1192 1108 1180 1139 1122 1229 1221 1127 1242 1150 1115 1155 1220 1164 1136
1084 1098 1070 1212 1244 1160 1127 1037 1099 1185 1099 1149 1161 1246 1120 1190 1216 1136 1124 1153 1116 1102 1122 1229 1207 1159 1026 1165 1119 1179 1116 1220
1161 1125 1078 1201 1130 1175 1165 1105 1082 1148 1202 1173 1173 1136 1221 1208 1085 1093 1205 1046 1176 1068 1106 1101 1171 1109 1210 1169 1197 1111 1164 1171
1286 1221 1195 1172 1041 1108 1083 1091 1235 1095 1215 1208 1148 1140 1072 1170 1168 1145 1229 1145 1202 1161 1155 1179 1167 1096 1112 1191 1124 1061 1128 1141
1111 1170 1258 1217 1303 1122 1211 1187 1272 1138 1140 1231 1143 1138 1222 1152 1068 1259 1135 1229 1082 1190 1168 1116 1173 1216 1144 1069 1190 1235 1171 1097
1232 1140 1101 1043 1214 1184 1046 1171 1082 1190 1165 1136 1073 1143 1050 1151 1191 1185 1084 1172 1162 1117 1126 1280 1138 1192 1072 1151 1090 1167 1217 1186
1166 1139 1157 1203 1117 1153 1254 1092 1181 1172 1178 1174 1102 1205 1105 1100 1188 1141 1121 1094 1268 1088 1199 1260 1154 1132 1123 1104 1196 1134 1152 1147
1261 1090 1087 1211 1091 1055 1197 1163 1051 1160 1191 1097 1048 1252 1132 1161 1053 1186 1143 1105 1175 1128 1263 1139 1152 1163 1133 1165 1145 1215 1148 1139
1170 1141 1150 1216 1180 1177 1211 1103 1143 1169 1106 1191 1119 1126 1167 1126 1213 1163 1123 1139 1226 1091 1202 1198 1160 1279 1163 1148 1142 1163 1115 1037
1097 1117 1141 1183 1127 1133 1158 1042 1194 1174 1128 1174 1176 1267 1159 1193 1215 1139 1179 1092 1187 1077 1145 1172 1236 1216 1207 1144 1078 1154 1095 1187
1185 1149 934 1177 1144 1155 1225 1159 1148 1152 1186 1125 1147 1130 1227 1240 1101 1129 1155 992 1158 1108 1166 1119 1227 1123 1180 1177 1261 1103 1160 1245
1302 1189 1149 1130 1147 1096 1085 1061 1303 1103 1091 1264 1090 1084 1104 1198 1200 1193 1203 1101 1182 1209 1103 1041 1087 1096 1098 1191 1172 1065 1126 1019
1111 1176 1344 1279 1273 1224 1279 1217 1226 1104 1102 1255 1111 1212 1286 1102 1122 1111 1147 1231 1040 1114 1096 1196 1109 1208 1050 1053 1170 1289 1107 1159
1290 1056 1083 1021 1214 1172 1058 1205 1024 1264 1129 1170 1055 1183 1116 1129 1169 1191 1122 1090 1118 1101 1144 1282 1126 1110 1140 1251 1132 1069 1175 1260
1244 1117 1219 1197 1159 1207 1192 1110 1173 1088 1276 1122 1156 1241 1047 1174 1082 1147 1159 1142 1346 1156 1233 1256 1114 1096 1165 1084 1162 1160 1212 1239
1347 1148 1055 1239 1059 1079 1221 1143 1067 1046 1225 1115 1038 1246 1160 1181 1039 1202 1129 1007 1171 1048 1209 1205 1108 1183 1193 1181 1111 1291 1140 1195
1180 1295 1110 1262 1114 1135 1187 1151 1129 1097 1064 1181 1203 1116 1163 1122 1287 1175 1067 1159 1120 1073 1192 1168 1130 1275 1259 1076 1104 1203 1145 1095
1091 1097 1051 1243 1155 1161 1216 1078 1122 1170 1102 1222 1202 1347 1153 1123 1239 1159 1133 1058 1151 1121 1111 1222 1322 1274 1093 1144 1084 1230 1045 1133
1173 1193 944 1143 1120 1157 1221 1181 1204 1114 1194 1151 1135 1142 1219 1300 1119 1101 1163 1046 1198 1068 1176 1083 1217 1085 1154 1095 1271 1131 1216 1251
1362 1203 1101 1190 1153 1154 1123 1117 1263 1071 1111 1270 1056 1116 1124 1186 1152 1163 1147 1121 1162 1211 1101 1077 1157 1116 1064 1113 1218 1097 1086 1061
1201 1192 1280 1213 1331 1158 1245 1231 1274 1160 1038 1261 1163 1258 1224 1108 1196 1159 1119 1251 994 1118 1096 1150 1129 1186 1064 1123 1112 1231 1157 1105
1292 1048 1073 1051 1208 1180 1086 1197 1086 1212 1103 1206 1045 1247 1004 1179 1149 1147 1062 1176 1078 1113 1162 1276 1180 1094 1176 1199 1090 1165 1163 1240
1270 1125 1219 1183 1169 1175 1120 1136 1109 1108 1252 1094 1210 1287 1079 1192 1110 1099 1221 1088 1300 1100 1189 1254 1152 1086 1201 1130 1128 1136 1210 1173
1309 1220 1089 1191 1039 1079 1167 1151 1101 1108 1191 1133 1032 1190 1198 1205 1037 1164 1129 1059 1207 1068 1259 1119 1182 1265 1205 1185 1105 1303 1136 1137
1234 1189 1056 1272 1122 1095 1191 1159 1159 1139 1058 1157 1161 1120 1171 1160 1285 1175 1113 1169 1140 1085 1254 1178 1044 1255 1301 1058 1066 1333 1197 1127
1121 1095 1015 1215 1183 1165 1198 1104 1158 1118 1052 1234 1188 1265 1195 1127 1181 1189 1073 1040 1147 1175 1091 1184 1270 1138 1035 1122 1066 1226 1173 1091
1201 1231 948 1067 1138 1081 1159 1151 1238 1102 1160 1157 1107 1146 1177 1242 1103 1107 1185 1092 1166 1084 1080 1089 1221 1103 1170 1109 1221 1195 1220 1221
1310 1137 1127 1152 1147 1194 1147 1127 1215 1081 1073 1268 996 1140 1212 1090 1112 1101 1059 1167 1232 1185 1079 1051 1163 1206 1084 1187 1110 1117 1192 1079
1193 1194 1238 1289 1309 1170 1231 1183 1270 1140 1028 1207 1101 1186 1114 1170 1206 1157 1119 1211 928 1254 1138 1154 1093 1188 1084 1179 1160 1265 1137 1195
1298 1100 1105 1097 1298 1186 1152 1199 1102 1218 1039 1230 949 1257 976 1135 1207 1159 1188 1116 1166 1169 1236 1304 1238 1174 1116 1191 1174 1233 1155 1290
1278 1145 1159 1183 1171 1223 1118 1112 1127 1130 1162 1182 1146 1223 1071 1120 1130 1099 1155 1108 1260 1104 1229 1216 1128 1064 1111 1152 1116 1094 1256 1235
1245 1168 1081 1153 997 1083 1187 1161 1179 1202 1161 1147 1100 1246 1278 1191 995 1124 1173 1099 1215 1124 1233 1161 1148 1259 1163 1225 1127 1329 1116 1159
1230 1151 1088 1268 1066 1153 1223 1153 1203 1145 1076 1185 1131 1180 1167 1182 1281 1183 1169 1197 1096 1007 1288 1182 1118 1269 1211 1084 1022 1287 1193 1209
1183 1049 1027 1201 1151 1181 1224 1082 1210 1076 1044 1202 1180 1235 1205 1019 1179 1137 1043 1020 1095 1245 1137 1260 1170 1102 1057 1094 1130 1126 1199 1189
1210 1224 923 1098 1167 1132 1094 1128 1227 1139 1125 1144 1048 1131 1138 1267 1088 1150 1104 1081 1215 1133 1125 1122 1268 1138 1207 1088 1226 1198 1255 1214
1263 1142 1118 1181 1178 1193 1212 1108 1224 1042 1104 1209 1181 1051 1181 1075 1203 1118 1074 1188 1195 1152 1052 1056 1118 1187 1135 1248 1051 1030 1137 1042
1056 1239 1221 1356 1294 1299 1204 1140 1257 1147 1005 1234 1140 1085 1201 1175 1207 1028 1194 1172 1005 1251 1155 1113 1080 1235 1079 1184 1177 1274 1084 1216
1345 1119 1184 1072 1267 1185 1059 1202 1117 1153 1082 1185 990 1276 1163 1124 1222 1254 1217 1185 1155 1142 1173 1239 1271 1223 1063 1192 1205 1168 1170 1257
1253 1058 1080 1184 1112 1180 1153 1061 1096 1183 1219 1247 1101 1258 1086 1153 1127 1130 1070 1129 1233 1183 1234 1201 1155 993 1066 1119 1123 1025 1239 1210
1256 1151 1064 1170 986 1068 1234 1118 1218 1153 1228 1118 1159 1237 1267 1170 1066 1219 1190 1128 1268 1133 1158 1238 1261 1234 1172 1170 1066 1336 1113 1190
1163 1194 1153 1169 1115 1176 1212 1192 1208 1196 1039 1222 1112 1183 1248 1189 1256 1124 1136 1150 1149 1000 1247 1181 1157 1230 1226 1109 1001 1202 1194 1204
1166 1066 1024 1166 1092 1168 1309 1117 1225 1031 1009 1181 1193 1250 1176 970 1170 1096 1094 991 1114 1166 1136 1283 1159 1169 1016 1151 1111 1175 1216 1236
1174 1112 965 1142 1167 1198 1092 1140 1199 1201 1157 1124 1044 1087 1204 1243 1044 1106 1120 1131 1313 1129 1169 1106 1300 1076 1143 1096 1238 1164 1309 1150
1269 1116 1168 1197 1104 1205 1182 1050 1268 1098 1266 1203 1221 1007 1077 1147 1233 1104 1146 1168 1199 1172 1062 1094 1122 1143 1191 1110 1085 1004 1069 1070
982 1223 1203 1346 1312 1181 1172 1172 1235 1159 1047 1262 1122 1097 1277 1165 1177 1112 1180 1188 1035 1219 1203 1133 1110 1261 1093 1106 1229 1320 1134 1126
1273 1077 1152 1064 1267 1215 915 1174 1027 1149 1178 1141 1054 1278 1095 1144 1198 1220 1189 1233 1089 1078 1149 1181 1259 1191 1053 1206 1097 1158 1286 1239
1263 1042 1072 1182 1062 1144 1223 1117 1130 1173 1245 1227 1075 1250 1106 1119 1167 1096 1076 1107 1259 1215 1196 1239 1155 1007 1118 1049 1107 1015 1179 1128
1278 1155 1088 1184 956 1074 1236 1108 1164 1129 1238 1056 1099 1219 1205 1156 996 1235 1180 1148 1264 1137 1204 1212 1281 1240 1202 1162 1116 1282 1079 1168
1173 1140 1107 1065 1269 1148 1164 1158 1164 1220 1003 1172 1084 1115 1230 1171 1248 1126 1152 1076 1181 1038 1217 1193 1139 1154 1156 1095 1051 1232 1160 1070
1108 1096 1038 1184 1090 1146 1313 1137 1269 1061 1075 1243 1213 1266 1166 1032 1166 1102 1176 1011 1214 1076 1170 1223 1157 1241 1064 1179 1119 1189 1242 1190
1108 1106 1023 1158 1139 1104 1150 1138 1123 1143 1205 1182 1100 1099 1214 1163 1010 1104 1206 1037 1243 1101 1171 1140 1228 1096 1133 1164 1268 1058 1263 1116
1241 1176 1214 1201 1032 1187 1132 1052 1294 1042 1212 1237 1169 1131 1025 1175 1227 1084 1160 1122 1215 1140 1066 1146 1152 1151 1127 1136 1129 1058 1125 1104
1106 1129 1281 1280 1286 1087 1148 1204 1253 1149 1167 1238 1102 1159 1269 1137 1173 1254 1128 1206 1041 1225 1161 1145 1124 1251 1183 1022 1259 1280 1188 1076
1265 1091 1094 1078 1283 1161 941 1234 1021 1223 1220 1217 1052 1198 1071 1128 1172 1168 1141 1129 1123 1112 1117 1229 1109 1169 1037 1188 989 1048 1270 1257
1243 1120 1144 1174 1162 1180 1239 1105 1112 1133 1195 1123 1117 1222 1106 1117 1135 1142 1134 1093 1309 1141 1222 1249 1071 1091 1150 1047 1127 1103 1177 1178
1266 1101 1040 1200 984 1034 1216 1142 1106 1185 1218 1056 1077 1247 1081 1130 944 1201 1146 1140 1276 1135 1270 1158 1201 1234 1146 1172 1186 1236 1101 1150
1191 1128 1087 1099 1247 1172 1144 1066 1180 1142 1099 1180 1108 1155 1216 1131 1278 1188 1140 1106 1121 1108 1181 1271 1129 1184 1152 1069 1117 1224 1104 988
1108 1070 1060 1174 1142 1106 1169 1101 1245 1137 1117 1223 1205 1334 1198 1046 1220 1122 1176 1065 1196 1136 1156 1197 1179 1209 1104 1123 1087 1081 1164 1142
1145 1097 1052 1195 1160 1131 1195 1079 1102 1158 1164 1219 1129 1120 1177 1210 1069 1113 1183 1104 1082 1212 1156 1219 1213 1157 1160 1203 1219 1123 1210 1233
1274 1167 1149 1096 1143 1204 1207 1051 1269 1071 1119 1248 1136 1186 1150 1238 1254 1135 1197 1129 1218 1105 1137 1203 1093 1178 1104 1223 1180 1059 1184 1045
1193 1118 1276 1269 1205 1186 1147 1163 1260 1096 1132 1175 1123 1214 1234 1162 1212 1157 1131 1163 1090 1136 1118 1140 1089 1166 1120 1081 1222 1207 1143 1159
1294 1130 1127 1087 1238 1146 1060 1155 1054 1252 1197 1238 1057 1179 1178 1115 1143 1163 1180 1066 1104 1163 1162 1226 1108 1112 1068 1175 1062 1077 1163 1276
1210 1183 1219 1173 1229 1191 1188 1178 1125 1128 1176 1044 1092 1259 1075 1130 1116 1229 1113 1116 1318 1120 1213 1202 1138 1042 1125 1082 1158 1124 1176 1211
1233 1096 1021 1177 1011 1011 1253 1143 1157 1142 1249 1187 1146 1252 1110 1169 967 1216 1149 1077 1201 1048 1191 1197 1218 1181 1129 1123 1175 1221 1114 1165
1206 1171 1156 1194 1122 1211 1085 1081 1177 1099 1082 1209 1201 1188 1175 1204 1255 1177 1067 1179 1088 1103 1200 1226 1198 1215 1163 1108 1162 1189 1165 1141
1089 1075 1077 1165 1185 1133 1154 1008 1120 1156 1076 1196 1190 1331 1105 1153 1209 1103 1155 1098 1147 1121 1143 1256 1214 1212 1035 1168 1156 1172 1069 1269
1160 1100 1107 1148 1165 1146 1110 1112 1085 1171 1213 1146 1190 1133 1138 1227 1112 1098 1174 1091 1199 1013 1115 1108 1190 1126 1197 1096 1198 1182 1129 1124
1273 1182 1204 1135 1054 1097 1144 1084 1216 1098 1142 1159 1185 1171 1131 1185 1205 1178 1210 1200 1217 1144 1188 1204 1128 1085 1165 1180 1065 1044 1085 1158
1072 1211 1239 1298 1250 1191 1152 1192 1259 1123 1093 1250 1128 1099 1213 1199 1127 1158 1180 1176 1081 1185 1167 1127 1222 1167 1107 1152 1209 1258 1174 1152
1275 1131 1172 1064 1121 1107 1043 1110 1091 1141 1162 1149 1026 1180 1045 1148 1172 1182 1139 1183 1213 1092 1107 1263 1163 1201 1101 1138 1165 1230 1164 1187
1197 1154 1206 1170 1086 1170 1225 1103 1172 1155 1167 1233 1107 1200 1082 1141 1243 1096 1092 1133 1221 1065 1206 1247 1169 1119 1092 1055 1187 1137 1133 1194
1210 1053 1106 1210 1086 1024 1234 1144 1090 1141 1174 1054 1125 1221 1163 1138 1028 1197 1162 1060 1176 1147 1210 1172 1231 1130 1188 1168 1164 1244 1175 1120
1181 1084 1109 1221 1165 1150 1134 1142 1144 1216 1101 1206 1098 1177 1188 1173 1222 1070 1124 1164 1227 1098 1163 1153 1087 1310 1222 1157 1135 1124 1142 1130
1124 1126 1198 1126 1136 1096 1147 1051 1231 1161 1099 1145 1183 1246 1138 1158 1200 1092 1168 1069 1142 1142 1138 1167 1223 1137 1206 1145 1085 1139 1154 1174
1176 1084 1003 1148 1193 1182 1220 1134 1135 1201 1247 1140 1114 1085 1182 1243 1092 1096 1146 1045 1185 1101 1167 1078 1250 1090 1143 1068 1322 1092 1177 1196
1291 1144 1204 1127 1052 1101 1134 1062 1260 1036 1106 1205 1189 1119 1069 1279 1225 1160 1228 1140 1149 1180 1186 1098 1082 1085 1087 1202 1175 1008 1121 1048
1082 1179 1305 1316 1228 1215 1196 1200 1217 1101 1077 1274 1112 1149 1231 1139 1195 1076 1144 1158 1123 1103 1097 1171 1110 1241 1057 1124 1121 1270 1148 1122
1303 1089 1118 990 1121 1151 1027 1154 1011 1237 1138 1139 1084 1246 1071 1096 1148 1174 1141 1159 1123 1052 1139 1263 1139 1117 1211 1220 1107 1138 1182 1257
1283 1130 1186 1156 1170 1256 1191 1141 1112 1097 1231 1199 1187 1244 1050 1233 1155 1078 1142 1141 1321 1171 1180 1231 1115 1111 1132 1029 1153 1133 1181 1280
1308 1119 1030 1312 1026 1024 1242 1100 1130 1085 1248 1058 1083 1195 1155 1238 944 1209 1146 1022 1158 1127 1170 1186 1145 1176 1190 1164 1102 1250 1133 1176
1183 1182 1053 1223 1063 1128 1068 1166 1138 1086 1083 1156 1114 1165 1194 1141 1290 1080 1118 1092 1073 1088 1165 1197 1053 1230 1236 1123 1093 1174 1228 1122
1152 1152 1108 1138 1158 1118 1161 1097 1177 1155 1087 1201 1209 1376 1166 1100 1216 1204 1202 1051 1144 1162 1132 1139 1277 1127 1130 1187 1085 1185 1102 1110
1105 1111 996 1151 1104 1135 1255 1107 1108 1212 1186 1155 1141 1140 1217 1274 1051 1099 1157 1112 1156 1124 1146 1077 1225 1105 1128 1091 1295 1159 1218 1193
1246 1137 1135 1238 1143 1106 1085 1045 1233 1087 1111 1260 1130 1200 1110 1242 1178 1167 1191 1167 1156 1141 1201 1085 1149 1108 1056 1179 1242 1001 1104 1139
1103 1168 1214 1249 1271 1190 1159 1169 1206 1170 1114 1203 1119 1198 1146 1140 1176 1169 1103 1179 1076 1090 1130 1160 1099 1232 1090 1109 1184 1201 1233 1127
1324 1078 1099 1065 1238 1128 1094 1131 1084 1244 1091 1180 999 1207 1034 1137 1169 1113 1146 1164 1060 1097 1148 1244 1156 1138 1168 1213 1062 1113 1127 1264
1288 1157 1255 1201 1201 1213 1150 1184 1071 1050 1228 1048 1168 1231 1035 1178 1156 1135 1223 1100 1268 1102 1175 1254 1134 1074 1217 1064 1166 1092 1228 1193
1295 1152 1067 1197 1029 1087 1209 1127 1131 1148 1169 1061 1080 1186 1156 1253 993 1188 1191 1065 1181 1092 1227 1169 1210 1201 1101 1163 1111 1279 1054 1197
1328 1139 1038 1218 1054 1115 1105 1123 1175 1129 1148 1139 1169 1136 1215 1174 1281 1165 1185 1167 1098 1095 1086 1210 1082 1265 1259 1094 1100 1187 1167 1101
1101 1135 1037 1123 1179 1167 1138 1026 1162 1150 1076 1200 1148 1365 1233 1145 1199 1201 1161 1094 1115 1175 1137 1208 1256 1118 1045 1210 1048 1166 1239 1153
1152 1206 973 1076 1153 1124 1158 1116 1093 1133 1175 1090 1100 1133 1200 1259 1048 1094 1054 1143 1119 1123 1119 1098 1278 1106 1203 1116 1238 1202 1143 1216
1249 1136 1150 1159 1184 1083 1208 1074 1240 1124 980 1249 1099 1199 1195 1203 1141 1126 1130 1164 1211 1158 1118 1074 1112 1205 1055 1224 1115 1006 1119 1154
1000 1157 1243 1252 1266 1211 1200 1110 1251 1145 1117 1246 1094 1113 1125 1123 1199 1134 1162 1122 1009 1173 1179 1183 1030 1153 1101 1122 1205 1234 1142 1166
1305 1109 1114 1054 1257 1159 1185 1160 1059 1201 1076 1155 962 1242 1089 1128 1210 1140 1241 1111 1157 1132 1203 1259 1245 1211 1119 1198 1201 1160 1086 1277
1209 1146 1204 1224 1148 1234 1085 1075 1132 1159 1247 1105 1097 1180 1040 1171 1175 1086 1140 1147 1251 1113 1224 1199 1197 1099 1156 1113 1167 1047 1227 1294
1240 1129 1040 1250 1032 1070 1258 1114 1214 1161 1164 1174 1091 1217 1263 1190 1042 1187 1128 1036 1198 1029 1176 1240 1201 1152 1146 1174 1156 1332 1127 1156
1217 1164 1065 1197 1003 1174 1142 1124 1194 1162 1103 1202 1204 1149 1236 1159 1240 1184 1104 1238 1097 1092 1031 1141 1131 1234 1296 1077 1071 1166 1176 1240
1146 1036 1012 1184 1128 1174 1153 1057 1219 1125 1053 1161 1159 1216 1156 1064 1184 1110 1064 1005 1078 1192 1164 1219 1211 1187 1044 1225 1119 1165 1208 1202
1094 1180 957 1118 1127 1132 1188 1102 1183 1119 1127 1082 1088 1125 1156 1315 1088 1136 1034 1089 1167 1115 1109 1090 1356 1072 1275 1120 1196 1182 1149 1178
1215 1244 1136 1183 1228 1105 1222 1084 1290 1076 1120 1149 1249 1057 1071 1177 1301 1132 1112 1118 1193 1172 1118 1070 1120 1203 1101 1208 1071 952 1081 1106
994 1253 1185 1288 1258 1267 1204 1178 1255 1161 1067 1284 1160 1071 1205 1061 1171 1040 1214 1164 1121 1193 1163 1169 1092 1187 1065 1152 1141 1262 1046 1188
1317 1083 1176 1062 1197 1167 1105 1136 1051 1133 1130 1065 1032 1252 1129 1098 1256 1214 1221 1187 1101 1076 1179 1201 1287 1227 1165 1216 1211 1126 1148 1211
1159 1068 1094 1248 1138 1224 1129 1085 1094 1239 1247 1187 1119 1234 1054 1251 1147 1098 1094 1185 1219 1241 1200 1217 1259 1055 1052 1173 1141 1015 1207 1264
1322 1069 1034 1288 1026 1066 1252 1106 1246 1105 1200 1136 1085 1229 1205 1220 1050 1275 1134 1058 1230 1079 1188 1238 1267 1172 1128 1132 1118 1312 1131 1240
1141 1192 1145 1109 1061 1186 1082 1170 1226 1100 1039 1170 1092 1137 1262 1195 1224 1118 1072 1140 1105 1082 1081 1195 1145 1120 1308 1051 1029 1112 1140 1200
1132 1012 1020 1192 1134 1122 1201 1107 1237 1061 1091 1203 1201 1294 1184 1048 1170 1156 1064 1019 1178 1130 1106 1217 1185 1233 1056 1205 1029 1281 1210 1152
1040 1118 1013 1102 1045 1190 1130 1128 1169 1085 1161 1130 1140 1123 1166 1291 1088 1182 1108 1023 1245 989 1153 1082 1300 1020 1233 1128 1184 1204 1175 1170
1217 1288 1178 1215 1190 1129 1192 1076 1306 1120 1264 1113 1227 1041 1027 1127 1293 1098 1142 1108 1251 1188 1090 1098 1150 1177 1173 1076 1127 996 1001 1144
1108 1273 1167 1292 1322 1177 1202 1264 1295 1239 1031 1274 1164 1113 1249 1097 1099 1148 1212 1184 1125 1165 1229 1153 1176 1211 1091 1094 1207 1246 1096 1128
1307 1071 1192 1098 1219 1203 983 1172 1065 1115 1112 1115 1062 1210 1055 1128 1236 1222 1215 1273 1071 1028 1137 1207 1279 1189 1107 1236 1063 1144 1236 1207
1219 1026 1106 1242 1052 1140 1237 1113 1134 1173 1213 1215 1071 1294 1050 1137 1239 1098 1100 1151 1225 1169 1114 1249 1215 1049 1092 1159 1129 1027 1205 1220
1330 1119 1114 1224 1016 1064 1206 1106 1138 1069 1192 986 1087 1265 1117 1170 1000 1239 1144 1078 1234 1153 1244 1182 1289 1176 1172 1120 1092 1324 1129 1264
1207 1140 1117 1033 1267 1108 1142 1108 1232 1240 1029 1154 1020 1093 1240 1233 1226 1188 1186 1092 1153 1036 1147 1211 1157 1114 1190 1053 1051 1152 1090 1078
1070 1040 1042 1186 1140 1066 1217 1065 1287 1121 1135 1185 1215 1290 1172 1088 1166 1144 1148 1057 1140 1076 1126 1237 1167 1209 1138 1187 1045 1267 1304 1150
1088 1100 1079 1070 1073 1126 1132 1164 1105 1067 1227 1176 1126 1121 1146 1199 1028 1110 1198 1011 1239 983 1137 1080 1258 1048 1193 1146 1210 1110 1173 1120
1291 1260 1222 1215 1066 1103 1184 1058 1308 1068 1166 1153 1133 1151 1063 1195 1221 1090 1142 1136 1301 1158 1034 1170 1176 1145 1183 1118 1105 1046 1085 1140
1144 1149 1241 1306 1266 1081 1184 1296 1305 1227 1127 1280 1140 1121 1219 1107 1133 1234 1162 1184 1049 1159 1235 1137 1154 1197 1127 1016 1197 1258 1172 1090
1243 1131 1122 1152 1229 1157 977 1216 1033 1175 1176 1201 1058 1210 1033 1172 1202 1172 1169 1205 1167 1050 1115 1263 1131 1181 1119 1154 1039 1112 1188 1249
1231 1092 1154 1172 1122 1174 1209 1091 1158 1153 1147 1181 1105 1260 1092 1117 1191 1102 1108 1137 1307 1045 1148 1149 1125 1111 1148 1141 1145 1065 1171 1246
1282 1129 1122 1220 1028 1048 1212 1144 1162 1123 1188 992 1087 1267 1089 1090 974 1177 1142 1100 1216 1173 1202 1164 1211 1200 1192 1124 1170 1312 1131 1192
1163 1022 1073 1093 1233 1138 1088 1068 1258 1170 1067 1182 1078 1177 1200 1163 1228 1190 1200 1194 1163 1096 1217 1263 1129 1200 1148 1045 1133 1130 1040 1042
1106 990 1112 1186 1144 1052 1155 1063 1259 1183 1139 1185 1213 1280 1218 1074 1226 1116 1178 1089 1128 1166 1158 1161 1201 1133 1182 1129 1101 1083 1234 1158
1122 1062 1077 1130 1145 1132 1190 1112 1089 1101 1209 1244 1092 1123 1140 1209 1042 1110 1212 1067 1085 1189 1169 1148 1218 1110 1171 1182 1220 1126 1157 1234
1271 1200 1170 1133 1130 1165 1196 1062 1270 1054 1106 1201 1131 1179 1143 1275 1269 1130 1198 1146 1231 1126 1152 1200 1130 1131 1113 1246 1197 1058 1157 1024
1200 1127 1255 1284 1176 1177 1130 1174 1257 1123 1095 1242 1160 1157 1229 1155 1243 1166 1130 1142 1117 1105 1089 1153 1074 1145 1097 1086 1209 1188 1130 1114
1295 1137 1148 1124 1185 1151 1053 1104 1041 1253 1196 1217 1078 1170 1141 1114 1134 1162 1169 1083 1115 1120 1169 1233 1121 1093 1141 1170 1079 1066 1134 1299
1249 1174 1204 1150 1244 1204 1217 1189 1152 1149 1135 1073 1089 1218 1064 1165 1119 1200 1114 1117 1357 1093 1176 1151 1179 1041 1120 1067 1177 1115 1143 1218
1280 1125 1062 1208 1022 1006 1242 1112 1214 1103 1266 1152 1153 1255 1107 1130 956 1181 1134 1064 1184 1065 1114 1214 1193 1160 1166 1124 1136 1256 1097 1164
1209 1110 1151 1191 1091 1188 1062 1078 1186 1080 1057 1196 1198 1179 1164 1193 1250 1148 1060 1182 1093 1098 1209 1267 1175 1174 1124 1121 1187 1106 1136 1170
1096 1050 1098 1152 1134 1102 1143 1033 1127 1169 1119 1203 1201 1332 1116 1158 1240 1110 1202 1117 1132 1140 1126 1187 1193 1159 1052 1161 1159 1143 1086 1264
1161 1139 1056 1131 1096 1155 1183 1091 1114 1154 1174 1149 1137 1140 1125 1196 1137 1151 1189 1070 1254 1032 1108 1089 1241 1109 1224 1129 1273 1219 1128 1159
1208 1191 1145 1142 1117 1156 1197 1127 1225 1133 1143 1218 1240 1112 1176 1128 1230 1185 1159 1103 1216 1123 1167 1137 1129 1090 1156 1191 1070 1031 1060 1165
1107 1264 1212 1295 1269 1234 1167 1149 1218 1112 1100 1217 1175 1078 1222 1134 1148 1141 1155 1191 1072 1198 1166 1152 1211 1210 1158 1175 1186 1241 1171 1213
1316 1124 1191 1091 1106 1136 1060 1111 1130 1132 1167 1176 993 1141 1034 1153 1221 1193 1132 1200 1198 1123 1100 1252 1240 1236 1160 1093 1188 1203 1175 1224
1156 1103 1247 1173 1091 1141 1216 1096 1151 1170 1170 1240 1130 1149 1099 1174 1226 1113 1095 1126 1206 1080 1219 1192 1180 1094 1079 1078 1142 1076 1230 1165
1213 1122 1073 1163 1041 1101 1223 1127 1169 1222 1143 1049 1148 1216 1190 1095 1069 1154 1171 1069 1229 1168 1161 1251 1202 1143 1197 1187 1179 1267 1150 1145
1148 1123 1144 1214 1150 1135 1169 1191 1097 1249 1144 1237 1109 1186 1211 1206 1207 1097 1133 1127 1236 1015 1154 1158 1094 1353 1267 1130 1084 1139 1189 1111
1119 1107 1177 1141 1087 1083 1270 1102 1272 1146 1146 1148 1196 1207 1139 1105 1247 1105 1105 1016 1103 1173 1153 1238 1132 1120 1157 1114 1130 1128 1169 1249
1186 1108 1007 1070 1167 1160 1184 1118 1105 1159 1239 1066 1028 1097 1200 1219 1028 1130 1138 1081 1261 1037 1129 1068 1308 1042 1169 1060 1338 1106 1157 1142
1243 1150 1140 1123 1044 1105 1222 1060 1254 1134 1138 1221 1261 1129 1135 1257 1263 1124 1160 1150 1187 1144 1132 1076 1082 1083 1149 1186 1145 974 1059 1098
1044 1261 1201 1306 1252 1203 1162 1210 1219 1167 1099 1260 1150 1083 1277 1139 1189 1112 1134 1134 1077 1107 1147 1149 1158 1225 1103 1114 1135 1230 1120 1106
1353 1073 1158 1046 1121 1199 989 1164 1057 1241 1166 1177 1074 1220 1015 1128 1228 1176 1181 1201 1141 1134 1149 1239 1241 1177 1177 1156 1095 1168 1212 1219
1239 1126 1146 1128 1114 1176 1137 1129 1114 1115 1223 1211 1149 1210 1032 1145 1175 1106 1140 1093 1295 1135 1184 1211 1193 1081 1132 1019 1117 983 1187 1188
1318 1129 1040 1228 956 1014 1244 1134 1206 1151 1222 1060 1093 1225 1199 1114 978 1167 1136 1034 1242 1139 1158 1212 1217 1180 1254 1236 1186 1282 1087 1170
1177 1078 1065 1197 1105 1116 1098 1160 1100 1170 1069 1184 1108 1151 1186 1139 1254 1100 1162 1084 1153 1032 1177 1203 1017 1268 1210 1143 1067 1156 1160 1100
1116 1048 1108 1124 1084 1138 1281 1103 1263 1129 1107 1213 1261 1240 1140 1058 1206 1162 1208 1023 1168 1164 1158 1131 1139 1115 1084 1175 1169 1169 1192 1222
1125 1067 992 1131 1142 1117 1239 1109 1084 1120 1204 1087 1077 1128 1215 1186 985 1065 1211 1054 1260 1154 1102 1077 1285 1089 1164 1095 1305 1057 1138 1165
1198 1149 1159 1196 1073 1052 1191 1115 1247 1169 1123 1190 1178 1098 1066 1274 1262 1095 1257 1079 1250 1135 1131 1073 1095 1064 1116 1209 1230 1021 1070 1135
1069 1202 1194 1267 1259 1162 1189 1167 1192 1152 1134 1241 1151 1134 1198 1082 1200 1293 1123 1167 1124 1080 1170 1186 1135 1244 1098 1083 1202 1217 1205 1051
1316 1074 1161 1055 1178 1196 1000 1123 1048 1348 1127 1160 1077 1193 998 1173 1249 1197 1202 1158 1078 1071 1188 1258 1200 1172 1170 1167 1004 1093 1217 1236
1218 1177 1217 1155 1191 1199 1168 1186 1113 1088 1212 1118 1126 1161 1003 1126 1158 1161 1197 1086 1320 1158 1181 1258 1172 1110 1169 1044 1192 1030 1202 1175
1305 1146 1039 1209 963 1093 1187 1177 1131 1168 1219 1109 1076 1238 1196 1151 979 1144 1179 1007 1265 1064 1195 1229 1170 1101 1227 1219 1141 1337 1036 1245
1226 1119 1088 1204 1080 1109 1113 1109 1115 1115 1026 1099 1197 1116 1197 1140 1279 1157 1205 1133 1092 1065 1162 1262 1078 1273 1195 1068 1096 1085 1103 1057
1035 1023 1029 1125 1113 1133 1254 1086 1232 1190 1204 1212 1276 1301 1195 1095 1259 1165 1209 1030 1107 1137 1201 1110 1182 1184 1115 1198 1120 1154 1151 1181
1078 1140 993 1126 1141 1136 1292 1154 1171 1117 1201 1086 1156 1129 1210 1233 1050 1094 1128 1009 1123 1153 1141 1042 1306 1076 1171 1148 1354 1114 1091 1190
1211 1178 1128 1179 1182 1029 1218 1128 1248 1182 1024 1225 1109 1117 1119 1239 1219 1104 1224 1052 1209 1168 1114 998 1118 1077 1117 1220 1231 990 1033 1142
1110 1191 1221 1232 1272 1195 1234 1104 1231 1155 1129 1292 1112 1199 1205 1041 1263 1184 1100 1172 1053 1077 1137 1211 1124 1191 1063 1112 1147 1224 1162 1104
1273 1015 1124 1002 1135 1175 1087 1144 1033 1271 1058 1179 1008 1160 1023 1132 1200 1158 1205 1105 1115 1104 1195 1271 1145 1185 1273 1156 1111 1086 1130 1245
1215 1174 1292 1200 1186 1246 1175 1153 1118 1113 1221 1087 1161 1186 998 1237 1139 1110 1188 1141 1361 1159 1212 1253 1185 1099 1166 1073 1147 1095 1225 1244
1312 1129 1098 1208 998 1130 1196 1160 1158 1123 1220 1220 1061 1199 1181 1152 1012 1127 1166 964 1260 979 1178 1302 1149 1120 1236 1218 1148 1356 1091 1204
1203 1230 1109 1235 1003 1190 1140 1148 1108 1054 1063 1156 1248 1115 1142 1165 1228 1162 1052 1196 1113 1130 1117 1203 1023 1232 1280 1059 1091 1110 1180 1104
1050 1040 1010 1238 1146 1132 1251 1105 1205 1227 1215 1187 1257 1316 1156 1130 1230 1184 1118 1029 1110 1158 1178 1173 1239 1247 1092 1185 1123 1165 1060 1152
1070 1138 973 1140 1069 1192 1334 1124 1213 1093 1197 1108 1236 1159 1136 1305 1130 1216 1030 1081 1105 1095 1131 1010 1320 1016 1245 1172 1338 1182 1119 1288
1189 1260 1094 1169 1272 1077 1216 1138 1304 1114 1074 1195 1119 1125 1149 1225 1247 1130 1210 1078 1201 1180 1124 1034 1116 1157 1099 1114 1199 974 1009 1122
1180 1249 1207 1194 1292 1203 1302 1162 1301 1213 1111 1316 1180 1241 1257 1005 1243 1126 1188 1228 1063 1131 1159 1205 1152 1209 1083 1122 1073 1270 1128 1162
1249 963 1076 1026 1073 1167 1093 1178 1107 1173 1090 1145 1030 1240 1049 1096 1200 1152 1203 1159 1113 1128 1219 1287 1223 1133 1305 1180 1135 1198 1138 1199
1249 1102 1264 1242 1174 1208 1143 1161 1100 1159 1195 1131 1203 1280 1038 1279 1193 1104 1188 1121 1293 1195 1180 1229 1317 1081 1114 1133 1115 1087 1221 1246
1336 1131 1110 1176 974 1108 1210 1142 1238 1075 1168 1156 1031 1165 1119 1158 1024 1209 1148 980 1246 1065 1246 1238 1221 1170 1176 1166 1128 1314 1165 1208
1211 1238 1149 1241 1041 1224 1108 1174 1166 1018 1037 1156 1218 1129 1126 1237 1222 1128 1084 1130 1125 1100 1177 1199 991 1204 1302 1031 1043 1134 1192 1104
1068 1090 994 1278 1182 1100 1205 1165 1247 1187 1169 1185 1285 1330 1160 1084 1200 1234 1046 1047 1114 1174 1156 1183 1229 1159 1118 1175 1085 1285 1148 1076
1065 1119 1000 1121 1054 1173 1265 1145 1112 1066 1208 1089 1207 1158 1133 1310 1117 1213 1089 1132 1210 956 1132 1029 1303 1045 1192 1151 1283 1217 1150 1261
1242 1241 1129 1182 1253 1124 1239 1135 1283 1117 1143 1124 1114 1136 1156 1188 1214 1137 1153 1113 1262 1173 1095 1077 1133 1144 1160 1055 1154 961 1028 1143
1205 1268 1190 1247 1301 1194 1265 1263 1288 1262 1088 1213 1189 1182 1228 1054 1166 1137 1239 1215 1088 1164 1240 1176 1201 1276 1146 1089 1142 1281 1157 1153
1276 1030 1117 1131 1088 1218 1032 1189 1120 1148 1097 1158 1015 1269 1040 1135 1177 1197 1208 1198 1086 1123 1138 1276 1252 1170 1202 1195 1104 1225 1195 1196
1246 1085 1237 1231 1077 1163 1186 1168 1135 1148 1170 1158 1138 1275 1037 1160 1242 1121 1141 1100 1204 1142 1119 1216 1276 1038 1123 1156 1094 1034 1186 1243
1239 1178 1137 1195 993 1125 1197 1135 1231 1046 1103 1037 1060 1264 1124 1091 991 1200 1135 1005 1247 1108 1273 1209 1232 1203 1161 1131 1143 1361 1112 1269
1246 1133 1140 1240 1144 1171 1107 1163 1229 1233 1084 1169 1149 1190 1153 1288 1207 1157 1197 1149 1146 1031 1206 1114 1054 1253 1235 1024 1064 1145 1171 1091
1025 1055 1077 1277 1199 1069 1200 1130 1266 1188 1138 1166 1254 1277 1159 1025 1213 1217 1059 1056 1039 1141 1207 1264 1178 1148 1105 1138 1048 1206 1281 1149
1112 1080 1033 1022 1135 1142 1160 1146 1081 1103 1243 1108 1148 1123 1106 1255 1030 1142 1182 1099 1283 987 1131 1082 1282 1072 1133 1148 1268 1170 1179 1164
1299 1154 1180 1159 1122 1163 1260 1086 1288 1138 1154 1147 1137 1149 1137 1245 1163 1096 1162 1110 1251 1178 1084 1120 1108 1111 1209 1144 1085 998 1069 1134
1164 1205 1235 1314 1222 1129 1250 1282 1283 1199 1121 1242 1160 1103 1213 1119 1193 1130 1210 1182 1067 1161 1249 1139 1186 1233 1137 1114 1145 1286 1172 1138
1297 1119 1138 1126 1105 1189 983 1184 1069 1147 1160 1137 1032 1244 1041 1150 1190 1168 1189 1189 1155 1080 1141 1293 1131 1215 1207 1194 1161 1218 1170 1211
1233 1110 1194 1164 1066 1222 1157 1121 1180 1191 1141 1207 1105 1240 1044 1137 1223 1130 1122 1097 1281 1045 1108 1123 1215 1061 1120 1079 1119 1047 1151 1288
1198 1133 1132 1224 950 1064 1204 1140 1230 1097 1144 1044 1073 1227 1127 1042 956 1135 1122 1066 1210 1151 1150 1168 1195 1220 1192 1118 1188 1318 1079 1186
1185 996 1101 1217 1121 1142 1060 1166 1218 1246 1071 1172 1138 1217 1118 1221 1164 1126 1208 1222 1131 1024 1225 1185 1065 1232 1184 1091 1125 1098 1150 1154
1106 1002 1106 1224 1140 1082 1211 1073 1255 1175 1101 1173 1235 1184 1132 1036 1216 1116 1134 1065 1108 1182 1182 1179 1143 1137 1156 1107 1087 1109 1256 1218
1111 989 1122 1107 1166 1101 1183 1101 1076 1108 1186 1213 1077 1098 1139 1232 991 1127 1233 1146 1134 1216 1118 1161 1227 1115 1166 1197 1211 1121 1194 1185
1268 1117 1183 1108 1121 1202 1189 1051 1229 1087 1145 1180 1140 1128 1088 1310 1254 1131 1181 1121 1210 1137 1159 1151 1105 1110 1132 1235 1216 1031 1156 1033
1191 1152 1230 1279 1155 1148 1167 1157 1250 1066 1082 1259 1159 1110 1190 1138 1276 1177 1171 1137 1148 1110 1142 1164 1077 1164 1108 1123 1214 1173 1173 1103
1312 1180 1175 1133 1098 1188 1034 1083 1036 1298 1213 1168 1133 1215 1118 1115 1171 1167 1184 1080 1082 1113 1136 1214 1124 1106 1206 1187 1098 1057 1167 1274
1212 1143 1155 1133 1201 1249 1160 1212 1155 1174 1110 1102 1112 1151 1043 1200 1144 1167 1127 1098 1326 1090 1145 1126 1212 1048 1153 1030 1160 1114 1146 1205
1235 1102 1039 1215 987 1033 1253 1147 1205 1114 1259 1165 1154 1218 1168 1113 941 1118 1117 1091 1173 1098 1079 1185 1154 1173 1165 1159 1113 1263 1050 1165
1214 1067 1152 1212 1048 1141 1011 1115 1141 1097 1068 1135 1205 1154 1141 1220 1207 1097 1147 1169 1070 1065 1198 1292 1176 1159 1093 1146 1188 1123 1165 1207
1139 1027 1119 1135 1111 1155 1214 1046 1136 1162 1142 1186 1218 1275 1067 1151 1225 1113 1223 1108 1123 1105 1139 1128 1130 1148 1053 1156 1170 1128 1125 1249
1114 1188 1035 1154 1101 1192 1188 1092 1205 1119 1165 1160 1162 1163 1130 1199 1164 1192 1132 1069 1207 1123 1121 1062 1234 1082 1259 1172 1270 1222 1139 1170
1193 1242 1146 1135 1136 1169 1212 1148 1266 1152 1122 1263 1175 1105 1117 1085 1247 1082 1156 1068 1221 1106 1134 1126 1176 1129 1149 1198 1039 1036 1081 1180
1102 1257 1215 1258 1292 1199 1208 1072 1231 1111 1131 1206 1168 1195 1217 1103 1169 1132 1148 1230 1083 1255 1181 1167 1156 1191 1153 1166 1135 1252 1080 1218
1303 1099 1162 1036 1157 1095 1079 1120 1081 1111 1158 1185 994 1100 999 1126 1246 1166 1115 1179 1225 1120 1095 1245 1207 1221 1199 1116 1145 1162 1186 1211
1091 1076 1208 1230 1114 1144 1209 1109 1158 1223 1163 1207 1157 1198 1100 1193 1207 1082 1132 1105 1231 1157 1196 1181 1201 1159 1062 1161 1139 1101 1261 1220
1242 1115 1090 1126 960 1088 1214 1092 1162 1251 1150 1096 1079 1189 1163 1134 1050 1119 1156 1118 1252 1139 1206 1236 1155 1162 1148 1206 1156 1224 1175 1186
1159 1212 1165 1193 1147 1166 1146 1180 1134 1166 1159 1280 1148 1169 1176 1191 1142 1174 1082 1070 1185 1058 1131 1175 1119 1264 1266 1075 1099 1106 1150 1090
1148 1110 1192 1216 1148 1102 1229 1137 1221 1171 1169 1171 1247 1212 1156 1064 1198 1140 1058 1067 1144 1182 1158 1211 1097 1109 1142 1137 1161 1107 1124 1208
1120 1160 973 1074 1121 1174 1158 1088 1157 1109 1207 1074 1132 1149 1164 1227 1106 1186 1066 1055 1261 1047 1161 1056 1312 1066 1201 1150 1296 1184 1159 1184
1185 1214 1090 1169 1216 1113 1282 1112 1276 1226 1120 1227 1225 1185 1129 1165 1263 1070 1180 1132 1233 1202 1088 1086 1068 1161 1137 1118 1099 974 1059 1116
1062 1279 1169 1236 1246 1193 1200 1156 1205 1225 1121 1186 1164 1157 1255 1115 1135 1084 1188 1174 1067 1151 1169 1175 1176 1173 1089 1084 1159 1250 1060 1108
1317 1029 1174 1066 1175 1127 999 1230 1071 1199 1148 1209 1010 1168 1047 1144 1242 1194 1205 1173 1157 1178 1147 1245 1229 1153 1143 1190 1063 1152 1202 1191
1175 1106 1224 1158 1086 1126 1163 1111 1146 1133 1211 1181 1135 1240 1044 1095 1193 1150 1124 1117 1297 1139 1138 1231 1249 1105 1152 1133 1131 1003 1253 1208
1304 1133 1114 1132 916 1032 1234 1086 1218 1159 1164 1060 1067 1249 1125 1096 1000 1193 1144 1066 1298 1099 1216 1256 1243 1170 1196 1200 1220 1282 1137 1262
1145 1152 1085 1163 1181 1146 1150 1156 1206 1216 1077 1214 1096 1185 1178 1205 1214 1186 1146 1074 1199 1054 1181 1117 1081 1242 1210 1093 1047 1096 1078 1112
1026 1046 1094 1200 1138 1112 1227 1093 1279 1177 1155 1169 1265 1222 1136 976 1176 1160 1122 1051 1102 1134 1184 1207 1133 1163 1120 1217 1177 1235 1242 1300
1138 1050 1041 1108 1203 1094 1152 1138 1117 1099 1295 1036 1120 1103 1158 1209 1066 1140 1170 1091 1267 1093 1139 1052 1324 1092 1187 1066 1260 1076 1097 1162
1203 1168 1170 1181 1144 1091 1288 1098 1226 1216 1116 1149 1121 1179 1069 1241 1243 1040 1252 1126 1289 1170 1104 1076 1026 1131 1159 1130 1183 1008 1009 1138
1110 1237 1231 1234 1248 1117 1204 1196 1189 1213 1071 1222 1112 1105 1221 1095 1215 1228 1202 1152 1093 1103 1195 1163 1146 1191 1101 1082 1189 1262 1112 1026
1329 1081 1144 1060 1163 1173 959 1174 983 1279 1156 1139 1070 1212 1033 1204 1248 1186 1213 1161 1137 1082 1203 1281 1175 1155 1165 1162 1075 1142 1176 1193
1189 1198 1186 1104 1116 1172 1157 1197 1184 1097 1197 1139 1105 1168 1014 1111 1165 1164 1170 1155 1345 1139 1110 1223 1161 1145 1202 1073 1187 1027 1197 1224
1286 1169 1136 1208 944 1036 1216 1126 1146 1103 1206 1124 1073 1221 1139 1088 922 1159 1134 1050 1250 987 1190 1232 1219 1094 1288 1220 1146 1342 1115 1240
1145 1084 1047 1161 1149 1054 1042 1082 1188 1178 1065 1114 1174 1169 1126 1181 1204 1138 1144 1196 1115 1092 1173 1155 1051 1206 1206 1063 1129 1088 1062 1114
1040 1036 1068 1174 1140 1094 1193 1123 1283 1183 1143 1191 1289 1200 1136 1022 1230 1136 1184 1049 1086 1088 1206 1087 1121 1219 1144 1195 1161 1209 1204 1224
1067 1049 1016 1117 1200 1105 1237 1173 1228 1124 1326 1131 1119 1082 1167 1212 1069 1123 1181 1018 1188 1174 1134 1029 1243 1087 1146 1057 1347 1081 1130 1227
1218 1197 1185 1172 1083 1106 1243 1133 1199 1165 1071 1186 1114 1162 1024 1272 1198 1023 1295 1091 1252 1151 1153 1007 1137 1098 1126 1183 1244 989 1046 1123
1163 1180 1228 1203 1287 1108 1173 1111 1198 1166 1016 1213 1099 1206 1170 1136 1288 1171 1127 1135 1088 1088 1128 1172 1105 1206 1082 1121 1178 1253 1089 1051
1300 1046 1101 951 1104 1140 1028 1131 966 1274 1083 1152 1073 1193 986 1177 1181 1173 1182 1128 1094 1029 1214 1260 1134 1136 1272 1185 1076 1069 1131 1190
1258 1189 1237 1119 1205 1211 1176 1222 1171 1070 1180 1066 1176 1193 1023 1238 1146 1133 1221 1154 1360 1184 1079 1212 1090 1166 1169 1096 1188 1138 1168 1305
1325 1190 1123 1197 931 1119 1185 1151 1147 1104 1241 1175 1062 1180 1120 1217 955 1112 1133 1049 1231 1026 1229 1195 1140 1137 1287 1195 1067 1331 1088 1223
1232 1197 1072 1178 1052 1077 1021 1085 1179 1035 1078 1117 1177 1114 1115 1198 1235 1121 1095 1163 1026 1161 1172 1240 1028 1183 1241 1062 1106 1167 1119 1117
1085 1063 1017 1157 1161 1127 1150 1176 1192 1200 1158 1176 1230 1331 1189 1041 1225 1219 1167 1090 1115 1143 1131 1098 1124 1210 1101 1164 1084 1210 1129 1141
1122 1122 947 1136 1111 1172 1296 1134 1253 1157 1263 1188 1170 1141 1200 1257 1090 1106 1150 1051 1187 1187 1127 1026 1196 1098 1169 1098 1400 1180 1185 1306
1247 1258 1120 1191 1160 1129 1214 1132 1208 1114 1082 1253 1051 1165 1061 1181 1139 1032 1246 1058 1193 1158 1168 1020 1222 1125 1097 1166 1223 1004 1089 1128
1180 1169 1205 1172 1364 1119 1200 1068 1223 1199 1015 1202 1114 1283 1111 1139 1235 1142 1084 1212 1079 1133 1113 1157 1082 1227 1069 1128 1127 1238 1074 1110
1285 1003 1070 1010 1159 1117 1091 1158 1013 1199 1064 1191 1002 1152 997 1176 1196 1156 1153 1191 1105 1084 1217 1245 1195 1181 1251 1186 1093 1152 1090 1231
1303 1166 1254 1166 1166 1202 1143 1139 1172 1077 1265 1073 1125 1288 1068 1175 1131 1188 1246 1127 1305 1149 1098 1225 1125 1117 1158 1151 1129 1161 1221 1220
1332 1183 1130 1060 894 1138 1194 1160 1164 1113 1196 1146 1067 1159 1109 1250 998 1171 1176 1072 1256 1079 1276 1188 1157 1234 1204 1184 1098 1300 1135 1202
1255 1204 1067 1251 1091 1138 1118 1132 1224 1066 1075 1170 1158 1155 1140 1243 1216 1200 1124 1168 1099 1150 1191 1219 1051 1192 1276 1043 1069 1186 1134 1080
1100 1110 974 1218 1204 1150 1169 1121 1175 1155 1103 1189 1217 1352 1200 1064 1194 1280 1092 1101 1052 1166 1136 1161 1115 1203 1090 1233 1057 1239 1166 1134
1125 1155 928 1087 1084 1141 1229 1129 1190 1148 1206 1147 1173 1152 1177 1234 1127 1123 1161 1074 1238 1126 1124 1065 1217 1075 1168 1167 1383 1257 1164 1265
1226 1203 1069 1196 1237 1192 1253 1111 1257 1083 1089 1212 1062 1136 1162 1106 1142 1073 1137 1105 1178 1149 1111 1055 1183 1120 1154 1153 1158 1019 1098 1113
1177 1206 1214 1257 1359 1196 1237 1117 1254 1168 1044 1189 1127 1248 1164 1130 1220 1103 1123 1207 1018 1222 1152 1116 1155 1216 1092 1143 1146 1287 1099 1155
1310 1034 1063 1087 1234 1178 1110 1175 1066 1140 1079 1250 943 1147 1038 1147 1223 1197 1138 1168 1166 1155 1152 1258 1224 1214 1160 1175 1138 1223 1111 1216
1268 1159 1209 1227 1125 1207 1170 1082 1157 1132 1230 1130 1094 1303 1043 1132 1116 1235 1209 1132 1256 1114 1135 1220 1158 1050 1165 1166 1082 1094 1246 1201
1301 1170 1131 1029 919 1117 1251 1133 1203 1134 1141 1123 1118 1254 1172 1167 1003 1160 1173 1131 1287 1108 1227 1221 1188 1251 1183 1185 1167 1341 1100 1207
1240 1145 1104 1224 1124 1177 1173 1149 1269 1197 1112 1197 1139 1228 1155 1268 1225 1239 1141 1161 1136 1065 1238 1150 1104 1279 1239 1084 992 1173 1165 1105
1107 1111 1025 1247 1203 1143 1224 1090 1224 1100 1080 1172 1206 1255 1179 1023 1187 1187 1109 1090 1035 1147 1153 1254 1092 1182 1035 1170 1096 1196 1195 1209
1188 1160 999 1038 1141 1144 1098 1116 1187 1175 1193 1086 1084 1095 1138 1231 1082 1150 1124 1103 1259 1089 1143 1074 1298 1106 1159 1158 1316 1218 1213 1158
1249 1126 1056 1145 1182 1225 1274 1076 1278 1106 1148 1203 1149 1101 1193 1131 1179 1100 1140 1170 1173 1150 1052 1080 1094 1111 1213 1170 1101 1034 1071 1080
1082 1271 1223 1326 1282 1237 1238 1148 1237 1151 1053 1236 1142 1121 1237 1205 1213 1030 1212 1168 983 1225 1197 1149 1176 1193 1107 1182 1187 1286 1066 1182
1353 1109 1160 1080 1191 1227 1039 1158 1063 1143 1126 1229 988 1218 1083 1146 1228 1204 1223 1171 1211 1178 1165 1265 1223 1209 1127 1156 1181 1250 1150 1213
1213 1114 1150 1140 1056 1176 1137 1065 1152 1157 1243 1235 1087 1268 1040 1087 1161 1218 1092 1127 1257 1097 1152 1173 1185 1045 1116 1095 1079 1035 1237 1208
1240 1139 1098 1058 932 1070 1252 1114 1252 1151 1166 1128 1169 1229 1215 1084 986 1147 1156 1116 1276 1135 1142 1226 1225 1256 1214 1168 1198 1332 1091 1184
1175 1100 1109 1207 1161 1180 1168 1234 1214 1264 1081 1186 1098 1221 1164 1209 1220 1156 1146 1184 1161 1002 1245 1159 1077 1240 1216 1127 1015 1184 1186 1176
1104 1062 1090 1204 1166 1146 1329 1079 1281 1093 1037 1175 1241 1206 1128 982 1152 1076 1136 1053 1084 1186 1188 1243 1095 1183 1048 1153 1123 1173 1240 1282
1177 1005 1106 1153 1194 1113 1121 1099 1100 1148 1136 1139 1051 1106 1157 1206 1023 1159 1159 1224 1234 1214 1084 1129 1261 1097 1154 1157 1211 1147 1192 1173
1238 1115 1153 1130 1139 1234 1215 1055 1219 1101 1171 1184 1168 1082 1090 1272 1306 1105 1157 1179 1202 1129 1131 1133 1039 1132 1192 1185 1228 1075 1110 1053
1125 1206 1208 1277 1169 1170 1143 1161 1226 1052 1076 1251 1155 1102 1234 1162 1266 1211 1197 1117 1114 1194 1178 1150 1113 1200 1102 1201 1230 1209 1165 1091
1314 1194 1187 1133 1180 1212 1010 1105 1038 1296 1245 1172 1141 1239 1152 1137 1195 1207 1194 1060 1108 1173 1166 1218 1196 1102 1088 1175 1084 1131 1253 1266
1194 1153 1119 1111 1141 1203 1182 1188 1159 1126 1182 1122 1102 1133 1085 1106 1106 1185 1093 1104 1296 1142 1185 1178 1166 1076 1179 1022 1126 1078 1190 1159
1219 1106 1039 1165 947 1047 1279 1121 1233 1140 1233 1153 1190 1240 1232 1091 967 1132 1111 1127 1213 1094 1103 1195 1190 1201 1175 1193 1141 1283 1080 1167
1144 1065 1132 1194 1108 1135 1045 1119 1105 1153 1054 1129 1179 1132 1155 1194 1193 1121 1157 1121 1070 1021 1252 1266 1172 1151 1105 1140 1120 1189 1189 1167
1113 1051 1091 1127 1091 1143 1258 1092 1224 1130 1068 1204 1252 1237 1057 1093 1183 1071 1235 1072 1125 1067 1177 1152 1064 1212 1043 1144 1200 1168 1209 1257
1107 1179 1056 1191 1118 1213 1209 1113 1194 1136 1184 1213 1179 1160 1209 1204 1177 1165 1125 1080 1146 1126 1126 1059 1207 1077 1242 1151 1265 1175 1162 1203
1224 1245 1167 1204 1073 1146 1177 1125 1249 1125 1157 1244 1130 1182 1074 1088 1198 999 1197 1079 1204 1121 1133 1183 1223 1164 1174 1153 1030 1017 1154 1181
1105 1184 1270 1211 1301 1120 1207 1041 1274 1144 1156 1231 1135 1208 1188 1132 1176 1145 1149 1261 1074 1246 1166 1132 1171 1166 1188 1109 1146 1257 1113 1187
1252 1098 1101 989 1188 1102 1074 1151 1068 1134 1123 1154 1013 1121 974 1149 1221 1159 1094 1174 1182 1075 1110 1248 1146 1222 1158 1137 1088 1163 1181 1202
1120 1087 1183 1239 1101 1171 1202 1112 1165 1244 1180 1168 1122 1245 1141 1192 1232 1061 1115 1104 1236 1186 1147 1254 1218 1142 1075 1152 1112 1156 1210 1221
1215 1102 1123 1127 953 1103 1201 1123 1113 1290 1137 1113 1040 1216 1126 1165 1027 1140 1167 1157 1267 1152 1273 1175 1174 1227 1111 1185 1135 1189 1186 1119
1168 1211 1166 1170 1170 1197 1163 1127 1145 1089 1098 1293 1131 1100 1159 1198 1149 1195 1067 1113 1186 1113 1166 1204 1136 1209 1209 1080 1156 1167 1141 1091
1163 1137 1191 1267 1177 1107 1146 1148 1168 1202 1146 1184 1206 1237 1189 1107 1173 1187 1065 1098 1149 1179 1161 1158 1124 1150 1209 1160 1152 1114 1099 1175
1085 1211 910 1159 1102 1199 1221 1101 1230 1122 1238 1137 1199 1202 1163 1230 1167 1189 1055 1052 1234 1154 1162 1047 1269 1071 1176 1197 1327 1199 1072 1263
1188 1223 1081 1196 1207 1194 1321 1105 1295 1185 1077 1238 1134 1260 1158 1082 1238 1041 1219 1085 1236 1169 1105 1107 1095 1176 1140 1137 1096 1017 1094 1083
1097 1214 1210 1243 1273 1210 1231 1107 1250 1228 1156 1161 1133 1216 1242 1124 1114 1081 1173 1231 1024 1204 1164 1164 1235 1194 1150 1085 1154 1331 1071 1151
1316 982 1113 957 1220 1134 1012 1241 1088 1204 1093 1180 929 1093 1046 1163 1221 1211 1144 1156 1178 1139 1120 1272 1134 1118 1128 1205 1046 1193 1155 1222
1210 1111 1251 1221 1093 1131 1172 1124 1145 1130 1196 1088 1140 1291 1061 1110 1178 1173 1105 1128 1298 1186 1145 1286 1252 1090 1161 1142 1126 1062 1272 1257
1301 1114 1129 1069 889 1087 1213 1103 1181 1236 1127 1103 1058 1234 1068 1147 991 1220 1193 1095 1313 1052 1259 1279 1198 1233 1111 1191 1225 1253 1146 1277
1154 1263 1110 1204 1202 1161 1177 1145 1229 1169 1078 1257 1133 1178 1139 1222 1211 1239 1049 1117 1152 1057 1168 1118 1166 1263 1225 1036 1068 1149 1099 1089
1065 1059 1103 1295 1213 1095 1174 1134 1220 1204 1180 1160 1258 1297 1167 965 1179 1193 1047 1086 1079 1183 1191 1280 1184 1222 1117 1148 1138 1226 1111 1221
1122 1136 987 1096 1171 1112 1182 1160 1177 1097 1259 1036 1172 1095 1118 1223 1114 1154 1046 1101 1271 1107 1159 1008 1314 1126 1167 1140 1316 1202 1119 1192
1191 1150 1080 1195 1232 1179 1340 1062 1290 1222 1138 1199 1125 1239 1167 1173 1187 1072 1222 1124 1245 1152 1096 1064 1024 1199 1155 1094 1147 978 1049 1096
1098 1261 1195 1210 1230 1193 1270 1140 1199 1241 1071 1152 1136 1169 1235 1123 1173 1104 1220 1196 1021 1137 1191 1161 1210 1179 1135 1086 1165 1336 1158 1118
1313 1017 1096 1012 1177 1193 979 1232 1081 1249 1152 1141 1002 1194 1081 1146 1238 1200 1195 1173 1153 1138 1169 1279 1175 1117 1179 1192 1055 1188 1188 1161
1225 1142 1230 1156 1042 1144 1131 1151 1144 1095 1185 1133 1135 1230 1046 1119 1151 1166 1100 1151 1327 1153 1104 1231 1225 1097 1228 1085 1155 1043 1235 1266
1264 1141 1120 1110 928 1090 1230 1116 1158 1143 1164 1138 1077 1231 1081 1128 970 1181 1166 1064 1276 1005 1192 1288 1235 1196 1196 1204 1196 1280 1123 1286
1175 1156 1099 1211 1175 1128 1140 1192 1196 1230 1085 1144 1168 1183 1088 1189 1180 1184 1110 1192 1187 1042 1155 1103 1077 1234 1242 1041 1073 1100 1112 1098
974 1032 1080 1270 1226 1084 1197 1133 1281 1165 1123 1187 1265 1264 1144 984 1194 1168 1138 1041 1080 1150 1234 1205 1127 1233 1130 1179 1171 1255 1218 1246
1084 1036 1043 1082 1175 1058 1182 1182 1161 1109 1297 1060 1102 1083 1116 1207 1068 1154 1090 1177 1199 1123 1147 1038 1300 1092 1163 1070 1336 1116 1167 1176
1211 1132 1158 1183 1162 1159 1324 1062 1214 1196 1124 1185 1111 1211 1127 1257 1165 1034 1202 1128 1269 1146 1090 1060 1054 1187 1155 1142 1195 908 1053 1130
1102 1215 1181 1248 1230 1141 1224 1128 1203 1199 1083 1182 1114 1117 1191 1143 1247 1166 1208 1130 1049 1107 1191 1183 1144 1203 1141 1064 1199 1278 1150 1070
1319 1047 1086 1040 1125 1181 987 1176 1025 1289 1168 1133 1072 1236 1087 1144 1224 1160 1227 1175 1081 1098 1209 1283 1167 1137 1231 1188 1057 1130 1148 1197
1251 1162 1144 1146 1132 1174 1123 1199 1128 1089 1159 1099 1137 1186 1034 1151 1157 1122 1162 1143 1333 1155 1100 1181 1179 1121 1200 1033 1177 1063 1171 1282
1250 1171 1090 1160 888 1104 1212 1132 1210 1143 1204 1164 1077 1217 1127 1166 954 1167 1136 1074 1222 1011 1202 1252 1243 1202 1222 1210 1140 1288 1107 1236
1211 1094 1121 1189 1103 1120 1058 1154 1192 1138 1087 1116 1190 1155 1100 1197 1180 1130 1128 1194 1113 1046 1163 1195 1061 1180 1216 1061 1085 1146 1112 1144
1026 1002 1014 1202 1170 1112 1185 1139 1255 1159 1105 1205 1281 1236 1192 962 1192 1162 1142 1073 1122 1168 1190 1133 1117 1215 1106 1151 1151 1233 1224 1232
1060 1060 1033 1050 1161 1052 1178 1160 1193 1115 1279 1144 1092 1089 1146 1209 1038 1138 1106 1171 1165 1149 1113 1076 1240 1106 1159 1094 1338 1122 1211 1214
1261 1176 1220 1173 1136 1155 1284 1106 1206 1144 1122 1241 1109 1217 1041 1267 1131 988 1216 1122 1243 1142 1116 1042 1156 1219 1141 1184 1181 906 1073 1136
1106 1169 1189 1230 1272 1143 1214 1092 1249 1189 1065 1178 1102 1147 1143 1191 1245 1174 1130 1124 1067 1149 1139 1171 1082 1213 1125 1102 1195 1234 1096 1096
1331 1045 1096 1024 1125 1153 1043 1134 1003 1279 1140 1111 1062 1184 1035 1134 1198 1136 1243 1195 1049 1046 1199 1283 1179 1177 1207 1220 1083 1078 1098 1217
1261 1206 1138 1142 1150 1190 1085 1165 1134 1105 1157 1057 1131 1196 1046 1179 1191 1138 1196 1115 1311 1169 1078 1159 1153 1111 1134 1061 1187 1123 1153 1288
1264 1131 1060 1122 882 1132 1228 1142 1204 1159 1220 1152 1087 1229 1123 1214 950 1159 1146 1116 1228 1047 1236 1212 1243 1244 1188 1198 1118 1304 1095 1194
1253 1108 1123 1165 1069 1154 1038 1128 1220 1070 1087 1158 1184 1161 1104 1261 1224 1148 1116 1192 1077 1100 1109 1249 1109 1130 1238 1065 1079 1172 1134 1198
1122 1002 990 1176 1114 1148 1161 1141 1197 1157 1123 1183 1243 1256 1164 980 1172 1182 1102 1059 1134 1174 1194 1137 1099 1209 1102 1173 1133 1191 1212 1238
1087 1119 988 1099 1140 1067 1189 1129 1244 1140 1212 1161 1125 1082 1187 1208 1049 1111 1111 1148 1112 1180 1074 1113 1231 1083 1200 1121 1311 1201 1232 1255
1220 1221 1207 1172 1127 1174 1255 1127 1211 1097 1099 1242 1132 1186 1028 1174 1142 953 1153 1123 1164 1147 1107 1039 1177 1216 1134 1279 1198 963 1168 1077
1085 1164 1182 1231 1309 1164 1163 1055 1232 1192 1058 1225 1099 1150 1122 1232 1232 1183 1145 1109 1060 1250 1112 1158 1027 1140 1098 1131 1220 1191 1061 1095
1352 1112 1145 1073 1234 1156 1136 1135 1010 1278 1075 1176 995 1143 1064 1123 1205 1157 1222 1148 1078 1093 1138 1256 1210 1200 1180 1215 1130 1097 1041 1242
1284 1257 1067 1213 1179 1211 1102 1118 1131 1138 1156 1070 1102 1221 1023 1200 1150 1217 1197 1116 1292 1174 1101 1162 1172 1080 1177 1088 1186 1114 1194 1245
1279 1120 1051 1089 901 1091 1209 1151 1229 1196 1249 1213 1138 1226 1146 1229 969 1172 1153 1187 1273 1106 1213 1203 1220 1215 1113 1217 1049 1315 1072 1187
1284 1159 1086 1162 1036 1201 1125 1085 1275 1023 1108 1183 1127 1204 1175 1302 1229 1201 1093 1187 1062 1119 1030 1282 1200 1131 1239 1088 1038 1155 1115 1193
1193 1057 985 1123 1119 1159 1122 1056 1154 1114 1114 1176 1162 1279 1203 1009 1163 1173 1131 1076 1137 1133 1147 1200 1102 1232 1061 1224 1102 1198 1189 1273
1144 1208 919 1100 1119 1148 1120 1110 1313 1179 1171 1104 1110 1063 1182 1255 1084 1130 1088 1075 1175 1165 1133 1104 1248 1088 1231 1152 1278 1250 1207 1256
1215 1232 1166 1187 1172 1225 1246 1096 1238 1034 1142 1187 1181 1083 1093 1071 1199 1038 1120 1090 1159 1130 1062 1060 1194 1163 1173 1294 1115 996 1153 1044
1032 1261 1193 1306 1336 1227 1146 1098 1209 1195 1079 1268 1122 1121 1209 1243 1185 1042 1216 1116 1033 1271 1131 1149 1052 1157 1095 1154 1227 1204 1022 1130
1335 1091 1200 1070 1301 1207 1091 1168 1023 1157 1062 1231 998 1190 1141 1122 1232 1208 1235 1157 1097 1126 1073 1199 1303 1229 1093 1198 1181 1184 1092 1271
1269 1148 1030 1218 1132 1214 1137 1059 1154 1159 1223 1181 1061 1278 1050 1201 1137 1242 1146 1143 1239 1199 1160 1217 1167 1001 1114 1153 1123 1067 1219 1164
1316 1097 1036 1090 958 1094 1240 1122 1216 1187 1234 1148 1179 1177 1169 1172 1068 1249 1166 1214 1302 1131 1196 1214 1271 1198 1114 1172 1072 1280 1057 1212
1217 1202 1085 1115 1149 1216 1168 1146 1296 1138 1071 1266 1056 1189 1240 1293 1242 1196 1084 1128 1125 1040 1101 1219 1227 1126 1242 1079 997 1184 1128 1166
1144 1076 998 1152 1134 1162 1177 1069 1153 1047 1087 1203 1141 1292 1186 980 1172 1124 1142 1053 1162 1108 1160 1287 1131 1247 1006 1227 1073 1277 1176 1272
1172 1104 1029 1200 1133 1128 1116 1114 1205 1145 1071 1130 1088 1121 1174 1193 1106 1124 1132 1197 1247 1215 1099 1110 1256 1088 1181 1152 1204 1230 1171 1170
1193 1190 1110 1165 1164 1223 1200 1044 1230 1072 1240 1193 1151 1075 1099 1131 1307 1096 1160 1144 1211 1152 1118 1170 1076 1175 1175 1146 1137 1118 1091 1054
1070 1201 1215 1256 1234 1193 1106 1206 1219 1143 1091 1254 1140 1147 1283 1153 1177 1172 1214 1162 1077 1275 1153 1097 1122 1175 1119 1168 1235 1232 1148 1110
1249 1123 1150 1130 1291 1199 1059 1138 1061 1199 1208 1219 1072 1240 1215 1132 1208 1206 1171 1121 1123 1160 1131 1167 1235 1091 997 1158 1093 1194 1228 1291
1217 1154 1126 1148 1072 1200 1229 1119 1142 1165 1167 1131 1091 1242 1122 1069 1111 1182 1120 1141 1267 1143 1238 1229 1143 1047 1164 1095 1153 1061 1203 1112
1270 1071 1078 1130 1000 1062 1254 1132 1190 1177 1216 1096 1157 1221 1175 1136 1044 1229 1154 1178 1314 1101 1154 1246 1251 1198 1122 1164 1190 1230 1101 1206
1157 1114 1121 1121 1229 1204 1136 1098 1188 1210 1061 1196 1088 1153 1242 1229 1214 1192 1082 1118 1113 1040 1169 1207 1257 1154 1148 1055 1099 1226 1152 1102
1106 1108 1078 1168 1144 1086 1197 1091 1177 1061 1095 1203 1189 1222 1118 1088 1194 1058 1226 1065 1166 1032 1142 1269 1111 1259 1068 1169 1169 1259 1192 1226
1147 1155 1098 1157 1100 1193 1169 1153 1126 1178 1210 1233 1113 1126 1233 1198 1167 1109 1155 1092 1172 1088 1146 1111 1203 1103 1216 1113 1207 1149 1190 1151
1304 1233 1217 1198 1025 1132 1127 1117 1245 1127 1217 1230 1130 1182 1054 1150 1138 1057 1223 1123 1178 1139 1127 1215 1241 1140 1148 1123 1052 1045 1134 1191
1121 1146 1300 1219 1301 1106 1211 1097 1304 1176 1092 1225 1125 1176 1226 1178 1130 1209 1133 1227 1098 1200 1176 1108 1169 1158 1180 1079 1172 1263 1119 1145
1250 1114 1117 1047 1200 1142 1028 1147 1078 1158 1123 1148 1063 1139 992 1137 1133 1171 1072 1202 1158 1047 1122 1250 1146 1204 1132 1123 1084 1137 1199 1168
1128 1091 1149 1257 1095 1149 1208 1090 1187 1212 1196 1170 1100 1245 1147 1180 1300 1063 1113 1110 1256 1138 1159 1260 1182 1152 1079 1156 1118 1144 1134 1199
1217 1132 1171 1163 1015 1083 1185 1135 1057 1244 1149 1107 1024 1212 1112 1161 1011 1136 1179 1163 1171 1168 1257 1119 1190 1227 1155 1163 1139 1153 1192 1051
1170 1165 1130 1160 1178 1171 1167 1155 1145 1147 1088 1269 1097 1048 1123 1198 1137 1141 1099 1119 1216 1119 1212 1216 1126 1237 1163 1156 1194 1217 1133 1089
1129 1125 1169 1239 1129 1127 1134 1138 1186 1200 1088 1180 1196 1227 1197 1171 1173 1157 1091 1104 1163 1147 1113 1116 1162 1168 1205 1176 1150 1096 1131 1181
1118 1228 901 1180 1097 1172 1222 1158 1215 1169 1249 1250 1138 1103 1210 1179 1184 1154 1144 1031 1171 1129 1207 1080 1248 1098 1171 1164 1290 1170 1141 1244
1265 1238 1134 1201 1112 1179 1234 1112 1304 1154 1092 1287 1101 1251 1101 1101 1151 1040 1242 1094 1183 1188 1116 1130 1162 1159 1177 1158 1133 1030 1151 1076
1132 1125 1303 1216 1294 1173 1220 1080 1253 1191 1109 1188 1078 1241 1237 1171 1163 1090 1118 1202 1037 1233 1115 1147 1156 1137 1121 1098 1145 1300 1044 1170
1277 1015 1074 944 1277 1143 1035 1242 1019 1225 1060 1203 944 1092 1019 1152 1142 1178 1097 1145 1173 1074 1121 1311 1077 1193 1161 1194 1063 1130 1132 1249
1241 1122 1204 1244 1130 1160 1151 1127 1188 1159 1195 1045 1109 1312 1096 1177 1199 1170 1104 1131 1347 1159 1146 1287 1161 1157 1144 1161 1093 1149 1195 1254
1292 1147 1108 1096 908 1080 1192 1122 1142 1247 1162 1116 1061 1239 1057 1226 970 1157 1198 1146 1236 1105 1240 1190 1133 1260 1122 1168 1174 1230 1175 1136
1167 1252 1105 1169 1169 1152 1206 1110 1242 1110 1057 1296 1106 1149 1112 1189 1200 1214 1030 1144 1089 1100 1195 1149 1179 1262 1210 1107 1145 1224 1130 1126
1122 1082 1080 1252 1170 1158 1131 1137 1141 1207 1121 1183 1247 1308 1188 1020 1156 1198 1052 1139 1128 1206 1160 1255 1189 1213 1150 1137 1151 1139 1064 1210
1103 1215 882 1155 1126 1131 1181 1129 1274 1158 1244 1143 1149 1118 1181 1204 1145 1137 1067 1060 1254 1170 1188 1043 1261 1103 1212 1191 1365 1175 1146 1255
1216 1225 1083 1182 1201 1242 1279 1085 1303 1155 1117 1266 1076 1204 1156 1102 1156 1021 1247 1101 1168 1187 1095 1081 1115 1198 1114 1161 1156 1035 1082 1085
1115 1224 1230 1233 1297 1212 1233 1059 1248 1192 1064 1165 1111 1282 1244 1194 1154 1077 1161 1245 1008 1212 1118 1160 1181 1184 1104 1071 1168 1319 1043 1117
1316 1002 1073 917 1290 1160 1012 1251 1050 1208 1087 1200 945 1101 1078 1121 1165 1183 1108 1184 1156 1127 1148 1288 1098 1144 1126 1177 1068 1179 1143 1252
1236 1123 1179 1197 1079 1155 1154 1116 1183 1120 1220 1068 1122 1305 1077 1114 1148 1223 1107 1138 1338 1152 1133 1292 1160 1122 1173 1142 1116 1120 1236 1219
1321 1112 1125 1057 893 1117 1193 1101 1137 1188 1137 1161 1044 1246 1066 1195 991 1208 1179 1159 1271 1040 1253 1275 1172 1245 1109 1171 1181 1241 1156 1225
1168 1241 1118 1204 1202 1129 1207 1147 1245 1185 1064 1207 1133 1174 1111 1200 1195 1237 1041 1153 1112 1041 1198 1102 1172 1227 1203 1090 1086 1207 1119 1119
1025 1045 1055 1267 1211 1143 1186 1154 1202 1142 1092 1198 1252 1317 1189 989 1139 1167 1079 1090 1097 1183 1187 1258 1174 1266 1091 1156 1146 1264 1111 1235
1109 1141 924 1139 1156 1105 1183 1187 1256 1142 1212 1089 1141 1130 1147 1192 1111 1149 1073 1086 1260 1166 1184 1033 1245 1125 1172 1151 1355 1127 1200 1219
1220 1163 1071 1188 1215 1236 1259 1091 1253 1171 1135 1216 1056 1186 1150 1140 1142 1055 1243 1143 1194 1213 1063 1081 1079 1200 1138 1133 1152 1029 1094 1115
1083 1236 1226 1261 1285 1186 1269 1081 1234 1202 1082 1199 1125 1232 1232 1150 1178 1113 1187 1247 1000 1222 1152 1146 1191 1196 1120 1111 1190 1329 1117 1101
1270 1018 1081 989 1256 1202 1018 1255 1082 1240 1147 1200 1039 1171 1090 1107 1177 1197 1120 1178 1142 1151 1152 1292 1126 1154 1156 1141 1070 1159 1161 1212
1222 1111 1163 1149 1085 1149 1148 1148 1147 1118 1212 1110 1148 1237 1069 1108 1140 1179 1103 1162 1362 1126 1155 1242 1172 1090 1179 1116 1170 1088 1236 1225
1293 1138 1137 1081 915 1139 1241 1105 1165 1150 1161 1181 1048 1248 1112 1125 1033 1190 1179 1139 1267 1028 1203 1267 1200 1233 1161 1181 1183 1281 1118 1233
1152 1205 1174 1252 1174 1121 1205 1207 1201 1201 1054 1151 1171 1172 1071 1180 1193 1219 1087 1191 1148 997 1238 1140 1140 1219 1219 1098 1042 1213 1125 1083
1011 1029 1007 1289 1197 1155 1230 1136 1234 1126 1092 1180 1264 1257 1187 929 1169 1141 1107 1066 1101 1155 1219 1210 1152 1272 1089 1166 1158 1252 1161 1223
1078 1122 993 1106 1173 1096 1142 1192 1237 1091 1203 1084 1114 1131 1156 1211 1064 1144 1038 1141 1197 1153 1167 1066 1266 1136 1159 1126 1324 1096 1237 1194
1257 1130 1138 1165 1182 1189 1262 1128 1210 1134 1144 1239 1025 1191 1131 1209 1143 1052 1236 1146 1235 1206 1050 1094 1072 1215 1133 1136 1139 994 1071 1118
1100 1231 1241 1280 1246 1157 1270 1110 1263 1207 1063 1206 1114 1173 1217 1153 1199 1144 1198 1224 965 1205 1145 1177 1162 1223 1121 1114 1225 1292 1106 1090
1263 1041 1088 1024 1183 1233 1015 1226 1069 1253 1160 1167 1066 1258 1091 1122 1152 1176 1185 1187 1133 1126 1179 1293 1137 1157 1177 1160 1071 1142 1142 1203
1231 1118 1144 1112 1112 1158 1099 1187 1168 1133 1197 1095 1191 1188 1044 1157 1149 1102 1118 1133 1369 1139 1154 1199 1173 1079 1144 1077 1165 1097 1205 1256
1270 1121 1132 1140 928 1144 1202 1136 1206 1127 1188 1204 1063 1285 1119 1132 1006 1165 1164 1106 1258 1045 1214 1274 1231 1218 1202 1202 1138 1322 1073 1200
1151 1176 1187 1255 1133 1164 1182 1218 1176 1136 1051 1120 1236 1171 1076 1187 1190 1160 1136 1224 1155 1012 1211 1213 1107 1206 1192 1099 1069 1228 1116 1140
1034 996 990 1254 1162 1140 1241 1117 1215 1149 1121 1177 1271 1236 1182 932 1186 1146 1086 1015 1122 1158 1224 1181 1181 1283 1102 1153 1177 1231 1150 1216
1051 1085 1010 1119 1214 1067 1219 1155 1228 1048 1196 1097 1129 1158 1147 1228 1033 1107 1009 1154 1050 1184 1156 1145 1251 1133 1246 1123 1275 1075 1258 1239
1238 1163 1233 1152 1155 1144 1211 1179 1179 1077 1107 1204 1058 1190 1020 1246 1116 1011 1189 1113 1202 1213 985 1077 1127 1246 1118 1219 1166 997 1134 1105
1065 1196 1228 1287 1209 1144 1251 1101 1280 1176 1112 1209 1107 1166 1186 1136 1228 1189 1233 1189 1006 1194 1114 1196 1033 1202 1120 1095 1250 1217 1107 1059
1246 1082 1127 1065 1202 1202 1086 1187 1090 1296 1205 1182 1099 1313 1120 1119 1133 1169 1248 1180 1070 1119 1204 1246 1132 1160 1176 1199 1074 1097 1057 1220
1224 1165 1103 1129 1231 1153 1036 1228 1151 1176 1218 1090 1170 1157 1039 1214 1102 1105 1145 1112 1390 1192 1177 1174 1188 1088 1153 1070 1200 1112 1190 1273
1267 1082 1111 1203 925 1117 1211 1119 1217 1114 1245 1239 1080 1246 1136 1109 1005 1220 1131 1123 1259 1070 1193 1207 1254 1189 1139 1233 1015 1323 1046 1185
1192 1215 1182 1242 1058 1253 1117 1167 1203 993 988 1145 1257 1182 1137 1236 1205 1111 1113 1207 1104 1069 1132 1312 1130 1153 1181 1088 1068 1233 1101 1147
1083 971 931 1257 1107 1143 1186 1146 1138 1166 1148 1216 1220 1275 1185 949 1215 1137 1123 1002 1179 1111 1213 1134 1210 1302 1041 1206 1156 1190 1101 1203
1059 1179 938 1161 1172 1151 1259 1101 1270 1076 1128 1101 1173 1158 1205 1290 1037 1125 1025 1106 1014 1144 1160 1193 1245 1127 1272 1155 1243 1069 1278 1263
1160 1241 1279 1162 1175 1144 1181 1119 1215 1019 1147 1176 1160 1080 976 1178 1188 1059 1141 1093 1132 1213 1015 1055 1209 1200 1104 1223 1120 985 1118 1065
1043 1194 1210 1333 1249 1126 1229 1157 1244 1176 1126 1255 1131 1170 1230 1174 1160 1121 1273 1235 1044 1208 1088 1200 1037 1230 1134 1109 1208 1209 1079 1109
1256 1068 1147 1095 1210 1196 1112 1191 1094 1214 1161 1184 1073 1267 1178 1075 1149 1215 1222 1166 1030 1087 1120 1160 1166 1178 1142 1233 1138 1091 1063 1222
1266 1101 1037 1195 1249 1161 1106 1176 1077 1178 1240 1142 1094 1219 1089 1250 1092 1145 1183 1124 1320 1264 1197 1212 1212 1000 1087 1114 1144 1124 1168 1223
1257 1036 1067 1213 967 1089 1201 1159 1215 1096 1267 1147 1096 1252 1092 1169 1039 1310 1159 1109 1297 1134 1225 1145 1294 1149 1109 1185 977 1271 1072 1189
1234 1263 1170 1182 1110 1309 1157 1163 1237 969 1016 1215 1165 1140 1243 1270 1239 1165 1079 1121 1098 1081 1102 1280 1150 1083 1201 1024 1102 1241 1105 1075
1083 1033 951 1241 1153 1149 1158 1104 1062 1108 1152 1218 1166 1343 1231 965 1203 1113 1131 1066 1225 1051 1121 1222 1254 1302 1035 1242 1080 1248 1145 1181
1097 1165 1020 1213 1104 1163 1225 1109 1188 1040 1080 1153 1191 1164 1119 1228 1133 1149 1145 1134 1124 1136 1146 1183 1219 1113 1198 1179 1175 1251 1168 1233
1216 1251 1175 1164 1173 1176 1163 1049 1249 1045 1207 1194 1088 1080 1084 1156 1280 1103 1191 1101 1212 1163 1129 1191 1135 1208 1124 1097 1156 1125 1104 1097
1157 1166 1220 1253 1209 1156 1163 1259 1236 1188 1096 1251 1153 1236 1272 1140 1126 1183 1203 1243 1076 1220 1122 1160 1103 1182 1104 1183 1198 1183 1175 1157
1206 1082 1129 1143 1262 1124 1106 1143 1116 1192 1131 1200 1045 1231 1154 1141 1161 1195 1164 1194 1092 1095 1134 1164 1194 1072 1082 1195 1110 1177 1161 1290
1238 1137 1165 1189 1097 1175 1188 1182 1113 1154 1168 1112 1098 1277 1109 1126 1168 1163 1145 1108 1278 1158 1259 1236 1210 1042 1129 1142 1150 1100 1204 1155
1207 1052 1089 1175 1055 1081 1221 1167 1199 1140 1211 1063 1126 1244 1126 1173 1045 1244 1175 1119 1253 1132 1209 1185 1268 1185 1105 1119 1095 1217 1124 1241
1252 1171 1146 1166 1230 1219 1163 1109 1183 1145 1060 1229 1135 1158 1225 1244 1223 1187 1093 1151 1122 1083 1180 1198 1226 1123 1175 1026 1190 1255 1103 1111
1095 1089 1071 1225 1201 1055 1102 1074 1122 1102 1136 1198 1142 1241 1161 1135 1189 1097 1103 1092 1169 1069 1125 1280 1222 1218 1085 1196 1124 1266 1167 1163
1130 1088 1149 1126 1073 1154 1090 1144 1079 1173 1149 1242 1142 1125 1186 1253 1104 1136 1166 1159 1185 1023 1113 1134 1194 1160 1167 1098 1156 1146 1131 1090
1295 1196 1196 1171 1080 1143 1148 1082 1210 1106 1190 1163 1143 1155 1101 1177 1171 1194 1196 1234 1245 1096 1156 1242 1168 1119 1149 1116 1113 1048 1125 1186
1158 1173 1215 1238 1278 1141 1188 1204 1259 1139 1121 1260 1164 1061 1245 1195 1127 1210 1176 1156 1105 1213 1237 1127 1180 1153 1167 1126 1179 1194 1152 1108
1291 1189 1204 1134 1175 1173 1033 1112 1129 1147 1124 1163 1108 1160 1077 1132 1166 1202 1115 1169 1179 1040 1079 1229 1185 1189 1065 1080 1103 1172 1190 1179
1157 1112 1144 1242 1120 1120 1213 1081 1150 1157 1133 1149 1103 1212 1128 1135 1251 1142 1096 1137 1161 1089 1148 1211 1165 1097 1126 1081 1113 1127 1083 1174
1202 1083 1108 1180 1090 1072 1222 1138 1110 1185 1154 1118 1081 1193 1159 1144 1030 1133 1184 1172 1132 1175 1230 1110 1187 1230 1132 1130 1178 1194 1181 1064
1179 1088 1167 1179 1135 1162 1160 1154 1152 1232 1123 1246 1086 1067 1154 1193 1152 1098 1122 1150 1215 1070 1173 1163 1173 1212 1182 1183 1165 1146 1120 1136
1144 1108 1160 1126 1100 1096 1161 1041 1211 1123 1063 1175 1189 1216 1142 1194 1160 1098 1180 1111 1164 1128 1124 1177 1169 1155 1184 1103 1125 1153 1186 1184
1127 1085 1064 1123 1076 1137 1117 1187 1116 1212 1200 1269 1075 1068 1187 1206 1121 1149 1117 1176 1148 1062 1158 1109 1243 1151 1140 1113 1181 1107 1144 1163
1314 1173 1215 1162 1089 1138 1201 1067 1225 1125 1139 1252 1132 1208 1088 1216 1126 1155 1169 1225 1252 1121 1147 1177 1159 1136 1140 1185 1138 1031 1158 1151
1135 1120 1260 1277 1249 1166 1227 1159 1238 1132 1106 1243 1139 1038 1278 1212 1192 1115 1159 1119 1090 1262 1190 1128 1107 1140 1150 1169 1178 1223 1105 1159
1332 1130 1159 1039 1222 1180 1058 1137 1072 1210 1081 1126 1065 1145 1082 1143 1133 1175 1124 1116 1194 1007 1102 1254 1138 1166 1128 1095 1104 1141 1123 1236
1230 1117 1107 1263 1165 1139 1148 1092 1151 1132 1138 1084 1118 1229 1101 1216 1210 1165 1053 1174 1234 1118 1137 1204 1136 1106 1127 1072 1134 1124 1062 1255
1255 1094 1081 1185 1017 1043 1261 1127 1171 1234 1199 1147 1106 1214 1170 1199 985 1118 1197 1187 1121 1130 1183 1137 1142 1267 1111 1161 1175 1225 1166 1057
1196 1133 1146 1170 1082 1161 1125 1135 1209 1147 1112 1301 1083 1104 1139 1200 1185 1119 1071 1211 1104 1053 1154 1174 1196 1173 1201 1184 1150 1153 1159 1247
1195 1057 1111 1107 1079 1121 1146 1078 1140 1164 1020 1200 1218 1261 1143 1101 1157 1159 1149 1106 1165 1163 1163 1182 1176 1174 1171 1076 1170 1110 1149 1191
1151 1109 998 1163 1086 1105 1141 1153 1188 1212 1190 1235 1097 1082 1193 1226 1137 1145 1085 1186 1170 1116 1144 1083 1253 1163 1148 1121 1237 1133 1116 1193
1274 1199 1189 1160 1131 1196 1247 1083 1225 1089 1139 1266 1118 1170 1072 1156 1156 1109 1227 1221 1222 1143 1159 1143 1119 1166 1128 1203 1174 1037 1144 1093
1115 1138 1244 1241 1295 1210 1199 1105 1228 1134 1060 1235 1129 1102 1266 1248 1172 1089 1167 1149 1082 1300 1170 1138 1117 1162 1112 1173 1188 1219 1047 1119
1330 1092 1157 993 1240 1172 1064 1143 1034 1226 1065 1104 1049 1131 1118 1133 1111 1201 1106 1146 1162 1053 1108 1262 1100 1172 1066 1135 1080 1167 1123 1256
1262 1111 1107 1253 1135 1155 1190 1074 1167 1136 1154 1070 1104 1259 1115 1184 1184 1213 1047 1182 1234 1152 1131 1244 1136 1108 1119 1068 1118 1132 1086 1221
1269 1058 1087 1129 977 1069 1251 1123 1169 1218 1203 1151 1110 1194 1142 1235 987 1146 1201 1195 1155 1134 1205 1195 1168 1295 1053 1127 1153 1223 1178 1097
1192 1165 1136 1176 1108 1177 1167 1109 1251 1147 1106 1287 1073 1150 1151 1216 1225 1165 1013 1177 1074 1029 1148 1160 1242 1159 1187 1158 1126 1179 1179 1211
1177 1099 1083 1121 1113 1131 1150 1084 1148 1158 1002 1218 1222 1297 1137 1075 1093 1159 1171 1092 1167 1135 1155 1238 1162 1248 1143 1106 1132 1174 1119 1207
1172 1096 987 1186 1127 1082 1146 1132 1227 1231 1159 1210 1130 1073 1178 1215 1124 1130 1080 1179 1245 1151 1155 1060 1244 1226 1137 1126 1244 1144 1105 1196
1251 1178 1162 1151 1158 1237 1238 1104 1230 1126 1164 1247 1079 1145 1051 1127 1157 1116 1234 1222 1219 1154 1162 1124 1092 1179 1127 1174 1151 1078 1117 1090
1074 1139 1241 1252 1290 1189 1206 1100 1195 1117 1015 1204 1134 1133 1265 1239 1151 1114 1166 1178 1063 1319 1159 1135 1146 1179 1113 1174 1171 1262 1056 1104
1327 1115 1148 1020 1241 1173 1055 1152 1037 1205 1086 1101 1032 1106 1137 1146 1130 1230 1057 1157 1173 1090 1125 1259 1117 1169 1069 1158 1109 1184 1156 1211
1255 1118 1110 1236 1122 1136 1207 1061 1172 1125 1163 1083 1091 1270 1114 1165 1143 1224 1088 1177 1215 1129 1132 1225 1107 1119 1154 1075 1131 1119 1129 1192
1292 1043 1106 1108 950 1074 1220 1130 1138 1211 1214 1162 1115 1201 1175 1246 1018 1165 1176 1208 1172 1119 1214 1222 1177 1290 1066 1132 1168 1230 1173 1134
1179 1196 1157 1191 1127 1160 1200 1118 1214 1180 1121 1248 1082 1207 1136 1207 1214 1184 1032 1190 1077 1012 1157 1143 1229 1148 1206 1163 1101 1214 1158 1170
1148 1114 1068 1136 1166 1168 1163 1077 1171 1105 969 1199 1193 1288 1148 1058 1124 1166 1168 1125 1156 1090 1164 1233 1145 1301 1148 1089 1109 1247 1124 1194
1196 1094 1019 1178 1133 1076 1142 1146 1219 1207 1131 1184 1132 1109 1192 1209 1090 1134 1104 1159 1265 1159 1131 1086 1228 1224 1117 1124 1218 1116 1131 1168
1263 1134 1130 1139 1186 1229 1194 1110 1204 1132 1166 1241 1033 1135 1073 1119 1145 1160 1224 1234 1213 1152 1140 1116 1078 1191 1103 1188 1145 1108 1103 1088
1092 1153 1257 1252 1274 1201 1192 1118 1209 1105 995 1182 1142 1129 1245 1221 1163 1110 1172 1194 1065 1301 1157 1139 1134 1213 1105 1184 1179 1266 1058 1120
1295 1121 1144 1044 1243 1171 1059 1186 1067 1195 1112 1129 1058 1156 1145 1142 1136 1238 1059 1155 1193 1112 1141 1255 1123 1137 1057 1162 1103 1164 1178 1181
1251 1078 1120 1210 1098 1118 1217 1047 1180 1121 1197 1095 1139 1234 1094 1129 1097 1196 1104 1161 1221 1137 1152 1215 1077 1115 1150 1085 1151 1119 1171 1202
1282 1059 1104 1114 966 1096 1228 1122 1160 1179 1184 1166 1129 1211 1189 1242 1038 1167 1152 1194 1160 1105 1212 1218 1165 1268 1084 1140 1164 1254 1155 1142
1165 1182 1153 1209 1143 1138 1230 1140 1180 1196 1123 1172 1102 1229 1156 1187 1228 1188 1074 1226 1107 982 1217 1133 1195 1172 1192 1175 1089 1248 1142 1152
1114 1110 1068 1120 1176 1186 1215 1073 1173 1067 945 1169 1199 1266 1132 1040 1142 1174 1202 1109 1144 1086 1154 1217 1139 1295 1142 1087 1123 1251 1136 1162
1193 1075 1074 1187 1166 1017 1153 1133 1190 1176 1116 1161 1185 1132 1147 1198 1103 1055 1079 1166 1182 1166 1118 1125 1273 1219 1152 1115 1169 1069 1150 1115
1230 1137 1177 1108 1179 1170 1157 1115 1149 1075 1137 1180 1026 1126 1036 1162 1152 1173 1221 1249 1216 1161 1065 1105 1041 1176 1106 1197 1156 1105 1112 1075
1075 1138 1236 1261 1225 1196 1205 1139 1226 1040 1000 1185 1097 1126 1234 1184 1178 1145 1207 1199 1070 1270 1152 1178 1107 1218 1096 1191 1180 1247 1113 1063
1268 1162 1133 1101 1220 1156 1102 1187 1110 1234 1173 1136 1101 1211 1174 1135 1127 1213 1086 1118 1200 1133 1188 1256 1078 1156 1042 1151 1112 1137 1165 1168
1220 1089 1139 1179 1163 1127 1196 1034 1135 1124 1216 1150 1130 1197 1109 1116 1058 1175 1153 1170 1238 1138 1197 1182 1038 1126 1149 1044 1148 1114 1152 1205
1277 1036 1099 1145 1021 1065 1249 1103 1147 1110 1229 1177 1118 1220 1182 1231 1065 1184 1141 1139 1173 1106 1177 1227 1200 1225 1127 1123 1111 1281 1158 1153
1168 1177 1154 1246 1136 1213 1177 1149 1157 1127 1118 1121 1129 1224 1139 1134 1221 1159 1079 1233 1132 1031 1258 1204 1120 1173 1189 1142 1108 1265 1123 1125
1125 1113 1017 1153 1213 1197 1212 1028 1194 1082 982 1168 1202 1275 1133 1073 1171 1111 1239 1100 1165 1019 1139 1190 1188 1298 1169 1138 1112 1240 1111 1117
1141 1041 1090 1193 1148 1065 1177 1091 1146 1138 1092 1163 1211 1160 1163 1262 1091 1097 1045 1156 1082 1104 1108 1153 1263 1207 1216 1115 1169 1049 1184 1099
1182 1191 1197 1092 1209 1110 1141 1115 1163 1065 1165 1162 1094 1086 1020 1204 1184 1195 1209 1239 1210 1147 1051 1103 1095 1194 1098 1213 1152 1079 1124 1107
1061 1182 1188 1299 1231 1184 1203 1151 1238 1040 1050 1225 1147 1112 1254 1160 1172 1141 1239 1205 1126 1220 1136 1212 1081 1222 1108 1173 1162 1261 1137 1105
1276 1132 1147 1167 1170 1156 1116 1153 1146 1198 1187 1128 1159 1219 1182 1141 1131 1203 1144 1126 1166 1091 1186 1204 1110 1180 1064 1143 1136 1125 1139 1178
1254 1107 1131 1173 1219 1101 1178 1084 1133 1114 1200 1182 1098 1257 1129 1190 1122 1153 1191 1192 1194 1182 1227 1144 1062 1068 1101 1020 1130 1130 1116 1211
1277 1046 1073 1193 1025 1029 1247 1103 1191 1040 1247 1101 1156 1220 1116 1235 1041 1228 1153 1081 1163 1168 1201 1173 1210 1179 1121 1077 1051 1261 1194 1177
1202 1223 1158 1230 1106 1285 1135 1161 1191 1045 1092 1181 1089 1202 1159 1170 1249 1131 1077 1149 1114 1037 1268 1258 1078 1127 1127 1108 1152 1227 1127 1095
1115 1121 1029 1167 1237 1161 1198 986 1154 1090 1026 1190 1172 1365 1155 1123 1157 1143 1237 1104 1193 1015 1123 1208 1250 1200 1173 1168 1094 1242 1111 1085
1164 1066 1089 1196 1089 1150 1196 1126 1077 1111 1065 1212 1168 1157 1164 1267 1118 1160 1152 1173 1117 1091 1135 1162 1192 1154 1187 1134 1150 1158 1143 1200
1235 1218 1188 1145 1176 1129 1134 1120 1166 1042 1176 1201 1091 1101 1099 1237 1219 1174 1190 1180 1205 1110 1130 1192 1132 1177 1103 1176 1181 1122 1131 1140
1194 1183 1183 1238 1218 1157 1162 1222 1215 1109 1073 1228 1190 1167 1233 1143 1189 1172 1190 1146 1157 1161 1191 1175 1062 1203 1131 1192 1147 1200 1166 1152
1277 1135 1184 1184 1169 1165 1129 1098 1145 1189 1134 1127 1150 1212 1155 1154 1126 1190 1137 1125 1137 1106 1157 1211 1163 1131 1115 1134 1141 1194 1118 1245
1213 1150 1184 1180 1166 1150 1181 1127 1182 1111 1183 1095 1077 1250 1136 1153 1207 1168 1132 1139 1191 1109 1216 1171 1153 1053 1090 1105 1121 1175 1155 1166
1218 1113 1098 1192 1090 1080 1242 1114 1186 1099 1228 1090 1167 1229 1167 1176 1034 1167 1172 1098 1154 1155 1166 1144 1209 1184 1116 1096 1078 1234 1169 1180
1215 1208 1177 1251 1105 1192 1116 1114 1168 1138 1109 1198 1146 1181 1150 1247 1192 1180 1134 1198 1131 1044 1251 1201 1203 1172 1168 1109 1195 1188 1182 1132
1096 1122 1122 1176 1180 1092 1141 1027 1129 1145 1027 1145 1145 1290 1116 1184 1162 1174 1166 1109 1084 1056 1126 1247 1189 1177 1100 1183 1119 1159 1166 1116
