11000101100011100100011101010000
11111101000000010010001110100101
11101011001101010001000111111010
00001101000100001110000101000111
11111011100101110101101100101011
01110010011010010101101000010110
10111111001100100001100110100000
01000101000111111111010011011000
11010101100011110100011101010000
11111101000000010000101110110101
10111111000001010001000111111010
01001101100100101110000101000011
11001100101101110111100100110011
01100000111010000101101000010110
10111010011100100001000110000010
01000101000101111101011001110000
11010101000111110100011101010011
11111101000000010000111101110101
00111011001001110101000101111011
01001011100100101110000101100011
11000000100110100011110100111011
01100001101011100111101000010110
10111001011101110001000110001010
01000101000110111101011011100000
11010101100111110100010101010010
10111101000010010000111001110101
10101011000001110111000111111011
01001011100101101100000101100011
11000001100011110111111100010011
01001011101110000111101000010110
10101011010101010001000111001000
01001101000110111101011011100000
11010111100011100100111101010010
10111101100010010001101111110101
10101110001001010011000111111011
01001101101101001110000101001011
10000011100111110011001110010011
01000010111110000111001100010110
10001111011100000001000110000000
01011101000010111101010011110000
11010101101111100100111101010010
10111101001010010001101111110101
10100110000001010011000111011011
01001111101100001110000101101011
11100001100101010011001010010010
01100010011010010111101110110110
10011111011100100001001110000010
01010101000001110101010111010000
11010101000111110100011101010010
10111100000000010101001101110101
11111011000111010011000111111011
01101111101100001110000101000011
11101000100101100111101000111011
01110010111110010111101000110110
10111111001100100001000110100000
01000101000101111101011111010100
11000101100011110100011101010000
10111101100010010001001111110101
11101111000101011001000110111011
01101101100000001110000101000010
10100000100111110111100100111011
01001000111110010111101000010110
10111111011100100001100110001101
01000101100101111100011111010001
10000101100011100100011001010000
11011101100000010010101110110101
11110011001001010001000101110011
01001111000100101110000101100111
11101001101111110101101000000011
11100000101110010101001000010110
10101111001100100001101110100010
01000100000100111111010011011001
10010101000011100100111101010010
11010110101000010000101101111101
00111001000010010010000111111010
01101011100100101110010100000011
11001000101110010111101100010011
11110100111010010111001010010110
10111001011100110101100110101010
01000101000110111111011101110001
00110111000011100100011101110010
11010100001100000000101100110101
00111001000010010011000110110011
01001010101100101110010001100011
11001100100110000001101010010011
11111110101110110111001010101100
11011001011101110101100111101000
01001100000110111101011011100001
00010111000111100101111000110110
00011100001011000100111010110001
00111011001110000011000011110011
01001011100111101000010001001011
11001101100011010001101010010011
10011110101110011111001000101100
11111011010101110101000111101001
01010101000010111000011011100001
00010111000011100101111100110010
00011101101010010100011110110001
00111010001110000011000001011011
00001101001101101010000101001111
11001001101011000011000010010011
11000110011000010101011010010000
10010011001001010001000111000011
01010101000010111100001001110011
01010101000011100100111000110010
00011100111000010100101110110001
01111010001010010011000111011011
00001101101101010110000111101011
11001001101011000011000010010011
01000110011010110111001110110000
10010011001000010101101110000010
01010111000000111100011101110010
01010101000101100101111000010010
10011100000001010100101111110101
11111011011011010011000111111111
01001101100101000100000101100011
11101001101111010111101000010011
01000000111010010111001000110110
10110111001100000001101110000010
01001101000101111111011111010110
11010101000001100100011100011010
10011101100000011001001111010101
11100001000111010010101110111010
01001001100100001110000101000010
11100000100111011011101100000011
01001000111010010111001000010110
10111111001100100001100110000001
01000101100101111111011111110000
11000101100011100100011101010000
11011101100000010000101110110101
11110001001001010001000111110011
01001111000100100110010101100111
11111000100110010111101000010011
11100000101010010101101000010110
10101111001100000001100110000010
01000101000110111110010001011000
01010101100011100100111101110010
11010111101000010100100111111101
01111000000011000011000111001110
01001011101101100111000000100011
11001100101110010111001110010011
11111110111010011111001010110110
10010011011100010101000110000010
01001001000110111011011101010000
00010111000111100111111000110010
01010110001000000000101111110001
01111011000010000011000000111111
01001011101100011010000001100011
11000100100110000111101110011011
10111110101010011111101000110100
11010011010100110101000110001010
01001101000110111001011100010100
00010111000111100101111000110000
01010110001000000010111111110001
00011010001011000011000001011011
00101011000100111000000011000010
11001100101011000001100011011011
10101110011010111111101000000000
11110011010100110101000111101011
01011101010110111101011001110000
00010111000011100101111110110101
01110100101110010001111100110011
00011111001000100011000001011011
00001001000100110010000011101011
11000000101011000011000110110011
11100110111000101111101011010000
11010010001100110001000110100010
01010101000000111101011001100011
01010101000011100100111100110110
00110100111010010100110101110010
00110111001000100011000011011111
00001001000100110110000111101011
11000001101011000011000010110011
11100110001010100011101100010000
10010010011100101101001010000010
01010111000000111000011001000000
01010101100101100100111000110010
10111100000001010100101101110101
10111111001011010011000111111111
01001101110001010110000111100011
11100001101011010111101000010011
01100100010010010011101100010110
10010111001100000001101010000010
01011111000000111011001111000100
11010101100001100100111100010010
11010101100110010001001111110101
10110101001011010010101111111010
01001101100000000110000101000011
10100001100111010011101100010011
01111010110010010111101100010111
10111111001100100001100110000111
01010101000101111110011111110000
01000101100111100100011101010100
11011100100000010010101010110101
00101101001101010011000111111010
00001101000100100110010001000110
11111000100110010101100001010011
01110010111010000101101000010110
10101011001100010001100110000010
01001100010110111110010001010001
01000101100011110100111100110010
00010110100000010100100110110001
01111000001011010011000110011110
01001001101101110110010000100011
11101100101110000111000011010011
11111110011010110111001000110110
11110011001100110100000110000010
01001101000110111000010101010010
00010111001111100101111110110010
01110110001000010000001111110001
01101110000111000001000000011111
01001001100100111010000011100011
11001101101111000111100010011011
11101110111010000111101000110000
11010011010100111101000010011010
01011100000100111101011101010000
00010111000101100101011110010010
01010010001000010000011101010001
00111110000101000001000000011011
00001011100100110010000001100011
11000000100011000011100111011011
01101110111010100111101011000100
10111001010100110101100111111011
01011100000110111101011101110000
10010111000111000101111100010110
01010110101110110100111101110001
00111011001000100011000111111011
00001011100100110010000001110011
11000000100011000011100110010011
01101111101010100111101011000000
10011010100100111001000111101010
01010111000110111101011100100011
01010111100111100100111001110110
00111100101010010100110101110000
00111111001010010001000111111111
00001011100100100010100111000011
11000000100011110001100010010011
01100110011010100111101101110100
10011010101101010001000110100010
01010101000010111100000010000000
01010101100111100100110001110011
10111100100011010100111111110101
00110011011001010011000111011111
01001101100101000110000101000011
10100100100010010011111000010011
01001000111010000111101100010110
10111111000100000001000010000010
01011111000010111101000011010000
11010111100011100100111100111011
11111101100010010001101111110101
01100111001001010011101111011111
01001111101100000110000101000011
11100001100111010111101100010011
01111010110010010111101100010111
10111111011100100001001010000110
00010101000111111111001111011000
11000101000111110101011111010100
11111100100000010010101100110111
11101111001101110011000011111010
00001111000100111110010001000110
11101000100011010101100100010011
01110110011011010101101001010110
11111010001100100001100110100010
01000101010111111110010001110001
01010101100011110101111101110100
00111100100000000010100100110011
00101110001001000001000011111110
00001001000100110010100011100011
11101000101010000101100010110011
01100110111010100101101011010000
11111001001101111001000110000010
01001111000111111000010101000100
01000111001011100101111100110010
00111100111010010000100100110001
00100110001000100001000011011111
00001001100100110011100011100011
11000001101010000111100010111111
01100110111010100010100110110000
10001011000100111101000010010011
01011101000101110101011101110000
00000111000111100101111100110010
10110100101000000000111101110001
01111010000010000011000010110110
00001001101000110110000001000011
11000001100011000011100110011011
00101010111010101111101100010000
10011001000100111001100100101011
01011101000111111101011111110110
00010110000101100101111000110010
00010000001100000000111101010000
01111011000110000011000011111001
10001011100000010010000001000011
11000001100011011011101110011011
01011110111110101111101000010100
10011011000000110001000001101011
01000100000111111001011111110100
00010111000101100101111000110010
01011100001110000100110111110000
00111011001110000011000011111011
10001111100100001010000111000011
11000000100011010001100010010011
01011110111110010111001001011100
10111011111001010001000111100001
01010100000010111011000010100000
00010111000011100101110001010010
01011100100010010100110010110101
00101011001011010001000000000011
01001100100100001010000111001110
11100000100011010001111000000011
01000000111010110111001110010111
10111011011001010001000110000010
01011110000000111100000011110000
01010111110011100100011100011001
00111101111010010000000110110101
01000101001011010011000111011101
01001111100100000110000101101111
11100001101111000111001000000011
01000010011010010111001110010011
10011111011100110001000010000010
00010100000001111110001111010010
10001101100101100101001111010000
10011100100000010010101101110101
11111111001101110011000111111010
00001110000100111110010001000111
11101000100011010001100000010011
01110110011011011101101000000110
11111010001100100001100110101011
01000100010111111111010011110000
10000101100111110101011111010010
00011100000100010010100101110001
10101111011001110001000111111110
00001011100100111110110011000011
11101000100010110001100010110011
01100110111000101101101001000100
10111001001101111001100111110011
01000101000111111111010101010000
00000101001011100100111101010010
00111100100100010000100100110011
10101101001000110001000111011110
01001001100100111010110001000011
11101000100010000111100010111011
01100000111010100010101000010100
10001001001101011001100110010010
01011101000001110110010101110001
00000111000111100101111100110010
00111100111010010000111101010001
01101010010000000011000011111110
01001001101100011110100001000011
11001000101010000011100110111011
00000000111010100111101000110100
10001011000101011001100110000010
01011101010111110101011001110000
00000111000111100001111110110010
00110000001010010000111111010001
01101011000110000011000001110101
11001101100100011100000011001011
11001100110111010011100010011011
00000110111010000111101100110000
10010011000000111000000101001010
01011101100111111101010011110000
00000011000111100101111010110010
00110000101010000010011111010001
00111011001110100011000001111001
11001111001100011010000111001011
11000000110011010011000110011011
00000110111010000111111000011000
10110011000000110011010111001001
01000101010010111101011011110000
00010010000011100101111110010000
00011000001010010011011110110011
00111011101100100011000001011001
00001101100110011010000111001011
11000000100011010111000010010011
11000100011010100101101110010100
10110010001001110001000110101011
01010101000000111100011110110010
01010001100011100100011100010000
00011100111010010001001110110111
01000111101001000011000111011001
01101101100100000110100011101010
01010001101011000111000010010010
01000010011010100111001110010010
10010010001101100001000010000010
01010100100001111100010101110010
10000101100101100100001001010000
10011100100010010010101101110101
11111011001011010001000111111011
00001100001101111110010001000111
11111000100111110001100100001011
01011010011011010101101000010110
11110111001100110001111110101001
01000101000111111111010011011000
10010100100101100101011001010000
10011100100100010010101101110101
10101111011011010011000011111010
01001100101101111100010011000011
11101001100010110001101000010011
01011010111010011101101001000111
11111111001000110001100111111001
01000111000111111111010111110100
10010110000101100100011011010010
01011100000100010000101111110001
10101111011011010011000111001010
00001100101101001110010011000011
11101000100010110001101010110011
01110000111010010101101000010101
10111011001101011001100111110001
01000111010111111110010011111000
00000111000101100100011011010000
00111100000100010000101110110001
10101111011001110011000111011011
00001100101101001110010011000011
11101000100011100001100010111011
01110000111010110111101000010100
10111011001101011001100110110001
01000111000111111110011001110001
00000111000011100100011011010000
00111100011110010000101111010011
11101110011011010011000110110011
00001100101101011110010001001010
10100000100111000001100010111011
01100000111010110111101000010100
10111011000001110001100110110000
01010111100111111100011001111000
00000111000101100101001010011001
00101100011010010011111110010011
01001111011011110011000001111000
00001101101100011010000001001011
11000000101111000111000110111011
01100000111010100101011000010100
10111011000000110001000110110000
01010111110000111101011101111000
00010111100101100101011010110100
00111000011010010011111101110010
00101110001001100011000001011000
00101100101000011010000001001011
11000000100011000111000110010011
01000010101010100101001110010100
10110000001001111001000110110010
01010111100000111101010100111010
00010101100001100100011100010010
10111100001010010000101111110010
10100111001001010010000111011000
01101101100000000110100001101001
01100000101001110111100110010011
01000010111010000101101100010110
10010111001100101001110110110011
01010101100001111111010101010011
10000101100001100100011101010100
10011100100010010111101111110101
01000011001111011010100111111011
01001101000100011110010101001000
10111000100111010101101100000011
01010010011110010101001000010110
11110111001100100001111110001101
00000100000111111110000011011000
10010101100001100101011001110000
11001100000000010010101100110101
01001011001011011011101111011011
01001101001100110110000100000000
10111000100110000001101100000011
11011000011010011101101000000110
11110111011100110001110110001001
01000100000111111111001001010000
10000110100001100100011011110000
11011100001100010010101101110101
11001001001001011011100111011010
01001101001110111110000101000011
10101000100110010001101100000011
11010000111010011101101000010110
10110111001000110001100110100001
01000100000110111111011101110000
10000100000001100100011011010010
11011100000100010000101111110101
11101001001001010010100111011010
01001101001100100110000101001011
10111000100110110111101110001011
11010000111010011101101000010110
10110011001000110001100110100001
01000100000100111111011001110000
10000101010001100100011011110110
11011100000000010000101110000101
11101001001001010010100111010010
01001101101100010110000001100011
10101000100110100111101110001011
01100000111010010101001000010110
10111111001100110001100110100001
01000110000100111111011101111000
00000100010001100100011011110110
11001100010000010000111110000001
01101001001001010010100111111110
00001101111101110110000001100011
11101000101111000111101110111011
01100000111010110101001000010110
10110111001100110001100010100001
01000110000100111111011101111000
00010101010001100100011010010111
11010100001010010100101110000000
11101001001001010010000111111010
00001101100100110110000001100011
11101000100111010111101110011011
01100000111010010101001010010110
10110111001100110001101110100001
01000111100101101111011101011000
10010101110001100100001000010010
11010101000110010100101110110101
11100101000011010010100111111010
01001101101100000110100100001001
10110000100101010011101100000011
01001010110010010101101100010110
10110111011100100001100110000101
01000111110101111111011111010000
