00110110001110101001001000000000
01101011110111110011111011100101
01011110001110111001101000100000
01111111110100011011111001110110
01011110001110111001101000000000
01111111110110011011011001110110
01111110001110101001101000000000
01111111110100011011111001110111
01011110001110101001101000000000
01111111011100010011111001110100
00011110000110110001101100000000
01111111101110010111011001110100
01111010000110001001101111000010
01111111010110001111111101110100
01111010000110001001100110000000
00111111110110111011011000110000
01111010001110001001100110000100
00111110110110111010011001110110
01111111001110001001100010000000
00111110110110111010011001110110
01111010001110011011100010000000
01111110110100111010111001110100
01111010001110011011100000000000
01111111110100011011011001110100
01011010001100011011100000000000
01111111110110010011011001110100
01011010001100011011101000000000
01111111110100011011011001110100
01011110000100011011100000000000
01111111110110011011011001110100
01011010000100011011101000000000
01111111010100011011011001110100
01011110000100011001100010000000
01101111010110011010011001100100
01011010000101011001101010000010
01111111010110111010111101110110
01111110001100001001101010000000
01111111110110111010111101110110
01111010001110101001101000000000
01111110110100011011111001110110
01011110001100111001101000000000
01111111110110011011011001110100
01111110001100001001101101100011
01111111010110111110111001110101
01110110001110101001101000100000
01111110110110011011111001110111
01011110001110101001101000100000
01111111111100010011111001110111
01111110001110101001101000000000
01111111110100010011111001110101
01111010001110101001101000000000
01111111110100010011111001110101
01111110001110101001101000110000
01111111111100010011111001110101
01111110001110101001101000110000
01111111111100010011111001110101
01111110001110101001101000110000
01111111111100010011111001110101
01111110001110100001101000100000
01111110111100010011011001110101
00111010001110101001101100000000
01111110011100010011011001110001
00011110000100100001101001001000
00110011100110010111011101110001
00001010000111110001011000010000
01101011111111010111011110111101
01000011001001000001001001110011
01111010111101101101110101111110
01100111101011000001000000100001
01101010011100101100111100111100
01110111101001100001011001010011
01111010111110011111111000111110
01110011101011001001010111100011
01111010011100101100111100111100
01110111101111000001000110000101
01101010010110101110011100110100
01111111001111001001000110000101
01101110010110101010111000110100
01001011001110001011000000000100
11101110110110101010001001110110
01001011000101001011000000000000
11101110111100000010001001110100
01011001000001001011100001010000
11100010101100000010001001110100
00011001000001001011100001010010
11101000001100000000101011110100
00011001000011001011101001110010
11001000001000000010101111110100
00010101100001101011111001110010
11001010101000000000101111110100
00010001100001001011111001110011
11001010001000000000101111100100
00010101100001101011111001110010
11001010101100001000001011110100
00010001101011001011001001110000
11101000101100001000101101100100
00011100100011111011011000010000
11101101101110001011001001100100
00011111100011001011000000010000
11101111011100001000101000100110
00011010100011011011000000100100
11101111101110001011001001101100
01001111100001001001000010100010
11101010010110101010111100111100
01100111101001001001000011100011
01101010011101101100111100111110
01001111001101000001000011100001
01111010011111011101011001110100
01111011001001000001100000000011
01111010001111101100011000111100
01110011101001000001010001110011
01101010011101101100111100111111
01110111101001000001011001110011
01101010011100101110111100111101
01110111101001000001010001110011
01111010011100101100111100111111
01110111101011000001010101110011
01101010011101101110111100111101
01110111101011000001010101110011
01101010011101101110111100111101
01110111101011000001010101110011
01101010011101101110111100111101
01110111101011000001000100110011
01101010011110101110111100111111
01110011101011000001000100100001
01101010011100101100111000110111
01011110000100100001011000000001
01100011100110010111011111110100
00001010000111110011011000010000
01101011110110110010011110110100
01001111001101001101001101100010
01111110111101111101111001110100
01011010001111010001001000100000
01111010011110111010011000110100
01110010001101001001001111100010
01111110011100111100111000110110
01111011001110001001000110000100
01111110011110101010011000100110
01111011001110000001000000000000
00100110011110101010011001110110
01011011001100000011100000010000
10100010111100000011001001110110
01011001000001000011110001110010
11000000001100000000001011110100
10001101100001101011111001110011
11000000001000000100101111110100
10001101100001100010111001110011
11000000001000010100101111111100
10000101100001101110011001110011
11001000001000100100111110111001
10000101110001101100011101110011
11001000011110110100111110111001
10110001111001100100011101110011
11001000011010110100011110111001
10110001111001101100111101110011
11001000011010110100110110111001
10100100110101101100011101110011
11001001101010110100110110110001
10110101111101101110111101111011
11101000001010110110011110111111
10110001101010111011111001010011
11101000101010111100001010100111
00010101100011101011111000010001
11101000101000011011001010100110
00010001100011011011010000010000
11001100101000001000101100100100
00011110100011011011001000000000
11101111111110001010101000100100
01001110000001001011001010100010
10101111011110101010111101111100
01000010001101011001000001100011
01111010011100101100111100110110
01111110001110100001001100100001
01111110011101011101111001110100
01111010001101001001001100100000
01111110001100011010111000110110
01111010001101011001001100100000
01111110001100011000111000110101
01111010001101000001001100100000
01111110001100011100111000110111
01110010001101010001001100100000
01111111001100011100111001110100
01110010001101010001001100100000
01111111001101011010111000110100
01110010001101010001001100100000
01111111001101011010111000110100
01110010001110110001101000100000
01111110011110011110111001110110
01110011001010000001001100100010
01101110011100010010110000110110
00011110000100110001111000001000
01100011100110010110011101111100
00011010000111110011011000010000
01101011110110110010011110110100
01011111001101001001001101100011
01111010111101001101111001111100
00000110001111000001001000100001
01101010101110111110111000110110
01111011001010001001000101100001
01111110011100001001111000110110
01011011001110000001001100000001
11100110011110001010011000110110
11011111001110000011100000010001
10100010001100010011011001110110
11011101000000000011111001111011
11000000001000000100011101110000
10010101100001111010111001110011
11000000001000110100011110111001
10100100110001111100011101110011
01001001000010110100111110011001
10100100100001111100011111110011
01011001010010110110111110111001
10100100101110111100011110100001
01011001010110110111111110111001
10100000001100111100011110100001
01111111010110110111110110111011
11100000001100011100011111100010
01111111010111110111110110111011
11110000011100010100011111100000
01111111010110110110010100111011
11110000011100010100011111100011
01111111010110110110010100111001
10101100010100110100111111101011
01111011010110110111010100111001
10110001011100101100111111111011
01110000110010110110010110111011
10110000101100111100110001111011
01111001101010111101010110110011
10110001101011101011110001110011
11001000101010111100001010100111
00110000100011011011010000010110
11101100111000101000101100100110
00011010100011011011011000110000
01101111111110001010101100101100
01001010000001001001001011100010
01111011011110101110111100111100
01000011001101000001000101100011
01111010010101111100111001110100
01010010000111100001011100100001
01111010001101111100111000110110
01110010001111001001010100100011
01111110011100101100111000111110
01010010001111000001001100100011
01111110001100011100111000111110
01110010001111000001000101100011
01111110001100111100111000111110
01110010001111100001000100100011
01111110001100101100111000111110
01110010001111100001000100100011
01111110001100101100111000111110
01010010001111110001001000100001
01101010011100011110111000110110
01110011001011000001000100100000
01101010011100010000111000110110
00010110000100110001111000001001
01100011100110010110011111110100
00100010000110110011011000010000
01101011111111100010011110110100
01001011001101000001001101100011
01111010111101001101111001111100
01010110001111100001111000110001
01101010011110111110011000111110
01110011001011001001000101100011
01111010011100101100110000110110
11011111001110100001011100000001
01100010011110010010011000110100
11000101001100000101111000111011
01000010001100110100111101110001
11110101100100111100111101111011
01010000000000110101011111011001
10110100110000111100011111110011
01011001000111110100011110001001
00110100100101111100011110000100
01111101010111110111011010001001
00110010011110111100001111100000
01111111110111111110110100001011
00100010001110111101001110100000
01111111110111111010110000111011
01100010001110110001001010100000
00111111110111011111111001110111
01100010001110110001001000000000
01111111110101010011111001110110
01010000001110010001001010000100
01111111010110010011011001111101
01100110001100010101000110000100
01111111010100010111111001111101
01101110011100010101000110000100
01110111010110010011011001110001
01101110010100011100101111101110
00110111010110110011011001110001
11101000011100001100111111101011
01110001100110110111010111110001
10110000011100111100110111111011
01111001100010110101010011110011
10110000101011111011110001110011
11101100101001101000010010100111
00011000100011011011011000110010
11001101111000001000101100101110
00011110000001001011001000100010
00101111111110011010101100111100
01010011001001001001001001100011
01111010011101101100111101110110
01010010001111100001011100100001
01101010011101111100111001110100
01110010001011000001001100100011
01111110011100101100111000111110
01110010000111100001011100110011
01111110011100011100111000111110
01110010001111100001000101100011
01111110001100111100111000111110
01110010001111100001000100100011
01111110001100101100111000111110
01110010001111100001000100100011
01111110001100101100111000111110
01010010001111110001001000100001
01101010011100011110111000110110
01110011001011000001000100100000
01101010011100010000111000110110
00010110000100110001111000001001
01100011100110010110011111110100
00100010000110110011011000010000
01101011111111100010011110110101
01001111001101000001001101100011
00111010111101011101111001111100
01010110001101010001011000100001
01101110011110011110111000110110
01110011001010001001000100100011
01111010011110111010110000110111
01111110001110110001011000000000
01100111011110010011011000110110
11001110000100110100101111000010
01010011000110110101011101111001
01100110100100011100110111101011
01111011000111111101110100011001
01110010111110111100001111100011
01111111010111111110110010001111
00110010001110111001001010000100
01111111110111011010011001110111
00110010001010110001101000000000
01111111110101011011111001110110
00010010001010110001101000000000
01101111111100001111011001110100
01010010001001010001101000010010
11111011101100001110011001111100
01110011101011000001100001110011
11111010011101001100111001111110
01110110101011100001001000000001
01101010011100011010111000111110
01010111001010000001001000000000
01101010011100011111111001111110
01010111001011000001001000000100
01101010011100010110111000110110
01001110001100010001001110000100
01100110010110010011011001110100
01001100000100010100101111001100
00110001000110010111011111110001
11101000000100001100100111011010
01110001100110100101010011111001
10110000110100111100110001111011
01011001100001110101010011100111
00110000100011111011011000110010
11101101111001101000110000001011
00011110100011111011011000110010
01101111111110011010101100101100
01010011001001001001001110100010
01111010011100101100111100111100
01010010001111000001000100100011
01111010011101101100111000111110
01010010001111000001000100100011
01111110011101101100111000110110
01110010001111100001011100100011
01111110011100101100111000111110
01110010001111000001001100100010
01111110001100111100111000111110
01110010001111100001000101100011
01111110001100111100111000111110
01110010001111100001000100100011
01111110001100101100111000111110
01010010001110110001001000100001
01101110011100011110111000110110
01110011001011000001001100100010
01101110011100010000111000110110
00010110000100110001111000001001
01100011100110010111011101111100
00110010000110110011011000010000
01101011111110111010011100110100
01011011001001000001001101100011
00111010111101001101111001111110
00010110001110100001011100100001
01101110011100011010111000110100
01110111001010100001011000110011
01101010011100011011111000110110
01110010001010110001001000110011
01101110001100011000111000110110
01000110001000101001001000000000
01101111000100011010111000111100
01100110001100011001001011100000
01111111000111011011111001110101
00110010001010110001101011000000
01111111010111011111011001110101
00110010001001110001111000010010
01111010011100001100011101110110
01010011101001100001111000010011
01111010011100001100111100110110
01110011101011000001010001110011
01111010011100101100111100110110
01010110001001000001011001110011
01101010001100011101111100110100
01110011101101000001001000110011
01111010011111101110111000111110
01110011001011100001011000110011
01101010011100001110111100110110
01110011101001000001011000010011
01111010011100001100111100110110
01110111001011100001001000010011
01101010011100011110111000111110
01110011101010000001001000000011
01100110011100011100111100110110
01011111001100000001001100000100
01100010010110010110011101110000
01011100000100110000101011001100
00110001100110110101011011110001
10110000000100111100110111111010
01010001100111110101010011001011
10110000100011111000111011110010
01101101010001101000010010101011
00110000100010111001011000010000
01101111111010111010111000100010
00011110001111001001001100000000
01101111111110011011111000110100
01011011001111001001000000100011
01111111011101101100111000110110
01011010001111001001010100100001
01111110001100101000111000110110
01110010001111001001011100100010
01111110001100101100111000111110
01110010001111000001011101100010
01111110001100111100111000111110
01110010001111001001000101100010
01111110001100101100111000110110
01110010001111000001000100100010
01111110001100101100111000110110
01010010001111010001001000100000
01101110011110011110111000110110
01110011001011001001000100100000
01101110011100110000111000110110
00011110000100110001111000000001
00100011100110010111011111110100
00011010000111110011011000010000
01101011111110110011001110110100
01011011001001000001001101100011
01111010011101111101111101111110
01010010001011110001011100100001
01101010011100111110111000110100
01110110001000101001011101110011
01111010001110011101111000111110
01110011001001001001011100110011
01111010011100001100111000111101
01110010000011100001011000110011
01101010011110101110111000111100
01110011101001000001011001110011
01111010011101101110111100111110
01110011101011100001011001100011
01111010011100101100111100110110
01110110101111100001011000000001
01101010001101111100111000110100
01010110001101110001001000000001
01111110001110011000111000110100
01110010001101000001001100100000
01111110011110101101111000110110
01110010001110011001011100100010
01111110001100101100111100110110
01110010001100001001001100100011
01111110011101111000111000110110
01110010001110001001011100100011
01111110011100001000111000110110
00110011001010001001001100110011
01111110011100011000111000110110
01111010000110000001111000000010
01111110011100011110111000111110
01110011101011001001000110100010
01101010011100101010111100010110
01011111001100000001000000000000
01100010011110110010011100110100
11001111000100000001100001001010
00110000100100110101011111110000
10110100100000011000110011111011
01011000000101111101110001001011
00110000100011111000011111010010
01111101010111100010010010101011
00110000101011111001011000000000
01101111111111101010011010100111
00010011001111001001001000000001
01101111111100011101111100110110
01010111001011000001001100100001
01111010111100001101111100110100
01010010001011000001011100100001
01111110001101011100111001110110
01110011000111001001011100110011
01111110011100101100111000111110
01010010001111001001011100100011
01111110011100111100111000110110
01111010001111001001010100100011
01111110011100111100111000110110
01110010001111001001011100100010
01111110001100101100111000110110
01010010001110000001001000100000
01111110011110011100111000110110
01110011001011001001001100100000
01101110011100110000111000110110
01010110000100110001111000000000
00100011100110010111011101110100
00100010000111110011011000010000
01101011110110100010011100110101
01011111001101000001001101100011
01111010111101101101111001111100
01010010001111000001010100100001
01101110001100111110111000111100
01110110001100101001001101100011
01111010001100111100111000110110
01110010001111101001010100100001
01111110011101001010111000110110
01111010001110111001011000100001
01111110011101011110111000110100
01110010001101001001011100100010
01111110011100011100111000110110
01110010001110000001001101100010
01111110011100111000111000110110
01111011001110001001001100100010
01111110001100101000111000110110
01110010000100001001001100110011
01111110001100011100111000111110
01110010001110001001001100100011
01111110011100111100111000111110
01110010001111100001011101110011
01111110011100011100111000111110
01110011001000000001010101110011
01111110001100011100111000111110
01110011000001001001010100000011
01111110011100011101111000111110
01110110000100000001010110000011
01111110010110111101111000111110
01111011000100001001000110000110
01111110010110001000111000011110
01111011001011000001000110000100
00101010011110101010111000110110
01011111001110000011000000000000
00100010011100110010011001110110
11011100000100001011111001011010
00010000100100010101011001110000
10110000110000001000111111111011
01011001000101110101110111001011
00110000100010111000011110000110
01101101010011101010010000101011
00110000000111110001001100000000
01101111111111111010011000110110
01000011001101001001001000000011
01111010111100101100111100111110
01010011001101000001001100100001
01111010001100111100111000111100
01110011001001101001011100110011
01111010001101111100111000111110
01110011001011100001011100100001
01111110011101111100111000111110
01110011001111100001011100110011
01101010011100111100111000111110
01110011001010101001011100110011
01111010011100011100111000110110
01110010000011101001011100110011
01111110011100011100111000110110
01110110000111000001011000010011
01111110011110011100111000111110
01110011001011001001001100100010
01101010011100111000111000110110
01010110000100110001111000000001
01100011100110010111011101111100
00110010000110110011111000010000
01101011111110011010011100110100
01011111001001000001001101100011
00111110111101011101111001111110
00010010001111010001011100100001
01111111011100001010111000111100
01110010001111000001001101100010
01111010011100111100111000111110
01110011001010100001011101100011
01111010011101011100111000110110
01110010001110110001011100100011
01111010011101011100111000110110
01110010000000101001011100100011
01111110001100001100111000110110
01110011001011001001011100110011
01111110011100101100111000111110
01110011001011100001011100110011
01111010011100111100111000111110
01110010001011101001011101110011
01111010011100011100111000111110
01110011000011001001010100110011
01111010011100101100111000111110
01110010000011000001011101100011
01111110001100011100111000111110
01110010000010001001000101000011
01111110010110111100111000111110
01110011000110001001000110000111
01111110010110101001111000110110
01111011001110001001000110000110
01111110010100101000111000110110
01111111001110000001000000000100
00101110010110111010111000110110
01011011001110000011000000000000
10100010011110110011001001110110
11011101000101000011110000010010
01000000001100010100011001110100
11011100100001011010111001111010
01010000000000010101011101011000
00110100110001011100111111111011
01011101000111111111110101001001
00110000101011111100011110100010
01111111010111101110010010101011
00010010001111110001001000000000
01101111111110111010111000110110
01001111001101001001001000100011
00111010111100101101111101111110
01011010001101000001001001100000
01111110001100101100111000111100
01110011001101100001001100100011
01111110001100101100111000111110
01110010001011110001010100100011
01111110011101101100111000110110
01110010001111000001011100100011
01111110011100111100111000111110
01110011001101000001011100110011
01111010001100101100111000111110
01110011001001101001010100110011
01111010001101101100111000111110
01110110001110110001011100100001
01111110111110011100111000111110
01110011001011001001001100100010
01101110011100011010111000110110
00011110000100110001111000000000
00100011100110010111011111111100
00011010100110110011111000010000
01101111111110010011001101111100
01010011001001001001001111100011
01111010010101101101111100111100
01110010101111000001000110000101
00111010010110101110011000111110
01011110000111011001000110000110
01111110011100101001111000111110
01110111000101001001000111100010
01111010010110101100111100111110
01110011001110100001010101100011
01111010011100111100111100110110
01110110001101100001010100100011
01111010011101111100111000110110
01110010000111000001010100100001
01111110011101111000111000111110
01010010001111000001011100100011
01111110011100111100111000111110
01110011001101001001011100100011
01111010001100111100111000110110
01110010001111101001010001100011
01111010011110111100111000111110
01110010001011001001000100100111
01101110011100011100111000110110
01011110000110100001000100000100
01111110010110001010011000110100
01111011000100001011000001000100
00111110010110101001111001110110
01111011001110001011000000010100
10100110011100100000101001110110
01011111000100000011101000010000
11100010011110000010011001110100
11011001000001000011110000110010
11000000001100000100011001110100
10011100100001011011111001010010
11000000001000010100001101111100
00110100100001011100010111110010
01011001000110100100111100001001
00110110101011111100011111100010
01111111010111101110111100001001
00110010111011110101001110000100
01111111110111101010010000101111
00010011001110110001111000000100
00101011111100111100111100110110
01010111001001000001101101110011
01111010011100001101111000111110
01011110001111100001001100000001
01111110011101011100111000111100
01110010001101000001001101000011
01111010001100111100111000111110
01110010001111001001010100100011
01111010011101101100111000111110
01110010001111101001010100100011
01111110011100001100111000110110
01110010001101001001001100100010
01111110001100011000111000111110
01110010001101001001001101100011
01111110001100101000111000110110
01110110001111100001011000110000
01111010001100011100111000110110
01110011001010000001001100100001
01101110011100011000111000110110
00011110000100110001111000000001
00100011101110010111011101110100
00010010100110111011010000100000
01101111110011101010111100100101
01011111001101000001001100000000
01111110011110101011111001110100
00010111001110100011100000010100
00100110101110011001111001110110
01111011000010001011010000110011
11101110001100001000100000000110
00011110000101001011001000100000
11101111001110001010011001111100
01001111000101001001000011100011
11111010010100101100111101111110
01101010001101110001011101100011
01111010010101111101111001110110
01010010000111100001010100100001
01111010011101011100111000110110
01110010001111001001010100100011
01101110011100101100111000111110
01010010001101001001011100100011
01111010001100001100111000111110
01110010001111001001001001110011
01111110011110101100111000111110
01110011001011001001000100100011
01111110011100101010111000110110
01011111001110000001000100000001
10100110011110001010011011110100
11011111001100001011100001011011
10100010001110110101001001110110
11111001000000000011110001010010
11000000001000100000001001110110
10011101100001110011111000010010
11000000001000010000001011110100
10000101100001001010110001110010
11000001000100100100011111111000
10100100100001111100010111110010
01011001000010111100110100001011
00110100100111111000011111000010
01111101010111111010111000001011
00110010001010111001001110000100
00101111110111001010101000100010
00011010000011010011001010000100
00101111111110001010111001110110
01011011000001000011100000000010
01111010100100101100111101111100
01110111101001001001000111100011
01111010010100101100110100011110
01110111001111000001000110000001
01101010010110111010111000111110
01010110001111100001010101000011
01111010011100111100111000111110
01011111001111000001010101000011
01111010001100111100111000111110
01110010001000100001010100000001
01111010001100001100111000110110
01110010000001101001010100110011
01111110001100001100111000111110
01110010001011101001001100110011
01111110001100101100111000111110
01010010000111100001011000110010
01101010011100011110111000111110
01110011001011000001000100100011
01101010011100111010110000110110
00010110000100110001111000000001
01100011100110010110011101110100
00111010100111100001010000000000
01101111010111100010011100100100
01011111001110000001001000000000
00100010111110010011111001110100
10011101000100100011110001011100
10110010101010011101001001110110
01110001100001001011110001110011
11010000000000101100100000000110
00011010100011111011010000110000
11001111111000001010101000100100
00011110000001001011001000110010
11101111011110001010101101111100
01010010001101001001001001100011
01111010011101101101111101110110
01110010000011100001010100100001
01111110011101101100111001110100
01110010001111000001010100100011
01101010011100101100111000110110
01110010000101001001001100110011
01111110011100011100111000111110
01110010001111001001001001110011
01111110011110011100111000111110
01110011001010000001000100100001
01101110011100001010111000110110
11011111001100100001001000000001
00100010011110010010011001110100
11010101000100000001111001011011
01010000000100110101011101110001
11100001101000101100111001111011
01000000001000110100010101110011
10100100110001111010011001110011
01001000001000110000111110111001
10000100110100111000111001110001
01001101100110010011011011110001
00100000101010111010111001111010
11111101110111011011111011100011
00010000000010111011011000010000
11101101111111011011001011100111
00011000001011001011111000010000
11101101111110001011101011100110
00011001001011001011000000010100
11101100101000001000101001100110
00011100000101011011001000010100
11101111101110001001101001100100
00011011000001001011001000100010
11101110010110001000101001101110
00011010000011010011001010100000
11101111111110001010001001111100
01011111000001001001000011100010
11111010010110101100111100111100
01010111001111000001000011000011
01101010010110111100111100111110
01010111001100100001010101100011
01111010010100111100111000110110
01110110001111100001011100000011
01111010011101111100111000111110
01110010001011000001010100100001
01111110011100101100111000111110
01010110001110110001001000100001
01111110011100011100111000110110
01111011001011000001001100100000
01101110011100010011111000110110
01010110000100110001111000000001
00110011100110010110011101111100
00101010001110100001001000100000
01101111011110100010011100110101
01001111001100000101101000000001
00100010011110110101011101110100
11010101000100001001110001011011
00010000100110110100011101111011
11110000100000101010110001111011
01011000000010100101010001101111
10110000100011011011010000110011
01001100011001101000000000000111
00011110100011111011011000110010
01101111111110001010001100101100
01000011001001001001001011100011
01111010011100101100111100111110
01011010001111000001000100100001
01111010011101111101111001110100
01110010000011100001010100100001
01101010011101101100111000111110
01110010000011100001011100110011
01111010011100011100111000111110
01110110001111100001011001110011
01111010011100011100111000111110
11110011001010100001000100100011
01101110011100011010111000110110
11011111001000110001001100000001
01100010011110010010011000110000
11100111000100110101111101011011
01010010000110110101011101111001
11100000011100111100111111111011
01011000000110110101110110011001
10110000110100110100111111110011
01011001010010110110010110111001
10110000010100111100111111111011
01011001110111110110010110111001
11110000011001001100010111111011
01111000010111101110110110011011
10110001111110100101010001111011
01101010111010110110010110110011
10010001111000101001110001111011
11000000101010110101011110110111
10010001101011101010010001110011
11000000111000100100111110101111
00010101101011101011011000010001
11001000101000011100101010100110
00010001101011101011011000010001
11101100101000001001101000100110
00011010100011011011011000010000
11101111101100001010101000100100
00011010000001001011001000100000
11101111011100001010101000101100
00011010000001011011001010100000
11101111011110001010011101111100
01000111000001001001000011000010
11101010010100101100111100111100
01000010001111110001010001000011
01111010011101111000111001110100
01010010001101000001010100000001
01111010001101101100111000111100
01010110001111000001001000110010
01111010011100011110111000111110
01110011001010001001000100100001
01101110011100111000111000110110
00010110000100110001111000000001
00100011101110010111011101110100
00111010000110110011001000000000
01101111011110010011111000110100
01001111001100000101001100000001
00100010011100110101111101110100
11000100000100100100101101011100
01110001000110110101011111111001
10110000101100111100110011011111
01110000100110110101010011101011
10110000110011111011110001110011
01101101011011101000010000100011
00010000100011011011011000010000
01101111111010001010101100100100
01001111001101001011001010100010
01101011111110101010111100111100
01011010001101011001000001100011
01111010011101111100111001110100
01111010001111100001011100100001
01111110001101101010111000110100
01110010000011000001010100110011
01111010001100101100111000111110
01110110001110101001011101100011
01111010011110011101111000110110
01110011001010000001000100100011
01101010011100011010111000110110
01011110000100110001011000000000
01100011011100010011111000110100
01100110000100011000001101100010
01111010000100110111111101011101
01100110001100011100001111100010
01111011010111110111110001011001
01100010010100111101001111100100
01111111010111110110010001111011
01100110010100011101001110000100
01111111010111010011011001110001
01101110011100011100001111100010
01111111010110110011010001111001
11101000010100010100100111101010
01110011010110100110010101111001
11100000011100001100110111101011
01110010010110100100010100011001
11100000011100101100111111111011
01110000010110110110010110111011
10110000101100100100111101111011
01111001101010110110010111110011
10110001101010101011110001111011
11111000101010111100010110110011
10010001101011101011011000010001
11101000101000001100001010100110
00010001100011101011010000010011
11001110101000001000101100100110
00011011100011001011000000010110
01101110011100001010101100101100
00011110000001001011001010000010
11101111011110001010111100111100
01000011101101001001000011100011
01101010010100101100111100111110
01010110001111110001011000100001
01111010011101111100111001110100
01010110000111000001011100000011
01111010011100011110111000111110
01110011001011000001000100100010
01101010011100101000111000110110
00011110000100110001111000000001
00100011101110010111011101110100
00110011100010100001011000000000
01101011011110110010111100110111
01011111001010000001001000100001
00100010011100010101111100110100
01001110000100000101101110001000
00110011000110010111011101111001
11100100001100101100110111011010
01110000100110110101010111111011
10110000101010111010110011111011
01111000100011111101010010000111
00111000100011111011010000010000
11101101111000001010101000100111
00011110000001011011001000000010
00101111111110001010101100111100
01000011001001001001001011100011
01111010010100101100111100111110
01110010001111110001010101100001
01101010011101111000111000110110
01010010000111100001010100100011
01111010011100111100111000111110
01110110001110001001010101100011
01111010011100011100111000110110
01110111001011100001001000100011
01101010011100011010111000110110
01110110000010110001001000110011
01101110001100011100111000111110
01010110001000100001001000100011
01101110001100011011111001111110
01110110001011010001001000100000
01111111010101011111111001111110
01110010001010110001001000100000
01111110010101011111011001110110
01110010001010110001001000000000
01101110010100011111111001110110
01110110001010000001001000000100
01101110010100010111111001110110
01000110001100110001001110000100
01111111010110010111011001110100
01100110011100010101001111000100
01110111010100010111111001111001
01101110010100010100101111000100
01110111010110110011011001111001
11101000010100000100100111101010
01110011010110100110010101111001
11101000011100001100110111111011
01110001010110110100010111111011
10110000000100101100110101111011
01110001100010110100010111110011
10110001101010101011110001111011
11101000101010111100010010100111
00110000100010101011010000010101
11101100101000011000101010100110
00011000100011011011011000010100
01001101101110001010101100100100
00011110000001001011001010100010
00101111010110001010111100111100
01000011001001001001100011100011
01111010010100101100111101111110
01010110001110110001010000000001
01111010011110011100111000110100
01110011001011000001001100100000
01101010011100111010111000111110
00010110000100110001111000000010
00100011100110010110011101111100
00110010000110110001001000000000
01101011111110010010011100110110
01011011001010000001001000100011
00100010011100011101111000110110
01011110000100000001001100000100
00100010010110010010011101110000
11001100000100011000101111001010
00110001000110110111011011110001
10110000100100111100110011011011
01110000100111100101010011101011
00110000100010111011010000010011
01101101111001101000000000100111
00011100100011011011011000010100
01101111111010001010101000100110
00011110000001001011001010100010
00101111011100001010111100111100
01010010001101001001000011100010
01111010011100101100111101111110
01011110001111100001010100000001
01111010011100111100111001110100
01011110001101000001010101100011
01111010001101111101111000110110
01110010001001111001011000110011
01111010001100001100111000110110
01110011001001011001011100110011
01111110011100101100111100111110
01110010101001100001011001110011
01111110011100101110111100111110
01110011101001000001011001110011
01111010011100101100111100110110
01110011101011100001011000010011
01111010011110101110011100110110
01110011101001000001001000110011
01111010011100101100111100111110
01110011101011100001001000110011
01101010011100101100111000110110
01010111101010100001001000110011
01101010011100011110111000110110
01110111001000100001001000000110
01101010011100011111111000111110
01010110001010010001001000000100
01101110010100010011111000110100
01001110001100010001001110000100
01111111010110010011011001110101
01100110001100011100101111001100
01110111010110110111011001111001
11101000000100010100101111001010
01110001000110110111011111110001
10100000010100101100111111111011
01110001100010110101010111111011
10110001111000101010110001111011
11111000101011101100010110100111
00110000100011101011010000010101
11101100101000011000101010100111
00011110100011011011011000010100
11001111101110001010101100100110
00011010000001001011001010100010
01101111010110001010111100111100
01010110001101001001000001100011
01111010111110111010111101110110
01011010001010001001001000100000
11101110011100011011111000110110
00011110000100110001101000000000
01101011100110010110011101111100
00010110000110110011111000010000
01101011111110010011011110110100
01101011001010000001001000100011
00110010011100011101111000110110
01010110001010010001001000000100
00100010011110010010011000110100
11000110000100001100101111001010
01110010000110110101011101110001
01110100011100001100110111011010
01110000100110110101010011110011
10110000110100111001110001011011
01111001100011111101010011100111
00110001100011111011010000010100
11101101111000001000101000100111
00011110100011011011011000000100
01101111111110001010101100100100
01011011000001001011001010100010
01111010011100101010111100111110
01010010001101000001000001100011
01101010011100101100111000111110
01011111001110100001010101100001
01111010011101111101111001110100
01011110001101000001000100000001
01111010011111111000111000110110
01110010001101001001010101100000
01111110001100101000111000110110
01110010001110101001011000100001
01111110001100111000111000110100
01111010001101001001011100100010
01111110001100111100111000110110
01111010001100001001011100100000
01111110001100111000111000110110
01111011001101101001011000100010
01111110011110011000111000110110
01111011001101001001011000110010
01111010001100101100111100111111
01111011101101000001011000110011
01111010001110001100111100111110
01110011101001000001011000110011
01111010001100001100111000110110
01110011101011000001011000110011
01101010011100001110111000110110
01010111101010110001001000000000
01101010011100011110111000110110
01000111001001000001001110000111
01101010010100010110111100011100
01100110000100010101001110000100
01110011010110110011011001110001
01101100000100011100101111001010
01110010000110110101011101111001
01100000011100101100110111111011
01110000100111110101010011110011
10110000100000111011110001011011
11111001101011110100010010100111
10110001100011101011010000010110
11001101101000001000101000100111
00010110100011011011011000010110
01101111111100001010101100101100
00010111000001000011101000000010
00101011111110001010111101111110
01110011001010001001000001100011
11110010011100101000110000110110
00011110000100110001111000000001
00100011100110010011011011110100
00011110000110110011111000010000
01101011111110010011011110110100
01110111001010000001001000100011
01110010011100011101111000110110
01010010001010110001001000000001
01100110011100010010111000110100
01001110000101000001001100000110
01100010010110010011011100110101
01000100001100000100101111101010
01110001000110110111011111110001
11100000011100101100110111111011
01110000000110110101010011110011
10110000110010111011110001011001
11101100101011111000010010100111
00010000100011111011011000010100
11101101111000001000101000100110
00011010100011001011001000110100
10101111011100001010101100100100
01001010000001001011001010100010
11101011011110101010111101111100
01000111001101000001000011100011
11101010010100101100111101111110
01010110001110110001010000100001
01111010011101111100111001110110
01011010000101100001011100100001
01111010011100001000011001111110
01110010001001001001011100110011
01111010011100101100111000111110
01110010001100001001011100110011
01111010011100111100111000110110
01110010000011001001011100110011
01111110011100101100111000111110
01110010000111001001011100110011
01111110011100001100111000110110
01110010001111001001000100100011
01111110001100101100111000110110
01110010001100101001011101100011
01111110001100011100111000110100
01111011001101101001011100110001
01111110011100011100111001110110
01110011001011100001011001110011
01101010011110011110111000110110
01110011101010000001011000110011
01101010011100011100111000110110
01110111001010100011001100100011
01101010011100011010111000110110
01010111001010010001001000000100
01100110011100010011111100110110
01001110000100010101001111000000
01110010010110010111011101111000
01100100000100001100101111001010
01110001000110110101011011111001
10100000011100111100110111111011
01110000100111110101010111110111
10110000100010111011110001111011
11111101101011111000010010100111
00111000100011011011011000010100
11101101111000001000101000100110
00011110000101011011111000010110
00101111111110011010101100110100
01110011101011001001001111100110
00111010010100101100110100011110
00010110000110110001011000000001
00100011100110011111011001110100
00101010000110110011011000010000
01101011111111110010011110110100
01001111001101000001101001100011
01111010111100011101111001111110
01100011001010000001001000100001
01101010011100111110111000110110
01010111001110000001001100000001
01101110011110010011111000110100
11001110000100010101001111000010
00110010010110110111011101111000
11100100000100001100111111101010
01110000000110110101011111111001
10110001111100101100110111111011
01110000100110110101010011111011
10110000101010111011110000010011
11101100101010101100000010100111
00010001100011101011011000010100
11101101111000001000101000100110
00011010100011011011001000010110
10101111111100001000101100101100
00011110000101001011001010100010
10101011010110101010111100111100
01100111101001001001110011100011
01111010010100101100111100111110
01110111001011110001011100100001
01111010010100111100111000110110
01011110001111100001011100000011
01111010011100111100111000110110
01011110001101000001001100100011
01111010001100111100111000111110
01110010001001001001010100100011
01111110011101101100111000111110
01110010001111000001011100100001
01111110011100101100111000110110
01111010001111100001011100100011
01111110011100111100111000111110
01010011001101001001001101100011
01111110001100111100111000111110
01110010001101101001011100100001
01111110001100111100111000110110
01110010001001101001011000100011
01111110001100111100111000111110
01110011001010101001011001110011
01111010011100011100111000110110
01110011001010100001011000110011
01101010011100011110111000110110
01110111101011000001001000100011
01101010011100011110111000110110
01010111001010000001001000000000
01100110011100010011111000110100
01001110000100000101001111000100
00110010010110110011011101111100
01100100001100110100101111001011
01110001100110110101011011110001
10110001101100111100110011111011
01110000100011110101010011100111
10110000100010111011110000010001
11101101101001001000010000100111
00010110100011111011011000010110
01101111111010011010101100101100
01011111001011001001001110100110
00101110011110101010111100101110
00010110000100110001111001000000
00100011100110111110111101110100
00010010000110110011011000010000
01101011111111010010011110110100
01001111001101001001001001100011
00111110111100011101111001110100
01110010001010100001001000100000
01101010011110011010111000110110
01110011001010100001001000100011
01101010011100011110111000110110
11011110000000000001001100100111
01100110010100010111011100110100
01101110000100000101001111100010
00110010010110110111011101111001
11101000000100111100111111001011
01110001100110110111010011111001
10110001101100101100110101011011
01111000100011110100010011110111
10111000100110111011111000010000
11101101101010011001001010100110
00010001101011001011011000010100
11101100101000001000101100100110
00011010100011111011011000010100
00101111101110001011101100100100
00011110000001001011001010100010
01101111010110101010111101101100
01000111000001000001000010100010
11101010010110101010111100111110
01100111001111010001000010000011
01101010011100111100111000111110
01010111001101100001001101000011
01111010010101111101111001111100
01110011001110000001011100000011
01111010010100011100111000111110
01110010001001000001001100000011
01111010011100101100111000111110
01110010001111001001010100100011
01111010011100111100111000110110
01110010001111101001000100100011
01111110011100001100111000111110
01110010001111001001010100100011
01111110001100001000111000110110
01110010001111001001001100100011
01111110001100011000111000110110
01110010001100111001011101100011
01111110001100011100111000110110
01110011001000101001011000110011
01111010011100011100111000110110
01110011001011100001011000110011
01101010011100011110111000111110
01110111101011000001001000100011
01101010011100011010111100110110
01011110001100010001001000000000
00100110011110010011011101110100
01001110000100000100101111001010
00110011000110110111011101111000
11110000001100111100110111011010
01110001100110110101010011111111
10110000101000111000110001111011
01111000100001111100010010000011
00110000100010111011011000010010
01101101111010011010101000100110
00011110001011001001001000000110
01101111011110011010101100111110
00010110001101010001111001000010
00111010110110111110111101110100
00010010100110110011011000010000
01101011111110010010011110110100
01011111001101001001001101110011
01111010111101111101111101110110
00010110001011100001011000100001
01101010011110011110111000110110
01110011001010000001001000110011
01101010011100011110111000110110
01110111001010000001001000100001
01101110011100011010111000110110
01011110001100000001001010000100
01100110010110010011011100110100
11101110001100010101101111001110
00110010000110100111011101111001
01100000000100000100111111001011
01110001000110110111010011110011
10100000111100101100110101111011
01110000100010110100010111110011
10110001110011101011111001010011
11101000101010110100011010100111
00010000101011101011010000010011
11101100101000001000101100100110
00011100100011011011011000010100
11001110101100001000101000100110
00011010000011011011001000000100
00101111111110001010101100100100
01011110000001001011001010100010
01101010110110101010111101111100
01011111000001001001000011100010
01111010010110101100111100111110
01110111001011000001000110000011
01111010010100111100111000111110
01110110001111000001010100000111
01111010011100111100111000111110
01011111001101000001001101000011
01111010010100111100111000111110
01110011001010100001011101000011
01111010011100111100111000110110
01010010001001100001011101100011
01111010011100011100111000110110
01110010000111001001011100100011
01111010011100111100111000111110
01110010001101001001010100100011
01111110001100111100111000111110
01110010001100111001011101100011
01111110001100011000111000110110
01110011001100001001011000110011
01111110011110011100111000110110
01110011001010000001011000100011
01101110011110011010111000111110
01110011001010000001001000000010
01101110011100010010111000110111
01011110000100000001001100000100
00100011010110010011011101110100
11011100001100001100100111001010
00110001000110110101011001110001
10110000100100111000110011111011
01111001100011111101010011101011
00110000100010111011010000110010
01101101111001001010011000100111
00010010100011101001001000000000
01101111011110011010111000101100
00011110001101010001101000000000
00111011100110011111111101110100
00100010000110110011011000010000
01101011111110100010011110110100
01001111001101001001001101100011
01111010111101111101111001111100
01000110001111000001011100100001
01101110011100011110111000110100
01110110001101100001011000110011
01111010011110011110111001110110
01110011101010000001011000110011
01101010011100011110111000110110
01110111101010100001001000100101
01101110011100011110111000110110
01000111001001000001001110000101
01100010010100010111111100110101
01101110000100010101001111000110
01110011010110110111011101111001
11100100011100000100101111101011
01110000000110100110010011110001
10100000011100111100111111111011
01110000100010110101010011110011
10110000110000101010111001111011
11111000101010110100010010100011
00110001101011101011011000010001
11101000101010101000101010100111
00010001101011101011011000010001
11101100111000001000101100100110
00011110000001011011001000010000
11101111101110001011101001100100
00011011000001001011000000100000
11101110010100001000101101100100
00011110000001001011000010100000
11101111110110001010101001111100
01011011100001001011000010100010
11101010010110101000111100111100
01011111000101001001000011100010
01111010010110101001111000111100
01110111000001000001000011000011
01111010010110101000111100111110
01110111001001000001000001000011
01111010011100111100111000111110
01110111001110100001000101000001
01111010011100101101111000111110
01011110001110000001000100000011
01111110011100011000011001111110
01010110001100001001000100000011
01111010001100111000111000111110
01110110001100101001011100000011
01111010011110011000111000110110
01110010001010011001111000000010
01111110011100011000111000111110
01110011001010000001000110000011
01101010011100101010111100111110
01011111001100000001000000000101
00100010011110110010011100110100
11011111001100000001101011001010
00110000100110110101011111110000
10110000101000011000110011111011
01011000100101111101110001001011
10110000100010111000011011110010
01101101010011100010010000101111
00010000100011100001001000000000
01101111011110000010011000100111
00011111001101010001101000000000
00110011110110011111111101110100
00110010000110110011011000010000
01101011111111110010011110110100
01011011001101000001001101100011
01111010111101011101111001111100
01010010001011010001011100100001
01101110001101111100111000111100
01110110001101001001010101100011
01111110011100011100111000110110
01110011001001101001011000110011
01111010011110011110111000110110
01110011001010100001011000110011
01101010011100011110111000110111
01110111001010000001001000100001
01101110011100011111111000110110
01010110001000000001001000000100
01101110010100010110111100110100
01101110000100010101001110000100
00110011010110110011011001111000
11100110010100010100100111001110
01110010000110100110011101111001
11100000011100101100110111101011
01110001010110110101010111111011
10100000111100101100111101111011
01111000100010110111010111110011
10110001111110101010111001110011
11101000101010110100010110100011
00010001101011101011111000010001
11101100101010011000101010100111
00010101100011101011011000010000
11101100101000001000101110100110
00011000000011011011011000110000
11101101101100001001101001100100
00011110000001001011001000010000
11101111101110001010101001100100
00011011000010011011000000100000
11101110111100001000101001100110
00011010000001011011000000000100
11101111010110001000001001101100
01011111100001001011100010000110
11111010010110101000111100111100
01111111100101001011000011100011
01111010010110101000111000101110
01111111000111001001000110000001
01111010010110101000111000111100
01111111000100001001000110000110
00111010010110111100111000111110
01110111000100001001000111000110
00111010110110111100111100111110
01111011001011001001000111000110
01111010010110101000111100000110
01111011001011000001000110000000
00101010011110101010011000110110
01011111001110000011000000000000
00100010011100110010011001110110
11011101000100111011111001011010
11010001100100010101011001110000
10110100110001011000110111111010
01011001000101100101110111001001
00110000101010111000011111100010
01101101010111111010010000101111
00010000101010110001011000000000
01101111111110010010111000110110
00011110001101110001101000000000
00110011101110011111111101111100
00110010100110110011011000010000
01101011111110110010011110110100
01011111001101000001001101100011
01111010111101101101111101111100
01010010001111100001011100100001
01111110001101111100111000111100
01110010001111100001000100100011
01111110001100011100111000110110
01110110001011111001010100100011
01111110001100011100111000110110
01110010001011100001011000110011
01101010011110001110111000110110
01110011101010000001011000110011
01101010011100011110111000110110
01110111101010000001001000100011
01101010011100011010111000110110
01010111001000000001001000000100
01101110010100010110111100110110
01101110001100000001001110000100
01111110010110010011011101111101
01100110001100010101101111001010
01110011010110110111011001011001
11101010010100110100101111001010
01110011000110110111010001111001
11100000010100101100110111111011
01110000010110110100010111111011
10110000111100101100110101111011
01111000110010110100010110110011
10110000111100101000111001111011
11001001101010110110011110110011
10110001111011101011011001110011
11101000111000101100101110100111
00011100100111111011011000010001
11001111101010010011001011100100
00011001101011001011111000110000
11101010101100001000101111100100
00010000100011001011011000110000
11101110111100001010101111100100
00011110000011011011001000110000
11101111101110001011101001100100
00011010000111001011001000110000
11101110001110001000101011100100
01001011000110001011000000000000
11101110011110001000111011100100
01001011000011001011000000000000
11101110111110001011111001100100
01001110000100001011000000000000
11101110101110011000011001110100
01111011001001001011000001100000
11101110010100101000111001100110
01011011000110100011001000000000
11100110111110010011001001110100
11011101000101000011101000010010
11000000001100000100001001110100
11010100100001011010110001110011
11010000000000010100111101011001
00110100110001111100111111110011
01011101100111110111011111001001
00110000101011111100011110100010
01101111110111010010011010101011
00110001101010110001001000000000
01101111011110111010111000111111
01010110001100110001101000000001
00110011101110011111111101110100
00110010000110110011011000010000
01101011110111100010011110110100
01011111001101000001001101100011
01111011111101011101111001111100
01010010001111000001001100100001
01111110001100111100111000111100
01110010001111100001000100100011
01111110001100101100111000111110
01110010001111100001000100100011
01111110001100011100111000110110
01110010001111111001010100100011
01111110011100011100111000110110
01110010001011111001011000100011
01111010011110011100111000110110
01110011001011000001011000110011
01101010011100011100111000110110
01110011101010000001001000110011
01101010011100011110111000110111
01010111101010100001001000100110
01101010011100011111111000110110
01010110001000000001001100000100
01101110010100010111111000110110
01110110001100010001001110000100
01111110010110010011011101010101
01100110011100010101101111001100
01110011010110110111011001110001
11101000010100010100101111101010
00110011010110100110010101111001
11101000010100110100111111101011
01110001010110110101010111111001
11100001010101100100111111111011
01111000010110110110010111111011
10110001111000111100110101111011
11111000111000110100010110110011
10110000111110101000011101110011
11001000111010110010011110100001
10110000111011101011111001110011
11001000111010110110011110110011
10010001111011101011111001110011
11001000111000001100101110110111
00010011101011101011111001110011
11001010101100000010101111110100
00011111000011101011111001110001
11001010101110000010001111110100
00011001000011101011111001110011
11001010101100000010101011110100
00001101000001101011111000110001
11001000101100000010001111110100
00001101000001000011111001110011
11000000001100000011001011110101
10000101100011100011111001110011
11000000101000010100001011110100
10010100100001011010011001110011
11000001001000010101101111111100
10110100100001011100011111110010
01011001000111110101111111001001
00110000100101111100011111100010
01111111110111111111010010101001
00110000101011111101001110000000
01111111110111111010011000101011
00010011001110100001001000000100
00101110011110110010111000110110
00011110000100110001101000000000
00110011101110010111111101110100
00110010000110110011011000010000
01101011111111101010011110110100
01001011001101000001001101100011
01111011111101011101111001111100
01010010001011000001001100100001
01111110001101111100111000111100
01110010001111100001000100100011
01111110001100101100111000111110
01110010001111100001000100100011
01111110001100101100111000111110
01110010001111100001000100100011
01111110001100011100111000111110
01110010001111111001000100100011
01111110011100011100111000110110
01110110001111101001011100100011
01111110011100011100111000110110
01110010001001100001011001110011
01111010011110001110111000110110
01110011101011000001011000110011
01101010011100011110111100110110
01110111101011100001001000110011
01101010011100011100111000110110
01010111101010100001001000000100
01101110011100011010111000110110
01010110001010000001001000000100
01101010010100010111111001110110
01100110000100010001001110000100
01110011010110010111011001111101
01100110011100011101000111000110
01111110010100110101111001010001
01101110010100110100101111001000
00110111010110110111011001111001
11100000010100010100101111101010
01110011010110100101010101111001
11110000010100110100111111101011
01111011010110110110010100111001
11110001010100101100111111111011
01111000110010110111010100111011
11110001011100101100111111111011
01011000110010110110010110111011
10110001111110101100011111110011
01001000111010110110110110111011
10110001110001101100111101110011
01001010111010110110010110111001
10110101111001101100011101110011
01001010011010110110010110111001
10110101111001101100111101110011
01001000111010110111010110111001
10110101100001101100011101110011
01000000011010110111011110111001
10100100110001111100011111110011
01001001000010110101110110111001
10110100100001111100011111110011
01011001000011110101111110001001
00110000101111111100011111100010
01111101010111110111111110001001
00100000101111111100001110100000
01111111110111101110110000101011
00110010001110110001001000000000
00111111111111011011111001110110
01000011001010100001101000000000
01100010011100000110111001110110
01010111001100010001101000000010
00110010100100011100111101111100
00110010100111110011011000010000
01101011111111100010011100110100
01011111001101000001001101100011
01111011111101111101111001111100
01010010001011000001000100100001
01101110001101111100111000111100
01110010001111100001000100100011
01111110001100101100111000111110
01110010001111100001000100100011
01111110001100101100111000111110
01110010001111100001000100100011
01111110001100101100111000111110
01110010001111100001010100100011
01111110011101101100111000110110
01110010001111101001010100100001
01111110011100001100111000110110
01110010001111001001000000100001
01111110011100011000111000110110
01110010001100001001011000110011
01111110001110111100111001111100
01110011001001001001011001110010
01111010011110001100111000111110
01110011101011100001011000110011
01101010011100011100111100110110
01110111101011100001011000110011
01101010011100011100111100110110
01010110001010100001001000010010
01101010001100011110111000110110
01110111001010000001001000000010
01101010011100011111111001110110
01010110001010110001001000000100
01111011010100010111111001110100
01100110001000010001001111000100
01111011010100010111111001111101
01100010000100010101001110000100
01111111010110010111011001110101
01100010010100011101001110000110
01111111010110110111011001111001
11100000010100011100101111001110
01111111010110110111011001111001
11110000010100011100101111101110
01111011010110110110010101111001
11110000010100011100011111100111
01111111010110110011010001111011
11110000010100010100111111101011
01111111010111110110010101111001
11110010010100111100111111101011
01111011010110110111010110111001
10110000010100111100011111101001
01111111110111110111010010111001
00100100010100111100011111100000
01111111110111111110110110001001
00110010011100111100001111000100
01111111110111111110110011101011
00110000001110111001001110000000
00111111110111111110010011100011
00110010001110110001101000000000
01111111111111001011011011110110
01010011001010010001101000110010
01110010111100001100011100110110
01010011001011000001000100000000
11100010011100000100111100110110
01011110000100110001101100000001
00110011100110010111011101111100
00110010100111110011011000010000
01101011111111100010011100110100
01011111001101000001001101100011
01111011111101111101111001111100
01010010001011000001000100100001
01101110001101111100111000111100
01110010001111100001000100100011
01111110001100101100111000111110
01110010001111100001000100100011
01111110001100101100111000111110
01110010001111100001000100100011
01111110001100101100111000111110
01110010001111000001010100100011
01111110011101101100111000110110
01110010001111100001010100100011
01111110011101001100111000110110
01110010000011101001011100110011
01111110001100111100111000110110
01110010001101101001011100110011
01111010001100011100111000111110
01110010001100101001011101100011
01111110001100111100111000110110
01110010001001101001011001100011
01111110011100011110111000110110
01110011001001000001011000110011
01111010011100001110011000111110
01110011101001001001011000110011
01111010001100001100111100111110
01110011101011000001011001110011
01101010011100001100111100111110
01110011101011100001011000010010
01101010011100011100111000110110
01110111001001000001001000000010
01101010001100011110111000111110
01010111001011010001001000000010
01101110011100011010111001110100
01010110001010010001001000000000
01111110010100011111111001110110
01000110001000010001001000000000
01111110010100011111011001110110
01010110001100010001001000000000
01111111010100011011011001110100
01100010001000010001001010000100
01111111010101010011011001111100
01110010001100010001001010000100
01111111010101010111011001111101
01100110001100011001101011000010
01111111010111011111111001111101
01110010001110011001100011101000
01111111110101011110111001110111
00110010001110110001101000000000
01111111111101011011111001110111
00010010001110110001101000000000
01111111111111001111011001110110
01110010001010110001101000100010
01111110111101001100011001110110
00010011101010110011101000000001
11101010111100001100111001110100
01010111001001000001001000010001
01111010011100011100111100111110
01110011001010000001001100100000
01100110011100010010111000110110
01011110000100110001111000000001
00100011101110010111011101111100
00010010100110110011111000010000
01101111111111011010001100110100
01011111001101000001001101000010
00111110111101001101111001111110
00010010001111000001000100000000
01101110011110111010111000111100
01010010001111000001000100000010
01111110011100101000111000111110
01010010001111000001000100000010
01111110011100101000111000111110
01010010001111000001000100000010
01111110011100101000111000111110
01010010001111000001000100000010
01111110011100111000111000111110
01110010001111000001010100000011
01111110011100111000111000110110
01110010001101000001010100000011
01111110001100001000111000111110
00110010001101001001000100000010
01111110011100001000111000111110
00110010001100001001000100000010
01111110011100011000111000111110
01110010001100001001000100000011
01111110011100011000111000111110
01110010001101011001001100000011
01111110011100011000111000111110
01110010001101001001000100000011
01111110011100001000111000110110
01111010001101001001011100000010
01111110011100011010111000110110
00111011001101001001011100000010
01111110011110001000111101110100
00111010001101000001111000000010
00111010011110001010011000111110
00110011101001000001011000000011
00111010011100001100111100111110
00110111101001000001001000000011
00101010011100001100111100110110
01110011101001000001011000010010
00111010011100001100111100111110
01110011101001000001001000000010
01111010011100001100111000111110
01110111101011000001001000000110
01101010011100001100111000111110
01110110001011000001001000000110
01111110011100001010111000111110
01010110001101010001001000000110
01111111001110001111001001111100
01110010101001000001100011000010
01111010010101001100011001111110
00110011101011000001110000000011
01111010011101101100111100111110
01010111101001000001110001010011
01101010011100101100111100110110
01110011101001000001010101000011
01111010011101101101111100110110
00010110101000000001000100000011
01111010001100101000111000110110
00010110001100000001101100000010
00101110011110011111111000111110
01110011001011000001001100000100
00100110011100101010111000110110
00011110000100110001111000000000
00100011101110011110011101110100
00011010100110110011111000010000
01101011111110110011011100110100
01001111001101001101000111100010
01111010110100111101111100111100
01001010001111010101000110000000
01101010010110111100111000111110
01100011000111000101000110000010
01111010010110111100111000111110
01100011000111000101000110000010
01111010010110111100111000111110
01100011000111000101000110000010
01111010010110111100111000111110
01100111000111000101000110000010
01111010010100111100111100111110
01100111000111000101000110100010
01111010011110111100111000111110
01100111000111000001000110000010
01111010010110111100111000111110
01100011000111001001000110000010
01111010010110111100111000111110
01000010000111001001000110000010
01111010010100111100111000111110
01100111000111001001000110000010
01111010010110111100111000111110
01110111000111000001000110000010
01111010010110111100111000111110
01110011000111000001000110000010
01111010010110111100111000111110
01100110000111001001000110000010
01111010010100111100111000111110
01101111001110001001000100100011
01111010110110111100111000111110
01101110001110001101110110000011
01111010010110111100111000110110
01110111000111101001110100000011
01111010010100111100111000111110
01101111000110001001110110000010
01111010010110111100111000111110
01101111000111001001000010000010
01111010010110111100111000111110
01101111000101001101000110000010
01111010010110111100111100111110
01101011000111001101000010000010
01111010010110111100111100111110
01110011000111000001000010000010
01111010010100111100111100111110
01110111101011001001000010000010
01111010010100111100111100110110
01110111001111001001000010000000
01111010110100111100111100110100
01011111001100011001000010000000
01111010011110111101111000111110
01001110000100000101000110000010
01111010010110111100111100111100
01101010000100001101100110100010
01111010010110111100111100111110
01100010000111010001100110100010
01111011010110111100011000111110
01110110000110001001000110000010
01111010010110111100111000111110
01101011001011000101000110100000
01101010011100111010110000111110
01011110000100110001110001000001
00100011100110111110011101111100
00111010000110111011110000110010
10101111111010010001011001110100
00011110000101101011101001110010
10111110111110001001111001110100
00001110000101110011101001110000
10101110111110011011111001110100
00001110000101111011101001110000
11101110101110001011111001110100
00001110000101111011101001110000
11101110101110001011111001110100
00001110000101111011101001110000
11101110101110001011111001110100
00001110000101111011101001110000
11101110101110001011111001110100
00001110000101111011001001110000
11101110101110001011111001110100
00011110000101101011101001110000
11101110101110001011111001110100
00011110000101111011101001110000
10101110101110001011111011110100
00011110000001101011101001110010
11101110101100001001111011111100
00011110000101101011101001110000
11101110101110001011111001110100
00011110000101101011101001110000
11101110101110001011111011110100
00011110000101101011101001110000
11101110101110001011111011110100
00011110000001111011001001110010
11101110101110001011111011110100
00011110000001111011001001110010
11101110101110001011111011111100
00011110000101111011101001110010
11101110101110001011111011110100
00011110000001111011101001110000
11101110101110001011111011111100
00011110000001111011101001110010
11101010101110001001111011111100
00011110000001111011001001110010
11101010111110001011111011111100
00011110000101111011001001100000
11101010101110001011111011110100
00011110000101101011101001110000
11101110101110001011111011110100
00011010000100111011101001110000
10101110101110011011111011110100
00011010000011100011101001110000
11101110111110011011101011110100
00011110000011101011101001110010
11101110101110011001111011110100
00011110000001101011101001110010
11101110101100001001111001110100
00011110000101111011001001110000
11101110101110011011111001110100
00011110000101101011101001110000
11101110101110001011111001111100
00011110000100101011101000110000
11101110101110001011111001110100
00011110000110101011101000110000
11101110111110011011111001110100
00011010000011100011001000110000
10101010111110010011101001110100
00011110000100110011111001110000
10100010101110010111011001111100
