01010110001100000000000101110010
00011001101101010010010111110001
10010000000100111111000111100011
11100110001100100101111001010101
10001101110011100001110110111001
11011010011001101100011011000001
10010000110000100010110100011110
01100011011111011100111100111000
01100110001100000000001001111010
10111001101100000010110111010001
10010001000001111101000011100011
10000110001110100100111101010101
10101101100011010111110110111000
10001010111001101110011011001001
10010001110000001000110100011101
01101011011111111100111000111000
01100110001100001000001001111010
10111001101100000010110111010001
10010001000000111101000011100011
10000110001110100100111101000101
10101101100011110110110110111000
10001010111001101110011011001001
10010001110000001000110100011101
01101011001111111100111000111000
01100110001100000000001001111010
10111000101100000010110111010001
10010001000000111101000011100001
11000110001110100100111101000101
11101101100011110110110110111000
10001010111001101110011011001001
10010001110000001000110100011101
01101011011111111100111000111000
01100110001100000000001001101010
10111000101100000010110111010001
10010001000000111101000011100001
10000110001110100100111101010101
11111101100011110110110110111000
10001010111001101100011011001001
10010000110000001000110100011101
01100011011111111100111000111000
01100110001100000000001001111010
10111001101100000010110111010001
10010001000000111101000011100001
10000110001110000100111101000101
11101101000011100111110110111000
10001010111001101100011011001001
10010000110100001000110100011111
01100011011111111111111001111000
01100110001100000000001001111010
10111001101100000010110111010001
10010001000010111101000011100001
10000110001110100100111101000100
11101101100011110111110110111000
10001010111001101100001011001001
10010000110100001000110100011111
01101011011111111100111000111001
01110110001000000100001100101110
00111101101101000011000111010001
00010001000000111101001111101001
11000110001110100100111000000100
01101101110011100001110100011000
11000000100001101101000011000001
10011000110101001000010110011111
01101011001111010100111100001101
01010111001110100011000111110011
00011001110101010010011111100001
10000100000101101011100111100011
11100110000001111101011001010101
10001001110010010000110100010001
11011010011101111110111010000011
11101001000000100111110000011010
00000000011001011110011110101010
11100111101111101010011011101001
10011000110110010010111010000100
11000011001011110100100111110110
00010100110011011110010100110111
10100001001110011010110001000100
10001010110101111110111111001110
01101011001011000101110001011101
10001000101100111110001010110100
11100111101111101110011011101001
10011000110100010000111000000101
11000011011010111100100001110110
00011100110011011110010100110111
10111001001110011010110001000100
10001110110101111110111111001110
01100011001010000101110001011101
10100000101100111110001011110100
11100111101111101110011011101001
10110000110110010000111000000111
11000010001010111100100001110110
01011100110011011110010100110111
10111001001110011010110001000110
10001010110101110110111111001110
01100011001010000101110001010101
10100000100100111111001011110100
11100111101111101110011011101001
10011000010110010000111000000111
11000010011010111100100001110110
01011100110011011110010100110111
10111001001110011010110001000110
10001010110101110110101111001110
01000111001011000101110001010111
00100000100100111111001011110000
11100111100111110110011011101001
10011010010110110000111000000101
11001010011010111110100011110110
00011100110011011110011100110111
00101001001110011010110001000110
00001111110111110110101111001110
01000111001011000101110011101111
10100100100100111111001011100000
11100111100011110010011011101011
10011000010110010000111010000101
11000110001010110110100001110100
00011100110011011110011100110111
10101001001110011010110001000100
00001011110111111110001110101110
01000101001011000111110001011111
00100110100100111111001011110000
11110101001001010110011100101100
10110101110101000011000011000111
01010001001010111000101101001001
01000100100110100110101000000111
01100101111011101010101000010100
11000010100001101001000011010011
10101000110101001000010010011010
11101011101110000110001100000101
01010111001010100011000101110011
01011001110101010010011111100001
10100100000100101011100111110011
10101110010001111101011001010001
10001001110010000000100100010001
11011010011101111110111010100011
11101001000001100111110000011010
00000000011001011110011110101110
11101111100011101111011011101001
11110100010110010000111000000110
11000100001001100010100111110110
00011100110011011110000100110011
10100001101010011110100001000100
10001010110101011110111100001110
01101111001011000111110001011001
10001000101000101111011010110101
11100111100110101111011011001001
10110100010110010000111000000110
11101100001011100010100010110110
00011100110001011110000100110010
10100001101010011110100001000100
10001010110101010100111101101110
01101011001010000111110001011000
10000000101000101111001010110101
11100101100011101111011011001001
10110100010110010000001000000110
01101100001010110000100010111110
00011100110001011110010100110110
10101001101010011110100001000110
10001010111101010100111101101110
01101011001010000111110011010000
10000000101000101111001011110101
11100101100011101111011011001001
10110100010110010000001000000110
01101110011010111000110000111110
00011101110001011110010100110011
10101001001010011110111001000110
10000000111101010110111101101110
01101111001010000101110001000010
10000000100100101111001011110101
11100101100010100111011001001001
10110100010110000001101000000110
01101110011010111000110010111110
00011101110001011110011100110011
10101001001010011110110001000110
00001110100101010110101101101110
01101111001011000101110011100010
10010100100100101111001011100101
11101101100011110110011001001001
10110100010110000000111000001110
11101111001010110000100000110100
00011100110001011110011100110010
10101011111010011110110000000100
10001110110101010110000100101110
01101001001010000111010011101010
00001110100100101111001011110101
11110100001001010110011100101100
10110101010111000011000011000110
01010001001011111000101101001001
01001100100100100110101000000110
01100101111011101010111000010100
11000000100011001101000001110011
10101000110101101000000010011010
11001011101010000110001100100101
01010111001010100011000101010011
01011000110101010010011111100001
10100100000100101011100111100011
10101110000001111101011001010001
10001000110010000000100100010001
11011010011101111110111010100011
11101001000001110111110000011010
00000000010001011110011110101110
11101111100011101111011001101101
01110100010110010000101000000110
01101100001001100000101110110110
00011101110001011110000100110010
10100001111010011110100001000100
10100010110101011110111100000110
01101101001011000111110011010000
10001000101000101111011010110111
11101101100010101111011011001101
10110100010110010000001000000110
01101100001011100000100110111110
00011101110001011110000100110010
10100001101010011110100001001100
10000000110101011100111101101110
01101011001010000111110011010000
10001000101000101111011011110101
11100101100010101111011001001101
10110100010010000000001000000110
01101101101010100000110010111110
00011101110001011110000100110010
10101001101010011110100001001110
10001000110101010100101101101110
01101011001010000111010011010000
10001000101000101111001011110101
11100101100010101111011001001101
10110100011010000000001000000110
01101101101010111000110010111110
00011101110001111110000100110010
10101001101010011110111001001110
10101000110101010110100101101110
01101011001010000111110001010000
10001000100000101110001011110101
11100101100010101111010001001101
10110100010010010000001000001110
01101101101010110000111000111110
00011101110001011110000100110010
10101001101010011110111000000110
10101001101101010100100101101110
01101001001010000111000011110010
10011000100000101111001011110101
11100101100011110111010001001101
10110100010010000000001000001110
01101101001011110000111000110100
00011100100001011110001100110010
10101011101010011110111000001100
10101001100101011100000110101110
01101011001010000111000011110010
00001110100100101110001011110101
11110100011001110110011100001100
00110101110101000001000011000110
01010001001011111000111101001001
01001100100100100110101000000110
00100101111011101010111000010100
11100000100011001101000011110011
10101000110101101000000010010010
11001011101010000110001100100101
01010111001010100011000101011011
01011000111101010010011111100001
10100100000100101011110111100011
10101110000001111101011001010001
10001001110010010000100100010001
11011010011101111100111010100011
11101001000001000111110000011010
00000000011001011110111110101110
11101101100011101111010001001101
01110100011110000000111000000110
01101101001001110000111110110110
00011101110001011110000100111010
10100001101010011110100001001100
10101000111101011110111110100110
01101011001011000111110010010000
10001000101000101110011011111111
11101101100010100111010001001101
00100100011110000000011000000110
01101101001011100000111110110110
00011101110001011110000100111010
10110001101010011110100001001110
11101000110101011100111101101110
01101011001000000111110010010000
10001000101000101111011011110101
11101101100010101111010001001101
10100100011010000000011000000110
01101101001011100000111110111110
00011101110001011110000100110010
10110001101010011110101000001110
11101000110101011110100100101110
01101011001010000011010011010000
10001000101000101110001011110101
11100101100010101111010001001101
10100100011010010000011000000110
01101101101010100000110110111110
00011101110001011110000100111010
10110001101010011110111000001110
10101000111100011100100101101110
01101111001010000111110001010000
10001000100000001110001111110101
11100101100010101111010001001101
10100100011000010000011001001110
01101101101010100000110100111110
00011101110001011110000100100010
10100001101010111010001000001110
10101000111101011100100100100110
01101011001010000011100011010010
10000001100000001110001111110101
11101111100111110111010001001001
10100100011000000000011000001110
01101101001011100000110000110110
00011100100001011110000100110010
10101001101010111010101000001110
10101010111101011100000100101110
01101011001010000111000010010010
00001110101100101110001111110101
11110100011001110110011100001100
00110101010101000011000011000110
01010001001011101000101101001011
01001100100100100110101100000110
01100101111011101000101000010100
11100000100001001101000001110011
10101000110101101000000010010010
11001011101010000110001100000101
01010110101010100011000101010011
01011001011101010010011111100001
10100100000101101011110111100011
10100110000001111101011001010001
10001001110010010000100100010001
11011010011101111110111010100011
11101001000001000111110000011010
00000000011001011110111110101110
11101111100001101111010011001101
01100100011110001000101000000110
01100101001001100000111100110110
00011101110001011110000100111010
10100001111010011100101001001100
11101100110101011110110100100110
01101011001011000111110010010000
10001000101000101110011010111111
11101101100011100111010011001101
01100100011000001010010000000110
01101101001011100000111100111100
00011101110001011110000100111010
10100001101010011110101000001110
11101000111100011110100100100110
01101011001000000011110010010010
00001000101000101110010111111101
11101101100010100111010011001101
00100100001010101010011000010110
01101101101010100000111100111100
00011100110001011110000100111010
10100001101010111110101000001110
11101000111100011110100100100110
01101011001010000011110010010010
00001000101000101110011111111101
11101101100010100111011001001101
00100110000010100000011000010110
01101101101010100000110100111100
00011100110001011110000100111010
10100001101010111110101000001110
11101001111100011110100100101110
01101011001010000011110011010010
10001010101000101110011111111101
11100101100110100111011001001001
00100100010000101000110101010110
01101101001010100000110110111100
00011100110001011010000100101010
10100001101010111110001000000110
11101000111100011100100110101110
01101001001010000011110011010010
10001011101000101110001111110101
11101101100111110110011001001101
00110100010000001000111011010110
01100101001010100000110100110100
00011100100001011110001100100010
10100001101010011010101000000110
11101010111100011100100110101110
01101011001010000011010011010010
00001111101000101110001111110101
11110101001001110110111100001100
00110101010101000011000011000110
01010001001010111000101101001001
01001100100100100110101100000110
01100101111010111000101000010100
11100000100001001101000011110011
10101010110101101000000010010010
11001011101010100110101100000101
01010111001010100011000101010011
01011001011101010010011111100001
10100100000101101011110111100011
10100110000001111101011001010001
10001000110010010000100100010001
11011010011101111100111010100011
11101000000001000111110000011010
00000000010001011110111110101110
11111101100001100111010111001101
01100100011010001010101110000110
01100101101011100000111100100100
00011101110001111010000000111010
10100001111010011100101000000110
10110001110101011110110100100110
01101010001101000111110010010000
10001000100000101110111110111111
11111101100111100111010111000101
00100100011000001010001100000110
01100101101011100000111100101100
00011101110001111010000100111010
10100001111010011100101000000110
11111001100101011100100100100110
01101010001001000011100010010010
10001000101000101110110111110111
11111001100111100111010111000101
00100100000000100011000110000110
01101101101010100000110100011100
00011100110001111000000100111010
10100001101010011100101000000110
11111011100100011110100110100110
01101010001101000011000011010010
10001010101000101110111111110111
11111001100011100111110111000101
00110110000000100010001110000110
01101101101010100000110110111100
00010100110001011010000100111010
10100000101010011100001000000110
10111000101100011110100110100110
01101010001010000011001011010010
10001111101000101110111111110111
11111001100111110111110111000101
10110100000000100010001110000110
01101101101011100000110110110100
00011100110001111010000100111010
10100000101010011100001000000110
11111000101101011100100110100110
01101010001010000011000011010010
10001111101000101110101111110111
11111001100111110110110111000101
00110101010000000000101110000110
01100101101010110000110100100100
00011101100001111010001100101010
10100001101010011100101000000110
10111010101101011100100110100110
01101010001010000011000011010010
10001110101000101110101111110101
11110001001001010110111100001100
00110101010001000011000011000110
01010001101010111000101101001001
01001100100100100110101100000110
01100101111010111000101000010100
11100000100001001101000011010011
10101010110111101000000010010010
11001011101010000110101100100101
01010010001010010111000100010011
00001011110101100010001111100000
10100100000101001011111111100011
11101110001001101101011001010000
11001100110010000001100100010001
11010000010000111101010010110011
11101000100001100011011000111110
10001000110001010010111100001010
01110000100011110111100100010101
00101111110111100110001111100000
01100101100101000000111111100011
01101000011001001011001101101000
11100101111010001001000000010111
11110001000000011101010011110111
00101000100111100011001010111110
10001000100001001010101100010011
01110001100011110111100100010101
00101111110101100111001111100000
01100101100111000000111111100011
01101000001001111011001101101000
11100101111010001001000000010111
11110001000000011101010011110111
01101000100111100011001010110110
10001000100001001010101100010011
01110000100011110111100100010101
00101111110101100111001111100010
01100101100111000000111111100011
01101000000001101011001101101000
11100101111011001001000000010111
11111001000000011101010011110111
01101000100011100011001010111110
10001000100001001010101100010011
01110001100011110111100100010101
00101111110101100110001111100100
11100101100111000000111111100011
01111000001001001011001101101000
11100101111011001001000000010111
11111001000000011101010011110111
01101010100011100011001010111110
10011000101001001010101100010011
01110001100011110111100100010101
00101111010101100110001111100100
11100101100111000000111111100011
01111000001001001011001101101000
11100101111011001001000000010111
11111001000000011101010011110111
01101000100011100011001010111110
10001000101001001010101100010011
01110000100011110111100100010101
00101111110101100110001111100100
01100101100111000000111111100011
01101000001001001011001101101000
10100101111011001001000000010111
11110001000000011101010011110111
01101010100011100011001010111110
10001000101001001010101100010011
01110000011001010110100100000100
00101111110101100111000011100010
01010001100111001000111111101011
01001000001000100011101001000100
01100101111011101001000000010101
11110001000000001001010011010011
10101000110111101010001010111110
11001011101011000010101100000011
