00110000100011010011101111100001
00011000110001100111100011011101
00110000100011010011001111100001
01001000110001100111000010011101
00111000100011010111001111100001
01000000110011100111000010011101
00110000100011010011001111100001
01000000100001101111000010011101
01110000101011010111001111100001
01000000110001100111000011011101
00111001100011010111001111110001
01000000110110100101000010011101
00110000100011010011001111100001
01000000101001101111000010011101
00111001101011010111001111110001
01001000110111100111000011011101
00110000100011010011001111100001
01000000111001100111000010011101
00111001100011010111001111110001
01000000110101100111000010011101
00110000100011010011001111110001
01000000101001111011100010011101
00110000101011010111001111110001
01001000110010100111000011011101
00111000100011010011001111100001
01000000110001100111000010011101
00110000100011010011001111100001
01010000110001101111100010011101
00111001100011010111001111110001
01000000110100100111100011011101
00110000100011010011001011100001
01000000100011110111000010011101
00110000101011010111001111100001
01000000110001100111000011011101
00110001101011010111001111100001
01000000110001100111000010011101
00110001110011010011011111110001
01000000110001100101000010011101
00110001110011010011011101110001
01000000101010100011000010011101
00110000101011010011011001100001
01001000101011101011000011011101
00110000101011010111001101100101
01001000111001100111000011011101
00110000100011010011001111100001
01001000110101100111000010011101
01110001100011010011001111110001
01000000110001101111100010011101
01110000110011010011001111100001
01001000110001100111100011011101
01110001101011010111001111100001
01001000110001100111000011011101
01110001111011010111001111100001
01001000110001100111000011011101
01110001111011010011001111110001
01001000110001100111000011011101
01110001111011010011001111100001
01001000110001100111000011011101
01110000111011010011001111100001
01001000110001100111000011011101
01110000111011010011001111100001
01001000110001100111000011011101
00111001111001110110011001111101
01001001111110000000000000111001
00110000100011000011111101100111
00111100000100110111110111111101
10110000101011001110011001100100
01011100001100101111110111111101
10110000101001111110011001100100
01001100111100100111110101111001
01110000100001001010011001100010
01001100001001111111110111010101
10110001100011001110001001100100
01011100101101100111110011110101
10110001100010110110011001100100
01001100111100100101110000111001
01110000100001001010011001100010
01001100011001111111110010010101
10110001100010111111001101100100
01011000110101100111110011110101
11110001110001111110001101111000
01001101111100110111110110111101
10110001100010110010011001110100
01001100101100100111110011111101
01110000100001001010011001100110
01001100011001111111110010011101
11110000101011001111011100110100
01011100101101101111110011111101
10110001101001110110011001111101
01001100111110110111110101111001
00111000100001011010011001101110
01001100011100111111110100110101
10110000100010011011011100100000
01011100001001101111110011010101
11110001110000101110001001101110
01101101011101110111110101110101
10110001100000101010011100111100
01101101011100111111110111100101
10110001110000111010011000111100
01101101101100111111110111100101
10110001110000111010011000111100
01001111101110011111110101110100
11110000111001101010011000111110
11011110001110011111010101110100
11110000111001001010011000111110
01011100011110011111010101111100
10110000101001011010011000111110
01001100101110110011010101111100
10110000101001011010011000111110
01101100101110111011100101101101
10110000101001011010011001101110
00001100001110111011110101011101
10110000101011001010011001101110
00111100001110101111110101110101
10110000100011011010011001101110
00111100001100101111100111110101
10110000100010011010011001101110
01111100001100101111100111110101
10110000100010001010011101101110
01111100001100101111110111110101
10110000100010001010011000101110
01011100011100111111110111110101
10110000100000101010011000111110
01011100011100110111110111110001
10110000100000101010011000111110
01011100101100110111110111111001
10111001111000111110011000111100
01001011101110000000110100101000
00110100100010000111001101100111
00111100010100100111110111110101
11110001100011101010011100100100
01111100011101111111110111110001
10110001100010111110011001100100
01101100111100100111110111111001
01110001100001001010001001100000
01001100011001111111110110010101
10110001100010001010001001111100
01011100101100110111110011110101
10110001100010110110011001111100
01001110111110100111110001111001
01110001100001001010011001101010
01001100011001111111110010010101
10111001100010111110001001111100
01001100101100100111110011110101
10110000100010011010011001111000
11001100101010111111110011010101
01110000101000011110011001100110
01001100111111100111110001111101
00111001110000111110001001100110
01001101011101100111110100111101
00010001100010101011001110100000
01011100000001101111110010010101
11110001110010100110001110111100
11111111100100110111111011011101
11110001111000111110011001111111
01101111111110110111110101111001
00110010100001001010011000100010
01011100001001111111110111010101
10111001100000111110011000111110
01101100111110100111110101110101
10110011100000111010011000111110
01101100001110111111110111000101
11110010111000101010011000111110
01111110001110111111111101110100
11110010111001101010011000101110
01111110001110101111111101110100
11110010111001101010011000101110
01111101011101101111010101110100
11110000111001101010011000011100
01111101011101001111110111110100
11110000111001101010011100010100
11111111011100111111010111111100
11110000111001101110011000011100
11111110011100111011010101111000
11110000111001001110011000111111
00101100011110110111010101111000
11110000101001011010011000101110
00101100011100111111010101110001
10110001101011011010011001101110
00101100001100111111000101110001
10110001101011011010011001101110
00101100001100111111100101110101
10110001100011011010011001101110
01101100001100101111100111110101
10110000100010001010011000101110
01111100001100101111110111110101
10110000100010101010011000101100
01111100001100111111110111110101
10110000100010101110011000111110
01011100001100110111110111110101
10111001111000111110011000111100
01001011111110000100110100101000
10110100100010000111001111100111
00111100010100100111100111110101
10110000100010101010011000101100
01111100001000111111110111110101
10110001100010111110011001101100
00101100110100100111110111100101
11110001100011001010011001101010
01101100001001111111110110010101
10110001100010001010001101100100
01011100001001111111110011010101
10110001101010110110011101111100
01001110110110100111110001110101
01110001100001011010011001101010
01001100111001111111110010010101
10110001100010011010011001111100
01001100101101100111110011110101
01110000100011001010011101100010
01011100001001101111110011010101
10111001110000111110001101100100
01001001110101100111110100111001
10011001110000111110001001111100
01101101111100100101100100101001
00010010100010111010101110100000
01010100001001111011110110000101
11010010110010101010101110100100
11111110000001111111111011010101
11110001111000100110001001111100
01101111110110100111111101111101
11110001110001101010011000111010
01101101011000111111110111010101
10110001101010111010011000111100
01111110101110011111111111110100
11110010111001001010011000111110
11001110001110111111011101010100
11110010111001001010011000101110
01111100011110101111011101110100
10110011111001101010011000001110
01101101011100101111010101100100
10110001110000111010011000001100
01101101011100001111100100100000
10010000110000111010101000001000
01111101011100111111100110100101
11010000110000101010101010000100
01111101010001111111101111000101
11110100110000101110101110000100
01111111010101101110101111110101
11110101110010101110001100010100
10111111010100110111101111101011
11110101111000101110011100110101
10101111010100110111100111101001
11110101101011111010011100111100
00101100011100111111000111100001
11110001101001111010011001111110
00101100011100110111000101100001
10110001101001011010011001101110
00101100011100111111100101100001
10110011100001011010011001101110
00101100001100111111100101100101
10110010100011001010011000101010
01111100001001111111100111110101
10110000100010001010001000101110
01111100001001111111101111110101
10111001111000111110011000111100
01001011111110000100100100101000
10110000100010010010011101111111
00111100000110110111100111110101
11110010101011001010011000101110
10111100001010111111110111010101
10110000101011011110011001101110
00101110101110100111110101110101
00110010100111011010011001101110
00101100001100111111110101110101
00110010100111001011001101100010
01011100001001101111110011010101
10110001100010110111011101100100
01001100110101100111110011110101
01110001100011111010011101101100
01001100111101111111110010110101
10110001101011010010011100111000
01001100101010111111110011010101
10110000111001001110011001111111
01001100111110110111110101110101
10111001101010110110011000111100
01001100101110000111100100101001
10111001101000110110011000111100
11001110101110011001100100101101
00110010000101011010111001101010
11001100101010111011110100011101
10110010101111001010101000101110
01011100001011101111111001010100
10110010101010001111011000111110
01011110101110000111001001110100
11110010101001001010011000111110
11011110101010111111011101010100
11110010111001001110011000100110
01011100001111101111011001110100
11110011111001001110011100001100
01011101011101001111010101110110
11110001111001111010011000011110
01101101011100000111000101100000
10111101110000111010011000011100
01101101011100101101100100101000
10011001100000111010011000011000
01100101101100011001100110101101
10010010100000111010111000011010
11110100001010111011100110101101
10010010100000101010101000001110
11110100001010111011101111011101
10011010100000101110101000001110
00110100001110110111101111110101
10010010100010101010101010000110
00110100000001101111101111000101
11010110100010101110101110000100
00111110010101101111101111010101
11110101110010101010001100110100
10111110010000111111101111010101
11110001111010111110011101111100
10101110010100110111100101110101
11110001111001111110011001111110
00101110011110110101000101100001
10110011101101111010011001101110
00101100011100111101100100100001
10110011100101011010011000101010
01101100001101111111100110100101
10110010100111001010001100101110
01111100001001111111100111010101
10111001110000111110011000111100
01001011101110000101100000101001
11110000101011001110011101111110
00111100000100110111101111010101
11110010101111001010011100111110
10111100001010111111011011010100
11110001101011010110011001111111
00101110011110100111010101110001
00110001101101011110011101101111
00101100011100101101010101100001
00110011100111011010011101100000
00101100001001111111110110000101
10110001100110111011011101101100
01101100001100101111110011110101
10110001100010111010011101111100
01001100111100111111110011110101
01110011110000001010001101100110
01001101011001101111110010010101
11110001110010101110001100110100
01001101010101101111110011110101
11110001110010110010011100110100
01001111110100101101110010101001
11110001111010110110011100110100
11001111111001111001010001011101
11110010111001001110011001100111
11001101011001111111010001011100
11110001111001001010001100100111
01111101011101000111011111110100
10110001101011001010001100110000
01111101011101001111011011110110
11110001111001101010001100100100
01111101010101111110011011010110
11111101111000101110001000011101
01101101011100000111011111101010
10110001110000111010011000011000
01110101011100011111100111100000
10110001110000111110011000011100
01101111111100010101100101101001
10011011110000111110011000011100
11101111111110101001100100101001
10010010100000111010011000001000
11000110101000111001100100101101
11010010100000111010111000001000
11010110001010111011100110011101
11100010110001001110101000011110
11011110001110110011101111011101
10101010100001011110101000011110
00110100101110110111101101111101
10011010100001011010101001001110
00110100001110110111100111110101
10010010100110001010101010001110
00110100001000111111101111010101
11110010100110001010101010100110
10110100000001111111101011010101
11110010101110001110001100101110
00111110010100100111101011010111
11110101111010111110011101111100
00101110011100100111000101100011
11110001101101111110011101101100
00101100011100111101000100100001
00110011100101011010011101101000
01001100011100111101100100100101
10110011100111011010001000101010
01101100001101111111100111010101
10111011110000111110011000111100
01001010101110001101100000101101
11110010100110001011101110100000
00111100000001101111101011010101
11110010111111001010101110110110
01111101010001111111111011010110
11110101111010100110001101111101
00101111010100100111001101110011
10110101101001110110011101101101
00101101011100100101000100100001
00110001100111011010011101100000
00101100011000111101110110000001
10110001100110111010011101101100
00101100001100111111110011010101
10110001100010101010011101111110
01001100101100111111110011110101
10111001100000111110011001111110
01001100101110110111110101111101
10111000100000011010011000111010
01001100101110111111110100110101
10110010100000011010011000101110
01001110101110101111110001010101
11110010101011001011011000100100
11011110001001101111010001010100
11110001111001101110001000101111
01001101011101000111010101111100
10111001110000111010001000111000
01101101011100000111100110101000
10010010100010101010101010111000
01110100001001011111101111000101
11011010110000101110101010111110
01110101000110010111101111110101
10011011110000111110001000011100
01100111100110000111100101100101
11010010110000111010111000001000
11010110101011011011100110010101
11100010110000111110011000011110
11001110101110000110100101101101
10100011110000111110011001001100
11001110111110100001100100101001
00010010100001111010011000000000
11000100001001111001100100101101
11010010100101001010101110000000
11010100001001111011100010011101
11100010110010001110101110010110
01010100010001110111101011011101
11100110111000101110001110010101
01110110010100100111101111111101
11100110101011111010001000011001
10010100101110110011100111111101
11100010100101001010101001001011
10010100001010111111101111010101
11110010101111001010101000101110
00110100001001111111101011010101
11110010101111001010001100101110
00110100000101100111101011010111
11110101101010111110011101111100
00101110010100100111100001100011
11110101101000111110011101101100
00101110111100101101100100100001
01110011100101111010011101101000
11001100011100111101100100100101
10110011100101111010011101101000
01001100001100111111100110010101
10111011110000111110011000111100
01001110101110001101100000101101
10010010100110001010101110000000
01110100001001111111100011010101
11010010110110001010101110111010
01110100000001111111101111010111
10111101110000111110001011100111
00101111010100100111101101100011
10010101100010110011011100110000
00101101110100101101100110100001
11010001110100111010011101111001
10101111010000111101110110000101
11110001100110101010011001100110
00101100011100111111110111010101
10110001100010101010011101100110
01101100011101101111110111110101
11110001100010111010011100110100
01001100011100101111110011110101
11110001110000101110011001100110
01001101011101101111110100111101
11110001100011101010011100111000
11011100101000011011110011010100
11110000111001101110001001100111
01001101011110110111111101111100
10111001110000111110001000001100
01101101111100000111100100101001
10011001100000111010011000011000
11100100101000011001100110101101
11010010110000101010101000001010
11010101001011111111101110010101
10111010100010101010101010011110
01110100101110010111101111010100
10101010111000110110011000011110
11001110101110000111101101111101
01110010110101001010101001000110
11000100001011111111100000010101
10100010100010111111001100000100
01010100100101001111100011110111
11100001111010110110011100011100
11001110101110010001100001111101
01100010111001111100010001001111
11001110111110110001000100111101
00110010100101011000111001000010
01010100001001111011100000010101
10101010100111001011101110000010
01010100001001101111101011010101
11100010100010000110101110011000
11010110100000000111101011011101
11100010111001001110001001000111
11011110011010110111101001011101
01100110111101001110101101000111
01010100011101100111100101110101
01110110100111001010101110000000
01110100011001111111101011010101
11110110100110001010101110110100
01110100010100110111101111010111
11110101101010110110001101111100
10111110100100110111101011110011
11110001101000110110011001111100
10001110111110110101100001101001
01110011101001111110011001100111
10001100011110111101000100101001
00110010100101011010011101100000
01001100011001101101100010000101
10110011110000111010011000111100
01001110101100001101100000101101
00010010000111001010100010001000
11010100001001111011100110010101
11010010110110001010101011000111
01110100000001110111101111010101
10001101100010110110001110011100
00100110110100000111100111101001
00010010100110111010011011100000
10100110001000111001100010000101
11010010100110101111101110101100
10111110000001111111101011010101
11110000110000101110001001111111
00101110010110110111111101110101
10110001100010111010011100111100
00101100001100111111110111110101
00011011110000111110001001100110
01101101011101100101110100100101
10011001100000111011001110100000
01100101010101001101100110100101
11010010110000101010101110100000
01110101000001111111111010010101
11010001110000101110101110111100
01111111110100010110111111111101
10011001110000110110011001011100
01101111111110010001100100101001
11010010100000111010111000000000
11011110001011111001100010011101
11110010110001101110101000011110
01011100011110010111111101011100
10110010100011001010101010000110
01010100001001001111101011010100
11100010111010101110001110000100
01011110010101000110101011110111
11100101110001111110001000011001
01000101111110010111100111111101
10100010101011010010011001111000
11010100101010111011100011010101
01100010111111011111011101000110
11011010010001101110000001011111
11100111111001110111011101000101
01001011111101100101000000101011
01110011110101111010010100010001
11000101011001111001100110011101
10111010100101011010100011011011
01010100101000110011100111011101
01100010100111001011101110000010
11010100000001101111101011010101
11100110111010101110101111010111
01010010010101100110101011111111
10100101110000110110001101011101
01000100111100110111100111111101
00110010100101011010101001011011
01010100001000111011100111010101
00011010100110001010101011000110
01110100000101100111101111010101
11110010100010001011101110000100
01110100000001101111101011010111
11110100111010110110011100110100
11011110110100100110100001011011
11110101111001110110011001111101
10001111111110110001000100101001
00110010100001011010011001101011
10001100011110111001000100101001
00110010100001011010011000100000
01001100101011101001100000101101
01010010000101001010110010001000
11010100001001111011100010010101
10001110110100001110101011011111
00110100010110100111101111111101
10011011100010110011011110010100
00110110100100101101100010100101
01010010110100101010101011100010
10101110011001111001100110010101
11010010100110001011101110100010
00111100000001111111101011010101
11110000111010100110001001111111
00101110110110100111101101111101
10110000100011001010011100111000
01111100001000111111110011010101
10111001110000110110011001111111
00101111111110000101100100101001
00011010100000111010011001101010
11000100101010111001100100101101
10011010100000001010101010101010
01010100001011011011110110010101
10010010100010001011101010101110
01011110100011001110101011010101
10111010110000110110001001011110
01101010110110000110101101111101
01110010110001001010111000000010
11011100001001111011110010011101
11110010110000101110101010011110
01011100011100000110101111111100
11111010110001001010101010011011
01010100011100010111101111011100
10001010100010111010101010011100
01110100100100100111101011110101
11110010110010111110001011100100
11010110100010110111101011011101
01110010111111001010101101100000
11010110001001111111101011010111
01101111111001111110001001000111
01000001111100100111000101111011
00011111100010110111011101000100
01000000111100101101100000101001
01010011000101111010010110000000
11000100001001111001100010011101
11010010110100101110100011010011
01000101111001110111100011011101
11010010110111001010101110010011
01010100001001111111101011010101
10101010110010100110101111011110
01010110100100000110101011111101
10100010110000111110001001000110
11010110110100100111100001111101
01110010110001001010101101000011
01010100011001111111100111011101
10011110100010101010101011011111
01110100010100110111101111110101
10010010100010001010101110010010
11110100000000111111101011010101
11110000101010001010101101000100
11011110000001100110101011010111
11110101111010110110011101010100
10001110110110100100000001101011
01110001111001111110011101101101
11001111111100111001000100101001
00110011110001111010011001000100
11001100111110111001000100101101
01010010000101001000110010000000
11010100001001111011110010010100
10101110111000110100001011011111
00100010110110100111101101111101
00010010100110110011011101000000
00100100001000101001100010101101
01010010100110001010101111001010
10101100001000111011100110011101
01010010100111001011101111100010
00110100001001111111111111010101
10111000100010100111001111111100
00111110110100100111101111110101
11110010100011001010111100100000
11011100001001111111110011010101
10110001101010110110011100111100
10001010101110000001000101101001
01110011111001111110011001101111
11001110111110111001010100101101
00111010100001011010111000101010
01001100001010011001010100011100
10110010100011001010101000100010
01011100001001011011111011010100
10111010101010110110001000011110
01111010110110000110101101111101
01010010110001001010101000000010
01010100011001111011110110011101
10011010100010101010101110010000
01010100101001001011101011011101
11111010110000101110101011011111
01010100111110010111101111011101
10111010100010001010101011000110
01010100000001100111101011011101
11110010100010001011101111100100
01010100000001100111101011010101
01110010110111001010101111100010
11010100000001111111101011010111
10101101111000110110001001011111
00100011110110100101100101101011
00011011100000110010011101000000
11000110111100101001100000101001
01010010000101111010110110100000
11000100001001111001100010010101
11110010110110101110000011111111
01010110100110110111101111011101
11110010100111001010101011111011
01010100001011111111101011010101
10100010101110001110101011011110
01010100100110000111101011110101
10101010100000111110001001011111
01000010111110100111100101111101
00010010100001011010101000001000
11010100001000111011100110011101
10010010100010111010101011011010
11010100101000111011101111011101
01010010100011001010101011000011
01010100000001111111101111010101
10110000100010001010101111000110
01110100000001100110101011010111
10110101100010110111001101110100
10111110110100100110100011101011
11110001111010110110011100110000
11001110111000111001100000001001
11111001111001111110011001001111
11001011111110100001000100101001
01010010000101001000100110000010
11010100001001111011110010010100
10101101111010110100001111011111
00101010110110000110101101111111
00110111100101111010011101000000
10000100011000111001100100001101
01110010100111011011111111000000
10011100001000111011100111011101
01110010100101001010101011101011
00110100001000110111111111010101
10111010100010110111001111111110
00111100100100100111101111110101
01010010100111001010101110100010
01011100001001111111111011010101
11110001101010110111011100100100
11011110100001101110011011111111
11110101111001110110011101111101
11001011111110100101010100101001
01110011001001011010011100010001
11001101011000111001010000011100
01110010111001001010101000000011
01011100011001011011011111011100
10111001101010110110001100011100
01111010111100000111100101101101
00011010110001111010101001001011
01000101011100111001110100101101
10010010100011001010101110000000
11010100001001011011101011010101
11100010110010101110101011011111
01010010100110000110101111011101
10111010110000101110101011000111
01010100010100100111101111111101
10010010100010001010101111000000
01010100000001111111101011010101
11010010110111001010101010100010
01010100000001111111101011010101
10101101110000110110001001011100
00100011110110000101100100101001
00010011100100110010010101000000
11000110101010111001100000101101
01010010000101001010110010100010
11010100001011111001100010010101
11100010111111001110000011111110
01010010101110000111101011011101
11100010111111001010101001111011
01010100001011110111101011010100
10100010101111001110101001011111
01010100011101000111101011110110
10101011101010110110011100011100
01000110111110000111100101111101
00110010100001011010111001001010
11000100001010111011100100011101
00100010100001011010101001000110
01010100001000101011100101011101
00110010100001001010101001000011
01010100011001110111101111010101
10011000100010001010101011011010
01110100000100100111101111110101
10010000100010110110001111110100
11111110100100100111100011101001
01110000100010111110011101100100
11011110000001111111100011011101
10111001111000110110011001011100
01001011111110000101100100101001
01010010010101001000100010000011
11010101001001111011111010010100
10101101101010110111001111010100
00111010110100000110101101111111
01010111100101111010011101000001
10000100011000111001100100001101
01110010100111001011111110100000
11011100001001111011100011011101
11110010111101001110101011111111
00111100011110110111111111011101
10111010101011010110011001111110
00101100101110100111100101111101
00110010100101001010101001101010
01010100001001111111110111010101
10110010101010001011101110100100
01011100000001101111101011010111
11110001111000110110011101111100
00001011110110100100000001101011
01110011111001011010011100100000
11001101011001111001010000011101
11111010111001001110101001001111
01001101011100010111010101111100
10111011100010110011011100010100
01011000101100001001100010101101
10111011110000111110011001011101
11001111111110011001100100101101
01010010000101001010101010000010
11010100001001111011111010010101
10111010100010001111101011010110
01010000000101000110101011111101
10111010110010110110101011011100
01010100110100000111101111111101
10010010100000101010101011011010
01010100001000111011101111011101
11010010100111001010101010001010
01110100001001111111101111010101
10101101101010110110011001011100
00101010110110100101100100101001
01010011100100111010010101000000
11001110101010111001100000001101
01110010010101001010100010000011
11010100001001111011110010010101
11100010111111001111001110110110
01010100010101000111101011110110
11100010111101001110101111010111
01010101011101100111101011110100
10101011111011001010001110011100
01010100011100000111101011110110
10100011111010110110011100010100
11010110101100100011100011111111
11100010111001011010011001000011
11001110011000111011100001011101
00100110100001011110101001000111
01000100011100100111100101111101
00011010100011011010101111000000
01110100011101111011100110101101
10010000100010101010101110011000
01110100000000111011101111010101
10010000100010111110101011100110
11110110100100100111101111010101
01110010100010001110101111100110
01010100010001111111101011010101
10111001110010110110011100111100
01001010110110000100100000101001
01010010010101001000100010000011
11010101001001111011110110010100
10101101101010110111001111010100
00111010110110000110101101101111
01010011100100111010011101000000
10000110101000111001100000001101
01110010100111001011101111100010
11010100001001111011111011010101
11110010111111000111101111111111
00111110010100100111011011111111
10111111111001110110011001111111
00101110111110100111000101111001
00110010100101011010111100101000
01000100001001111111100110010101
10110010100111001010101010100010
01010100001001111111101011010100
10110001101010110111011100110100
01001010110110000100100001101011
01110010111001011010011001100011
11001101011001111001010000011101
10111001110001111110001001001111
01001001111100000101100100101001
00010011100010111011011110000000
11000100101001101001100010101101
11110011110010110110011110011000
11001110101010011001100000111101
01110010110101001000101011001011
11000100011011111011111111011101
10111010101011001111101011011110
01010000101100000111101111111100
10111010100010011010101010010100
01010100101110000011101011111101
11110010110001001010101000011110
11010100001010111011101111011101
11111010100001001010101010001010
01010100001001111111101111010101
10101101101010110110011101011100
00101010110110100101100001101001
01110011110101111010010101000000
11001110111011111001100000001101
01110010010101001010100011000011
11010101011001111011110110010101
10111010101111001010101110111010
01010100001101000111101011010100
10101010110100001110101011011111
01010100011100000111101111110101
10000010100110011010101110011000
01010100101000000111101011010101
11100010110010111110001001000110
11010110010101100111101001111101
11100110110001111110001100000101
11010100011101101111100001111101
10101101110000111110001101011101
00100100111100100001100100101001
00010010100001111010101001001000
11000100001000111001100110001101
01010010100111001010101011100010
11010100000001111111101111010101
10110010100010001110101011100110
00110100010100100111101111110101
10011010100110111110101011101111
01110100010100110111100111110101
10010011100010110110011100110100
11001010100110000101100000101001
01010010010101001000100010000011
11010100001001111011110110010100
10101111101010110111001111010100
00111010110110000111101101101111
01010010100101111011011101000000
10001100001001111001100000011101
01110010100111001010101111000011
01010100001001111111111011010101
11110010101111001111101110110110
01111100000101100111101011010110
10111101111000110110001101111101
00101011110110100101100101101011
01010011100101011010011100100000
11000100001001111001100110000101
11110010110101001010101010101011
01110100001001111111101111010101
10110011101010110111011100110100
01111110100100100111100011101111
11110011110001111110011001000111
01001101011101111101110100101101
10011101110000110110011101011100
00100001111100000101100100101001
00010011100100111010111110000000
11000100001001111001100010001101
11110010100010100011111110110000
11011110100001111011111011011101
11110010111001001100101001111111
01001011111110110111011101011100
10111010101011001010101001111011
01010000101110000111001011111100
10111010101001011010101001000110
01010000001101000011101001111101
10110010100001001010101000010010
01010100001001001011101011011100
11111010100001001010101010011011
01010100001001110111101111011101
10101101101010110111011101010100
00101010110110100101100001101001
01110011110101111010011101000000
11001110111001111001100000001101
01110010110101001010100001001011
11000100011001111011110110011101
10110010101111001010100010111010
01010100001001011111101011010100
10101010111110001110001011111111
01010010101110000111101101111101
10100010101111001010101000001010
11010100001011111111101011010101
10101010111000011110001001001111
01000000111110100111101101111101
00011010100110111010101101000000
01010100111101101111100010110101
10000011100010110110011101011100
11000110100100100001100000101101
01110010100111011010111001100011
11000110101010111011100010011101
01110010100111001010101011100011
01010100001001110111101011010101
00111010100110010111001111101111
01010100110100100111101011110101
00011011100110011010001111101000
01000100100000110111100010010101
10110011110000110110011001100100
11000010101110001101100000101101
01010010000101001000101010000011
11010100001001111011110010010100
10101111101010110111001111010100
00111010110110000110101001111111
01010010100101111010011101000000
11001100011001111001100000011101
01010010110101001010101011000011
01010100011001111111111111010101
10010010100110001010101110110010
01110100000001100111101011010100
10101101111010110110001100011100
00101110110110100111101101101011
11010011110101111010010000000010
11101101001000111001100100000101
10110010100101001010101000001010
01110100001100111111101111010100
10110010100010110010011100111100
00111110100100100111101111100101
10111011110000111110011001001111
00101111111110100101100100101101
10110001100010110010010000111000
10001110101110011001100100101101
01110010101101011000110001101011
11001110101010111001110100011101
01110010101111001001101001100110
01011100001001101111011001010100
11110010101011001111101110111100
01011000011101000111011011111110
11110010111001000110001001110111
01001000111100100111011001111100
10110010101001011110011001111001
01001000111100000011000001111100
00110010101001011010101001010011
11010000101011010011000011011101
00111010101001001110101001000111
01010000011101100111101011111101
10101001100010110111011101000100
01001010110100100101100000101001
01110011100011110010011100000000
11001110101010111001100000011101
01110010111101001100101001000111
11000101011011110011110100011101
00111010100111001011101111000010
01010100011001101111101011010100
10010011100110100011101110010000
01010000110101000111101011110111
11110010110101101010101111010011
11010111010001110111101011011101
10101101111010110110001101111101
01000010110110100111100101111101
00110010100111010010011001111011
11000100101010111001100000011101
00110010101111010011011101100100
11000010101011101001100000011101
01110010101111011111101101100011
11000000111001111111000001011101
01111010101111001111101111100011
01010000011001100111000011011101
00111011100111010111001111110001
01000000110101100111100011111101
00110011100111010011001111100001
01000000110001101111100010010101
10111011110000110110011100111100
11000010111111001101100000111101
01010010010101001000101011000011
11010101001001111001110110010101
10101011101010110111001110010100
00110010100100000111101011111101
11110010110000111100010011000101
11001110111010111001100100011101
10111010110101001010100011001011
01000100011100111111100110111101
10010010100111001010101010011010
01110100001001011111101111010100
10101010111010110110001010011100
00111110100110000110101001111111
11110111110101111110010001000111
00101111011110111101100100101101
10011010100101101010101110000000
01110100001101101111100110100101
11010010100110101010101110011000
11110110000000111111101011010101
11100101111000110110011001011111
10101111111110100101100101101101
01110010101111010011011100000100
11001110001001101001010000011101
01110110111101001101011100000101
11001101011001111001010001011100
11110100111001001010101100111001
01001100011100010011011111111100
00111010101111001010001001100111
01011100001101100111001011110100
10110010101011011111001100100100
01011000011101100111000011111101
11110000101011010010011100110000
11011100101001111011000011011101
01110010111001001110001001100111
01001001011101100111000001111101
00111001100001111110001101111001
01000000111101000111100110111101
10110001100010110010011100111000
11001110101010001001100010101101
01110010111001011000011001100011
11001110101011111001010001011101
11100010111001011100011001011111
01001010111110100111010101111101
00111010101101011010111000011011
01000100101110111011000100111100
00110010101111001011111000111010
11010100101010111011101011010101
01100010101111001110101001101111
01010100001111100111101001010101
00100010101011010111011101100100
01011010101110100111000001111111
01110010101011011111011101100101
11001000111011101001000001011101
01110010101111011111011101100101
01001000011001101101000001011101
01110001100111011011001101100001
01000000011101101111000011011101
00111001100111010011001111100001
01000000110101100111100010111101
00010001100010110011001111110001
01000000110001100111100010011101
01110001100110110010001111110001
01000000110010110111100010011101
10111011110000111110011000110100
11001011101011001101100000111101
01010010010101001010100000001011
11000101011001111001110110011101
10011010100010110011000110010100
01110110100100000111101011111101
11110010110000111100000011000111
11001110011110100011110101111101
10111010110101111110100011011111
01000100011100110011100110111101
01010010000111001010100010000010
01010100001001111011101011010100
10100010101010100111001110010100
01111010100100000110101011111111
11101101111000110110010001011111
00101011111110100101100100101101
00011010100101011010110001001010
11000100001000111001100110001101
01010010100111001011101110000010
01010100001001111111101011010101
11100101111010110111001110010100
00111010110100000110101011111111
11110010111011100010011100010001
11011111101010111001010011011101
01100111111001001110001001000111
00001101011100100101010101111101
01110010100111001011101100000000
01011100011001101111000011010100
11110101111001101110001100011101
01101101011100110111101111111101
10111001100000111010001001010100
01100100011100100111100110101101
01010010100011001010101110100000
11010100001001111111100011010101
11110001111000110110001000111101
01101110110110000111101111111101
10111011110000111110011001001111
01000100111110100101100100101101
01010010100110011011011110000000
11011100001001101001100010010101
11110010110001101110101110000101
01011101010001101110111011011110
11100101111010110110001100011100
01101011110100000100000111111011
11110101111001111010011100010001
11001111011000111001010111011101
01110010111101001010101000000011
01011100011001111111011011010100
11100100101011001110101100011101
01111100011100100111001111110110
10110101101011011010001101010101
00111100010100100111000011111011
01110101111001111110011101000101
00101101011101101101000001101011
01110101100000111010001101100101
00101101011100101101100110101001
10010101100000111010001101111001
00101101011100111101100110101001
10010001100010111010001101101000
00101100001100111111100110100101
10010000100010111010001011100100
01111100000000111111100110000101
11110000100010101010011001100110
01111110000000111111100011010101
10110011110000111110011000111100
01001011111110000101110000111100
01010010010101011000110000001000
11000100001001111001110100011101
10110010100111001000100010000110
01010100001001101011101011011101
10101010111000111100000011001110
00101110111100100111100101111101
10110010100010111000010110011000
01000100101100111001100110111101
01010010110101001000100011000011
01010100001001111011111111010100
10001010100110001011101110010100
01110100000101000110101011010111
11100101111010110110011111011100
10001010110110000100100001111111
01110010110101111000010001011001
11000110111010111001100100011101
00111010100101001010101001001011
01000100011001111111101110010101
10001010100110010011001110000100
01110100000101101111101011110101
01110010110111001011101110000000
11011100000001111110101011010111
11101101111000110110001001011101
00101011110110000101100101101011
00010010000101011010111000000011
11000100001000111001100110000101
10111010100000111110001001000110
00111100010100100111100101101101
10011111110000111110001101000100
00100101011101101101100100101101
11010010000110101010101110000000
11110100001001111011100110010101
11110010111010100110001010111100
11111110100010010110101011011111
10101101111000110110011001011111
00101111111110100101100101101001
00110010100101011010111000001010
11000100001010111001100100000101
10011010100101001010101000001010
01110100001101001111101111110101
10000010100010110010011110010100
11011110100010001110101011010101
11100010111001001110111000011110
11011110001010111010001001011101
11100110111001001110101001011111
01011100011110110111001101111100
10101110101011011010101000001110
00110100001100100111101111100110
10100100100000111110001100000100
00110100011100100111100101100001
10010101100000111110001101000100
00100101010100101101100110100001
10010101100000111010011100001100
00100100010100111101100110100001
10010001100000111010011100111100
10101110001100111001100110100101
11010010100000111010011000101110
10101110001010111111100110000101
11110010100000101010011000101110
00111100001110111111110111010101
10110010100010001010011000101110
00111100001100101111111111110101
10110011110000111110011000111100
01001111101110001111110100101100
01110010110101011000110001000011
11001101011011111001010100011101
10110010100111001001100110000000
01010100001001101011101111011100
10101111101010110100000110011100
00100110111100000111100101111101
11110010100101111000010011000000
11001110001000111001100010011101
11110010110101001000100011011011
01010100011001110011111111011100
10001010100111001010101010011010
01110100001001010111101111010100
10100010101010110111001111000100
01011010110100100110101001111111
01110111110100111111001111000101
01000101011101101101100000111101
11110000100111110010101110011000
11010100101000011011100111011101
10101010111001110100010001011111
11000110101110110011101101111101
01110010100101001010101001000011
01010100001001111111101011010100
10101001101010110111011100011100
00111010100100000110100001101011
01110010110101111010111001000011
11001101011010111001100100011101
10011111100000111110001000001100
00100100111100100101100100101101
10011011100000110010010000011000
10100110101110111001100110101101
01010010000101001010100011000010
11110100001001111011101110010101
11010010100110001011101110000110
01110100000001101110101011010110
11100101111010110110011110011100
00101011110110000110101101101011
11110011111001111010010000011001
11001111101010111001000100011101
10100010101001011000010000011111
11001110101110110011001101111100
10100010101101001000110000000110
01011100001011101111001001010100
11100010101011001001101100000110
01011100011001101110001011010110
11100100111001001110001100011101
01110101011100000110001111110010
10101101111001111010001000011111
00100100011100110111100101100011
10001101100000111010011000011100
00100100001100101001100100100001
10000111100000111010010000001100
10100110101110111001100100101001
10010010100000111010010000001110
10101110001010111001100100100101
11010010100110111010011000001110
10111110001010111011100100000101
11110010101110001010011000001110
10111110001110111111100101010101
11110010101001001110011000101110
00111100011100111111111101110101
10110010101001101010011000111110
00111100001100111111100101100100
10110011110000111010011000001110
01101110101110001111100101100100
11100111111001111100010001001111
01001011011110110001010100101101
00010010100111011000100110000000
01010100001001111011100110010101
10100110100010110100000110010100
00111110100100100011101011111101
11100110110101101100100011000111
01001110011100110011110101111101
11110010100111001000100110011001
01010100001000111011101111011101
11100010101111001000100010011011
01010100001010110111101111010100
10101111111000110110001011000111
00100010110100100111101101111101
00011111100000111110001111000100
00100101011101101101100100101101
01010010000110101011101110000000
11010101000001111011100010010101
11010111110010100111101110010100
01110111010101000110101011111111
11011101110000101110101011011011
01100101010100010111101111111101
10011111110010110010001110000100
01110111010101101110100011100111
11010111110000111110001111000101
01100101010101110101100110101101
10011101110000110010000110011000
11100111100100011001100110101101
11010011110000111010010010000000
11101111101010111001100110001101
11010010110101101100100010001011
01110101011010111111111111011101
10001010100110001010100010011010
01110100001001010111101111010100
10000010100010110110000110010100
01110110100100000110101011110111
11110010111101101010110110000010
11011111011001111110101011010101
11100111111001101100000100011101
01111111010100000110001001111110
11100111111001101100000000011111
01100101011100110111001101111010
10101110110001001010100000000011
01110101011101111111101111100110
10001111110000111010100110000100
01110101010101100110101111100111
11000111110000111010000100011100
10110111010100111111100110100011
11000111110000111110010000011100
10100111111100111001100100101001
11100111110000111110010000001100
10101110101110111001100100101101
11100110100101111000010000001110
10101110001010111001100100001101
11100110101101001010010000001110
10111100001100111111100101010101
11110110101101001010010100001110
00111100001100111111101111110100
11110110101101101010010100011110
00111100001100111111101111110100
11110111101001101010010000011110
00111110001110111111100101100100
10110111111000111110011000001110
00101110011110100101100101100101
11101111111000110100010000011101
11001011111110000001000100101001
00010010000101011000110000000010
11000100001001111001100110001101
10100010100110001001100110000110
00110100001001101111101011011101
11100110110100111100100111011111
00100110011100100111100101111101
11110010100111001000100110000010
11010100001001111011101011010101
11100110111111001100101111000111
01110100010101100111101111010100
10101101110000110110001111011101
00100011110100000101100100101001
10011001100000110010010000011000
10000110101110111001100100101101
00011010000101011000100011001011
11000100001010111011100110011101
10011010100110001011101010000010
01110100000001001111101011010101
10001010110010101110100010011110
11110110100110010110101111011101
10001010110000110100100011011110
11100110101110010011101101111101
10001010100000110100010000011110
10000110101110010001100100101101
10100010101111011000010000001110
11001110101010111001100000011101
11100010101101011100110001001110
10001110001011101011000001011101
10100010101111001000110000001010
00010100001110111011001101010100
10101010101101001000100000011111
00110100001110110111101111010100
10101010101110011000110000011110
00110110001110000111101001110100
11100010110101001000100000000110
01010100011001101111101101010100
10100110100010001010100110000100
01110100000101000110101011110110
11100111110000111110000100011100
11110111110100010110101111101111
10001111110000111000100000011011
11100101011110110011100110101101
10001110100000111000100000011110
00100100001110110011100100100101
10000110100100111000110000001110
10110110001000111011100110000101
11000110110000111100110000001110
10110110000010111011100101100101
11100110110100111100010100000100
10110110001100111001100101101101
11100110111101111100010100001110
10101110011100111001100101101101
11100110111101111000010100001110
00110100011100111111100101110101
11100110101101101000010100001110
00110100011100111111100111100100
11100110101101101010010100001110
00110100001100111111101111110100
11100111111101101010010100001110
00111110011100111111101111110100
10100111111100111110010101011101
00101110011100100101100101101001
10100111111000110100010000011100
11001010111110000000000000101011
01100110011101011000110001001011
10000100011010111001010100011101
00100110101111011001100100000110
00110100011101101011100111111101
10100110100110111001100110010100
00110100001100101011100111111101
01010110110101001000100111000011
01010100001001111011101111010101
10001110110100101110101111000111
00110100010101100111101111110101
10001101100010110110000111011100
00100010110100000101100100101001
01010011110100110010010111000000
11001110101001111001100000001101
11110010110101101100100010011011
11000111111010111001110100011101
10110010100111001000100010011010
11010100101010011011101111011100
10100010101111001100100010001110
01011110001011000111101001010100
11100010101011001100010000001110
01011010101110000110001001111110
11100010101111011100010100000100
11011110001010101001000001011110
11100110111101001100010100000111
11011110011011111001010001011110
11100111111101011100010100011101
00001100011110000001010101111110
11100110101101001000010100000011
00011100011000111011000001011100
11100110101101001000100100001111
00110100011101100111001101110110
10100110101111001000100100011000
01010100001100101111001011110110
10101110111101011100100000011111
00100101011110010111101101111100
10001110100101011000100000011010
01110100001000011011101111100100
10000110100100111100100000001110
11110110001100101111101101100101
11000110110100111000100000001100
11110110001000111011100110100101
10000110110000111100010000011100
11100110101110110011100101101101
11000110110101111000110000001110
10100110001010111011100100001101
10100110100100111000110000001110
10110110001110101011100101110101
11100110100100111100110000001110
10110110001100101111100101110101
11100110110100111100010100001110
10110110011100111111100101110101
11100110110101111000010100001110
10110110011100111111100101100101
11100110110101111000000000001110
00110100001100111111100111100101
11100110110101101000100000001110
00110100001100111111101111100101
11100111110100101000000100001110
00110100011100101111101111100101
10100111100110110111010101011100
00100110010100100101100101100101
11100011111010110100010100010100
11001010101110000000000001111110
11100111111101111100010001011111
10001111111110111001000101011101
10100110101101011100010001001111
00000100011110110001000101111101
00100110101111011001110101000010
00000100001101101001000000111101
11100010100111001000100110011010
10010100001000111011101111011101
10101110100100111100100001011111
00100100111110100111101101111101
10011011100010110111010100000100
00100110101110101001100000101101
01010010100100111000110011000000
11001110001011111001110000011101
11110010101111001001110110011000
11011110101011111011111011011101
11100010111101001100100010000111
11011110001011110111011011011100
11101110111101001100100000000111
01011000011101000110011001110110
10101111111011011100000100010100
01010000011101000110001011110110
11100111111101101000010100000000
11010101011001101110000011111110
11100111111101101100000100000101
01010101011101000110000011111110
11100111111101111100000100010100
01110111011101101100000011111110
11100111111101101000000100010001
11100101011101111101000111111110
11100111111101111000000100011001
00110101011100110111000111111110
11100111111101101000100110010011
01110101011001111111101111110110
10100111111000111100000100011100
01110110111100000011100111101111
11100110110101111000110000011011
11000100001010111011100101011101
10101110100100111000110000011110
11110110101110000011100101101101
10000110100101111000110000001110
11010110001010111011100101010101
11100110110100111100010000000110
11010110001001101011100001110101
11100110110101111100100100001110
11010110011100111011100101111101
11100110110101111000100100001100
10110100011100111011100111101101
11000110110100111000100110001110
10110100011100111011100111100101
11000111110100111000100110000100
10110110011100111111100111100101
11000110110100111000100110001100
10110110011100111111100111110101
11100110110100111000100110011110
10110110011100111111101111110101
11100110110100111000000000011110
00110110011100111111101111100101
10000110110100111000100000001110
00110100001100111111100111100101
10000110100110110101010111000100
10110110010100101101100111100101
11100011111000111100010010000100
11010011111001001110101001111110
11100111111111111100010100000101
10011111010001101100000001011111
11100111111001110100010100011101
10101111111100110001000101101011
11100111101101111000010101011001
10000100011110111001000100101101
01100110101101001000100101000011
00010100011001111011000011010100
10101111101010110101000111011101
00100000111100100101100101101101
10010111100110110000010110000000
10000110101000111001100000101101
11110010000111111000110110011000
11011110101010111001110010011101
01100010111101001000100011000111
11011110001011111111011011011100
11100110111101001100101110001111
01011000011101000111011011110110
10101111111001001100000100011111
01110000011100000111001111111110
10101111110001111000000000011000
01010100101100000111100111100100
11000110110100111000100000011010
11010100001000011011100111010101
10001110110100111000100000011110
11010110101110010111101111110101
10000110110100111000010000001110
11010110101110101011100001100101
11100110110101111000100000001110
11010110001010111011100101010101
10100110100101011000110000001110
10010110001010111011100101010101
11100110110101011000100000011110
11010100001110111011101101110101
10100110100110111000010000000110
11010110001001101011100001010111
11100110110101111100100000001110
11010110011101111011100101111101
11100110110100111000000100000100
11010110011100101011100001111111
11100110110101111000100100001100
11010100011100111011100111111101
11000110110100111000100110000100
11010100011100111011100111111101
11000111110100111100100110011100
11010110011100111011100111101101
11000110110100111000100010001110
11010110001000111011100110101101
11000110110100111000100010011110
11110110001110111011100111101101
11000110110100111000100010011110
11110110001010111011100111011101
11000110110100111000100010001110
10110110001010111011101101010101
11000110110100111100100010000110
00110100011101101111101101110101
10000111110100111100100110000110
00110100011101101111100111100101
10000111110100111000100110000100
00110101011101101111100110100101
11000110100110110001100111010001
10110110000000111111100111000101
10101011110100111000100000011000
11010010101011001010101001111100
11100110100110111000100110000110
10110110000001101111101011010111
11100111111110110100010100010100
10011110110110100001000001111111
11100111111101110100010101001101
10001110011110111001000001111101
01100110111101011000110001001011
00100100011100111001000100111101
10001111100010110101010101000100
00100110111100100001100100101101
01010011100110111001010110000000
10000110001001111001100000001101
11110010011111001001110110000000
11011110001001111011011011011100
11100110111101001100100010011111
01011101011101010111011111111110
10101110101111001000100010011111
01110100011100000111001111110110
10101111101010111100000000011100
01110100101100000111101111101110
10100111110100111000010000011000
11000110101010011011100101101101
11100110110101111000100000001110
11010110001010011011100101010101
11100110110101111000000000001110
11010110001111001111101001110101
11100110110101111000000000001110
11010110001010101111100001010101
11100110110101111000000100000111
11010110011001101111100001010101
11100110110101111000100110000100
11010100011101101111100011110111
11100110110101111000100110011110
11010100011100111111100111110101
11100110110100111000000110011100
11010110011100111011100111111101
11000110110100111000000010011100
11010110011100111011100111111101
11000110110100111000100010001110
11000110101100111011100101111101
10000110110100111000100010001110
11000110101010111011100100111101
10000110110100111000100010001110
11010110001010111011100100111101
10000110110100111000100010001100
11010110101010101011100101111101
11000110110100111000100010011010
11010110101010111011100001011101
11100110111101111000100010011110
11010110101010111011100001011101
11100110111101011100100001000111
11010110001011101011100001011101
11100110110101011100100111000111
00010100011101101111100101110101
10001111110100111000100110001100
00100100011100101111100110100101
10001111110100111000100110011000
10100110101100111001100110101101
10000110110100111000100010011010
10100110101010111011100110001101
01000110100110001001100111000111
10110110000000111111101011010101
11101011110101111000000000011010
11010011101011011010101001111100
11000110100111001000100110000110
00110100001001101111101011010101
11100110101110111101000110000100
10110110010101101111101011110111
11100111111111110100010100010100
10010110010100111001000001111111
11100111111101111100010001011111
10100111111110110001000101101101
10101111101000110100010101011100
10101110111110101001000100101001
01010110100101011000010101000000
10000100001001111001100000001101
01110010000111001000100110000010
11010100001001111011111011010100
11101110111011001100100010011111
01110000010100000110101111111110
10101110111101001000100010011111
01110100011100000111101111110110
10101111110010111000000010011100
01110110101100000111101111100111
11100111110100111000000000000100
11010110001001011011100011011101
11100110110101111100000000001110
11010110011001011111100001011101
11100111110101111000000010011100
11010100011100001111100011110101
11100110110101111000000110011000
11010110001000111011100011010111
11100110110101111100000011011111
11000110011100110111100101111101
10000110100101111000100110001010
11010100001000111011100011010101
11000110110100111000100010001110
11010110001000111011100111110101
11000110110100111000100010001110
11010110001010111011100001011101
11000110110100111000100010001110
11010110101010101011100001011101
11000110110100111100000010001110
11000110101010111011100001111101
11000110110101111000100010001110
11000110101010111011100001011101
11000110110101111000100010001110
11000110101010111011100001011101
11100110110101111000100010001010
11010110101010111011100001011101
11100110111111011000100110000010
11010110001011111011101001011101
11100110111101011100100110000111
11010110011011100111101001011111
11100111111101111100000101001111
01000100011100100111100001111111
10001111110101111000000110011001
00000100111100101001100100101101
10000111100100111000010010011000
11000110101010111001100100101101
11000110100111111000110010001010
11010110101010111011100001011101
11100110111111011100110000001110
11010110001010111011101001011101
01100110101111001101100111000111
00110100010100100111100101110101
11101011111101111100000000011000
11010011101011011010101001111110
11100110110101011100100011011111
00110100011110110111101111111101
10000110100110111000100111000110
00110100001101101111101111110101
11000110100110111001100110000000
10010110000001101011101011010111
11100111111010110100010100011101
10101110110110100001100001111111
11100111111000110100010101011100
10001110111110101001000000101001
01100110101101011000010001001011
10001110011010111001010100011101
01100010001101001000100000001011
01010100001001111011011111010100
10101110101111001100100010011110
00110100001110000111101111110110
10101110101101011000100000011110
01110100001110000111101101110100
10101110100100111000100000001110
01010100001100001111100101110101
11000110110100111000100010000110
11010100001001101111100011010101
11000111110100111100100010000100
11010100011101001111100011110101
11000111110100111000100110010000
11010110111001011111100011010101
11000110110100111000100110010000
11010110001001111111101011010101
11100110110110111100000110011101
11010110111110100111100001111111
11100110110101111000100001011111
11000110011010111011100001011101
11100110110101111000100010001110
11010100001000101011100001011101
11000110110101111000100110001110
11010110001000101011100001011101
11000110110101111000100110000100
11010110101000111011100011011101
11100110110101111100000110001100
11010110101010111011100001011101
11100110110101111100000111000111
11000110101010111011100001011101
11100110110101111000000111000111
11010110101010111011100001011101
11100110111111011000100110000001
11010110001001111011100001011101
11100110111101011000100111000111
11010100011001101111101001011111
11100111110101111100100111000101
01010100011101100111100011111111
10001111110100111100000110010000
01000100111100101001100010101101
11000111110110110000010110011000
11000110101010111001100010011101
11100110111111111000010000011010
11010110101010111011100001011101
11100110111101011100010001000111
11010110011011111011001001011111
01100110111101011100100101000111
01010100011101100111000001111110
00100110101111010101100111010101
00110100010100100111100111111111
11101011110101111000100000011000
11010011101011011010101011011110
11100110111110111100100010011111
10010110111110110111101111111111
10101110110100111100100001011111
00100100011110100011100101101101
11000110100111011000100110000010
11010100001001111011101011010101
11100110111110110101000110000100
10110110000100100110101001111111
11100111111010110100010100010100
10001110111110101001000001101111
11100111111101111100010101000101
10001111011010111001010000011101
01100110011101001000100000000011
01010100011001111011011111010100
10101110101111000000100110011100
00110100001100000111001011110110
11100110111101011100000000011111
01010100111110110111101101111110
10100110101101011000010000011110
11000110101110110011100101111101
10100110100101011000110000001110
11000100101110111011100101011101
10101110100101011000100000001110
11000100101110101011100101111101
10000110100101011000100010001110
11010100001011101011100001010101
11000110110111011000100010000010
11010100001001101111101011010101
11000110110110111100100111000110
11010110010001100111101011010111
11000111110100111100000111000101
11010110011101101111100011111101
11000111110100111000000110000001
11010100011100101011100011111101
11000111110100111000100110000000
11010110011000111011100011011101
11000110110100111000100111000000
11010110001001111011100011011101
11100110110110111000000110010000
11010110101000111011100011011101
11100110111101111100000111010101
11010110111010111011100001011101
11100110111101011100000111010111
11010110111010111011100001011101
11100110111101011100000111000111
11010100011001101111100001011101
10001111110101111100100111001011
01010100011101100111100011111101
10001111110100111100000111011101
01000100111100100001100110101101
10001111110100111000000111000000
11000110101000101001100010101101
11000110110110111000100110000000
11010110000001111011100010010101
11100110111111001100100110000001
11010111010001111110101011011111
11100111111101101100000111010101
11010011010100100110001011111111
11101111111101111100000101011101
01000100111100110011100101111111
00000110100111010001000111000101
10100100010100101101100011100101
11101010110101111000100000001010
11010001101011011010101000011100
11100110111110011100100110010110
01010110000101100111101011110111
11100111111100110100000101011101
10000110111110100001100101111111
11000110100101011000100001001011
11010100001000111011100111010101
10000110100110011100100110000110
00110100000101100111101011110111
11100111111110110101010110000100
10010110000001101000100011011111
11100111111101111100010100000101
10001111011100111001000001111111
11100110111101001000100001011011
01000101011100111011000111011100
10101110101111011000100110010000
00110100001100001111101011110110
11100110111111111100000100011100
11010110011100100111101011111111
11100111111101111100010100011101
11000110011100110011000001111111
11100110111101011000010100011001
11000110111110111001000001011111
11100110111101011000010001011111
11000110111110111001000001111101
10100110101101011000010001001011
11000100101110111011100001011101
10100110101101011000100001001011
11010100001010111011100001010101
10101110100101011100100011001110
01010100101110100111100001111101
10000110100100111000100011001110
11000100101110101011100000111101
10000110110100111000100011001110
11000110101000101011100000111101
10000110110100111000100111000010
11010100001001111011100010011101
11000110110110111000100111000010
11010100001001111011100011011101
11000110110110111000100111000110
11010110001001111111101011011101
11100110110110111100100111000111
11010110011001101111101011011111
11100110111111111100000111010101
11010110011001100111101011011111
11101111110101111100000011011111
01000100111100100111100101111101
10001111110100111000000111000000
11000100111100101001100010101101
10001111110100111100000111011100
11000110101100101001100100101101
10000110110100111000100011001000
11000110101010111001100010011101
11000110110101011000100011000010
11010100001011111011101011010101
11000110110111001000100110000011
01010100001001111111101011010101
11100110110110111100100110010100
01010110010101000110101011010111
11100111111110110100000110011100
11010110110110100010100001111111
01100110101110110101000111000111
10100110010100100101100101101101
11101011110101111100100000001010
11000001111011011010101100111100
10000110100111011000100110000010
01010100001001101111101011010111
11100110111110110100000110010100
10010110100110100011101001111111
11100110110101011000100001001011
11010100011010111011100101011101
10101110100101111100100011001111
00110100011100100111100101111101
11000110100111011000100110000000
11010100001001101011100011010111
11100111111110111100000110000100
10010111010101100110101001111111
11100111111101111100100100011001
11000101011100110011100111111101
11100110101101011000100010010011
11010100001000111011101011010101
11100110111111011100100110000110
01010110011101100111101001110111
11100111111101111100000100000100
11010110011101101111100001110111
11100111110111111000000110000000
11010110011001111011100011011111
11100111111101111100000100010101
11010110011000111011100011011111
11100111111101111100010101010001
11000110111010111001000001011111
11100110111101011000010001011011
11000100111010111011000001011111
10100110111101011100010001011111
11000110101110100011000001111101
10100110101101011000010001001111
11000110101110101001100001111101
10100110100101011000010001001110
11000100101110101001100000111101
10000110100101011000100001001010
11000100001010101011100000011101
10000110100111011000100011000010
11010100001001111011100011010101
11000110110111011000100111000010
11010100001001101111101011010101
11000110110110011000100111000110
11010100001001100111101011010101
11000110110110111100100111000111
11010110011001100111101011010111
10001111110100111100000111011101
11000110111110100101100101101101
10001111110100111100000011000101
11000110111100101001100100101101
10000111110110111000010111000000
11000110101000101001100000101101
11000110110111111000110110010000
11010110101010111001100010011101
11100110111101001000100010011011
11010110101010111011101011011101
10101110111101001000100011011111
01010100001110010111101101010100
10101110101111011000100011000110
01010100001111100111101011110111
11000110100110011101100110000100
11010110000001101110101011010111
01000111100110110101000111000101
10100110010100100101100101101111
01101011110101110100100011010001
11000000111001000010100000011111
01001110100111010001100111000001
11010000110001100011100010011101
01001110100110010101100111000001
11010000110001100110100010011111
01001110110111010101100111000001
11000000110001100010100010011111
01001111110110110101100111010001
11000000110001000010100010011111
01001110110111010001100111000011
11000000110001110011100010011101
01001110100110010101100111010001
11010000110001100110100010011111
01001110110110110101100111000001
11000000110001100010100010011111
01001110110111010101100111000001
11010001110001100110100010011111
01001111110110110101100111010001
11010001110001000110100010011111
01001111110110110101100111010001
11000001110001100110100010011111
01001111110110110101100111000001
11000001110001100110100010011111
01001111110110110101101111000001
11010001110001100110100010011111
01001111110110110101101111000001
11010001110001100110100010011111
01001111110110110101101111000001
11000001110001100110100010011111
01001111110110110101000111010001
11000001110001100100100010011111
01001111110110110101000111010001
11000011110001100000100010011111
01001111110110110101000111010001
11000011110001110001100010011111
01001111110111110101000111010001
11000000110001110001100010011101
01001110110111010101100111010001
11000000110001110011100010011101
01001110110111010101100111010001
11000000110001100011100010011101
01001110110111010101100111010001
11010000110001100111100010011101
01001110110110010101100111010001
11010000110001100111100010011101
01001111110110110101000111010001
11000010110001000000100010011111
01001111110111110101000111010001
11000010110010110001100000011101
01101010101111010101000011010001
11000010101011111001100000011101
01100010101111010101100111000011
11000000111011101011000000011101
01101110111111001101100111000011
01010000110001100111001011011111
01101110110111010101100111010001
01010000110001000110101011011111
01001111110111010101100111010001
11010000110001000110100010011111
01001111110110110101100111010001
11000000110001000010100010011111
01000111100110110101001111010001
10000010110000100001100010011111
